Date,Symbol,Long,Short,Change Long,Change Short,Net positions,Total positions,Open interest
2021-07-13 00:00:00,SWISS FRANC ,18074,10937,-1156,1869,7137,29011,45704
2021-07-06 00:00:00,SWISS FRANC ,19230,9068,289,1192,10162,28298,44739
2021-06-01 00:00:00,SWISS FRANC ,13940,13616,1717,190,324,27556,46004
2021-06-08 00:00:00,SWISS FRANC ,12649,11573,-1291,-2043,1076,24222,49202
2021-06-15 00:00:00,SWISS FRANC ,14875,5488,2226,-6085,9387,20363,37057
2021-06-22 00:00:00,SWISS FRANC ,20980,7428,6105,1940,13552,28408,41889
2021-06-29 00:00:00,SWISS FRANC ,18941,7876,-2039,448,11065,26817,42684
2021-05-04 00:00:00,SWISS FRANC ,10276,10220,-840,-1582,56,20496,39526
2021-05-11 00:00:00,SWISS FRANC ,10381,13232,105,3012,-2851,23613,41585
2021-05-18 00:00:00,SWISS FRANC ,11115,15380,734,2148,-4265,26495,44162
2021-05-25 00:00:00,SWISS FRANC ,12223,13426,1108,-1954,-1203,25649,43521
2021-04-06 00:00:00,SWISS FRANC ,15690,12445,-396,628,3245,28135,43677
2021-04-13 00:00:00,SWISS FRANC ,12965,12141,-2725,-304,824,25106,42423
2021-04-20 00:00:00,SWISS FRANC ,11264,12906,-1701,765,-1642,24170,41266
2021-04-27 00:00:00,SWISS FRANC ,11116,11802,-148,-1104,-686,22918,40783
2021-03-02 00:00:00,SWISS FRANC ,21863,9602,302,-436,12261,31465,52707
2021-03-09 00:00:00,SWISS FRANC ,23614,9221,1751,-381,14393,32835,57348
2021-03-16 00:00:00,SWISS FRANC ,13297,8626,-10317,-595,4671,21923,37985
2021-03-23 00:00:00,SWISS FRANC ,12458,9586,-839,960,2872,22044,38302
2021-03-30 00:00:00,SWISS FRANC ,16086,11817,3628,2231,4269,27903,42770
2021-02-02 00:00:00,SWISS FRANC ,22159,7518,4521,-28,14641,29677,50832
2021-02-09 00:00:00,SWISS FRANC ,18778,7370,-3381,-148,11408,26148,48656
2021-02-16 00:00:00,SWISS FRANC ,15745,7374,-3033,4,8371,23119,48093
2021-02-23 00:00:00,SWISS FRANC ,21561,10038,5816,2664,11523,31599,53002
2021-01-05 00:00:00,SWISS FRANC ,17386,8014,-4110,-1695,9372,25400,49028
2021-01-12 00:00:00,SWISS FRANC ,20421,8446,3035,432,11975,28867,50164
2021-01-19 00:00:00,SWISS FRANC ,17706,8286,-2715,-160,9420,25992,48530
2021-01-26 00:00:00,SWISS FRANC ,17638,7546,-68,-740,10092,25184,48337
2020-12-01 00:00:00,SWISS FRANC ,19860,5209,-257,78,14651,25069,51683
2020-12-08 00:00:00,SWISS FRANC ,16693,6270,-3167,1061,10423,22963,54922
2020-12-15 00:00:00,SWISS FRANC ,17177,7886,484,1616,9291,25063,48913
2020-12-21 00:00:00,SWISS FRANC ,23286,12042,6109,4156,11244,35328,53305
2020-12-29 00:00:00,SWISS FRANC ,21496,9709,-1790,-2333,11787,31205,52404
2020-11-03 00:00:00,SWISS FRANC ,20775,5880,-1414,-806,14895,26655,51092
2020-11-10 00:00:00,SWISS FRANC ,21403,5539,628,-341,15864,26942,52528
2020-11-17 00:00:00,SWISS FRANC ,19929,5005,-1474,-534,14924,24934,50775
2020-11-24 00:00:00,SWISS FRANC ,20117,5131,188,126,14986,25248,50388
2020-10-06 00:00:00,SWISS FRANC ,16941,3845,-2225,-2580,13096,20786,45038
2020-10-13 00:00:00,SWISS FRANC ,16896,4724,-45,879,12172,21620,47725
2020-10-20 00:00:00,SWISS FRANC ,21682,7283,4786,2559,14399,28965,52755
2020-10-27 00:00:00,SWISS FRANC ,22189,6686,507,-597,15503,28875,52735
2020-09-01 00:00:00,SWISS FRANC ,19263,7666,919,1188,11597,26929,54037
2020-09-08 00:00:00,SWISS FRANC ,18440,6913,-823,-753,11527,25353,52562
2020-09-15 00:00:00,SWISS FRANC ,18649,6583,209,-330,12066,25232,52411
2020-09-22 00:00:00,SWISS FRANC ,21684,5768,3035,-815,15916,27452,51875
2020-09-29 00:00:00,SWISS FRANC ,19166,6425,-2518,657,12741,25591,47666
2020-08-04 00:00:00,SWISS FRANC ,21760,10100,4106,888,11660,31860,56772
2020-08-11 00:00:00,SWISS FRANC ,23084,5919,1324,-4181,17165,29003,56592
2020-08-18 00:00:00,SWISS FRANC ,20774,6267,-2310,348,14507,27041,56114
2020-08-25 00:00:00,SWISS FRANC ,18344,6478,-2430,211,11866,24822,53085
2020-07-07 00:00:00,SWISS FRANC ,12832,9054,36,596,3778,21886,45115
2020-07-14 00:00:00,SWISS FRANC ,16526,9469,3694,415,7057,25995,48430
2020-07-21 00:00:00,SWISS FRANC ,17761,10382,1235,913,7379,28143,51006
2020-07-28 00:00:00,SWISS FRANC ,17654,9212,-107,-1170,8442,26866,51799
2020-06-02 00:00:00,SWISS FRANC ,13364,4375,118,-132,8989,17739,40352
2020-06-09 00:00:00,SWISS FRANC ,10463,8697,-2901,4322,1766,19160,41580
2020-06-16 00:00:00,SWISS FRANC ,9150,7544,-1313,-1153,1606,16694,35733
2020-06-23 00:00:00,SWISS FRANC ,11739,10291,2589,2747,1448,22030,42299
2020-06-30 00:00:00,SWISS FRANC ,12796,8458,1057,-1833,4338,21254,41400
2020-05-05 00:00:00,SWISS FRANC ,12967,5176,493,-1722,7791,18143,36257
2020-05-12 00:00:00,SWISS FRANC ,12624,5976,-343,800,6648,18600,40469
2020-05-19 00:00:00,SWISS FRANC ,13678,4950,1054,-1026,8728,18628,38746
2020-05-26 00:00:00,SWISS FRANC ,13246,4507,-432,-443,8739,17753,39072
2020-04-07 00:00:00,SWISS FRANC ,11186,5582,797,140,5604,16768,30391
2020-04-14 00:00:00,SWISS FRANC ,11608,6951,422,1369,4657,18559,32718
2020-04-21 00:00:00,SWISS FRANC ,12731,7807,1123,856,4924,20538,35026
2020-04-28 00:00:00,SWISS FRANC ,12474,6898,-257,-909,5576,19372,36326
2020-03-03 00:00:00,SWISS FRANC ,14727,17969,-5187,-1329,-3242,32696,54436
2020-03-10 00:00:00,SWISS FRANC ,13460,12865,-1267,-5104,595,26325,50474
2020-03-17 00:00:00,SWISS FRANC ,13963,6589,503,-6276,7374,20552,35254
2020-03-24 00:00:00,SWISS FRANC ,10294,5403,-3669,-1186,4891,15697,30767
2020-03-31 00:00:00,SWISS FRANC ,10389,5442,95,39,4947,15831,29657
2020-02-04 00:00:00,SWISS FRANC ,14261,9342,1292,-130,4919,23603,49855
2020-02-11 00:00:00,SWISS FRANC ,15937,12170,1676,2828,3767,28107,51465
2020-02-18 00:00:00,SWISS FRANC ,17057,15516,1120,3346,1541,32573,52520
2020-02-25 00:00:00,SWISS FRANC ,19914,19298,2857,3782,616,39212,57192
2020-01-07 00:00:00,SWISS FRANC ,11298,15767,-3251,-4507,-4469,27065,49365
2020-01-14 00:00:00,SWISS FRANC ,12417,12609,1119,-3158,-192,25026,49118
2020-01-21 00:00:00,SWISS FRANC ,12375,10839,-42,-1770,1536,23214,50368
2020-01-28 00:00:00,SWISS FRANC ,12969,9472,594,-1367,3497,22441,51440
2019-12-03 00:00:00,SWISS FRANC ,15119,37406,352,1664,-22287,52525,79183
2019-12-10 00:00:00,SWISS FRANC ,10182,31047,-4937,-6359,-20865,41229,75650
2019-12-17 00:00:00,SWISS FRANC ,13762,24836,3580,-6211,-11074,38598,61630
2019-12-31 00:00:00,SWISS FRANC ,14549,20274,33,-3921,-5725,34823,55514
2019-11-05 00:00:00,SWISS FRANC ,14048,28201,-286,1383,-14153,42249,67855
2019-11-12 00:00:00,SWISS FRANC ,12824,27944,-1224,-257,-15120,40768,68066
2019-11-19 00:00:00,SWISS FRANC ,11573,27765,-1251,-179,-16192,39338,68223
2019-11-26 00:00:00,SWISS FRANC ,14767,35742,3194,7977,-20975,50509,77318
2019-10-01 00:00:00,SWISS FRANC ,18245,29780,3966,4949,-11535,48025,65484
2019-10-08 00:00:00,SWISS FRANC ,15252,26299,-2993,-3481,-11047,41551,64837
2019-10-15 00:00:00,SWISS FRANC ,13534,26300,-1718,1,-12766,39834,64763
2019-10-22 00:00:00,SWISS FRANC ,13051,24386,-483,-1914,-11335,37437,61619
2019-10-29 00:00:00,SWISS FRANC ,14334,26818,1283,2432,-12484,41152,65712
2019-09-03 00:00:00,SWISS FRANC ,16362,22201,2127,4166,-5839,38563,60867
2019-09-10 00:00:00,SWISS FRANC ,16087,18979,-275,-3222,-2892,35066,64165
2019-09-17 00:00:00,SWISS FRANC ,15125,19681,-962,702,-4556,34806,52487
2019-09-24 00:00:00,SWISS FRANC ,14279,24831,-846,5150,-10552,39110,56934
2019-08-06 00:00:00,SWISS FRANC ,8395,24826,-2426,-483,-16431,33221,56716
2019-08-13 00:00:00,SWISS FRANC ,7760,20712,-635,-4114,-12952,28472,54267
2019-08-20 00:00:00,SWISS FRANC ,7925,19042,165,-1670,-11117,26967,54941
2019-08-27 00:00:00,SWISS FRANC ,14235,18035,6310,-1007,-3800,32270,55251
2019-07-02 00:00:00,SWISS FRANC ,5672,16414,-1358,-7097,-10742,22086,50766
2019-07-09 00:00:00,SWISS FRANC ,7149,17577,1477,1163,-10428,24726,51844
2019-07-16 00:00:00,SWISS FRANC ,5962,17694,-1187,117,-11732,23656,52203
2019-07-23 00:00:00,SWISS FRANC ,6886,20079,924,2385,-13193,26965,53369
2019-07-30 00:00:00,SWISS FRANC ,10821,25309,3935,5230,-14488,36130,57805
2019-06-04 00:00:00,SWISS FRANC ,4541,40606,-103,1287,-36065,45147,82843
2019-06-11 00:00:00,SWISS FRANC ,4466,29254,-75,-11352,-24788,33720,72177
2019-06-18 00:00:00,SWISS FRANC ,6317,21801,1851,-7453,-15484,28118,58961
2019-06-25 00:00:00,SWISS FRANC ,7030,23511,713,1710,-16481,30541,55740
2019-05-07 00:00:00,SWISS FRANC ,12383,51962,-1856,-2023,-39579,64345,101595
2019-05-14 00:00:00,SWISS FRANC ,7646,47656,-4737,-4306,-40010,55302,93782
2019-05-21 00:00:00,SWISS FRANC ,5270,42765,-2376,-4891,-37495,48035,88283
2019-05-28 00:00:00,SWISS FRANC ,4644,39319,-626,-3446,-34675,43963,85660
2019-04-02 00:00:00,SWISS FRANC ,7280,33546,1521,492,-26266,40826,73617
2019-04-09 00:00:00,SWISS FRANC ,7285,35431,5,1885,-28146,42716,74157
2019-04-16 00:00:00,SWISS FRANC ,6571,39155,-714,3724,-32584,45726,81940
2019-04-23 00:00:00,SWISS FRANC ,9639,47175,3068,8020,-37536,56814,94115
2019-04-30 00:00:00,SWISS FRANC ,14239,53985,4600,6810,-39746,68224,102722
2019-03-05 00:00:00,SWISS FRANC ,11993,36097,3216,1971,-24104,48090,79621
2019-03-12 00:00:00,SWISS FRANC ,12174,35479,181,-618,-23305,47653,85572
2019-03-19 00:00:00,SWISS FRANC ,7626,34815,-4548,-664,-27189,42441,75896
2019-03-26 00:00:00,SWISS FRANC ,5759,33054,-1867,-1761,-27295,38813,72539
2019-02-05 00:00:00,SWISS FRANC ,9664,27778,2838,2872,-18114,37442,68402
2019-02-12 00:00:00,SWISS FRANC ,10246,30926,582,3148,-20680,41172,72014
2019-02-19 00:00:00,SWISS FRANC ,9497,32847,-749,1921,-23350,42344,74612
2019-02-26 00:00:00,SWISS FRANC ,8777,34126,-720,1279,-25349,42903,75277
2019-01-08 00:00:00,SWISS FRANC ,5724,28910,-207,-2551,-23186,34634,67100
2019-01-15 00:00:00,SWISS FRANC ,5870,21164,146,-7746,-15294,27034,62523
2019-01-22 00:00:00,SWISS FRANC ,6091,22493,221,1329,-16402,28584,63095
2019-01-29 00:00:00,SWISS FRANC ,6826,24906,735,2413,-18080,31732,65004
2018-12-04 00:00:00,SWISS FRANC ,17913,37708,1042,-231,-19795,55621,79008
2018-12-11 00:00:00,SWISS FRANC ,16858,35125,-1055,-2583,-18267,51983,81518
2018-12-18 00:00:00,SWISS FRANC ,8437,31363,-8421,-3762,-22926,39800,70943
2018-12-24 00:00:00,SWISS FRANC ,6830,30159,-1607,-1204,-23329,36989,70711
2018-12-31 00:00:00,SWISS FRANC ,5931,31461,-899,1302,-25530,37392,67730
2018-11-06 00:00:00,SWISS FRANC ,16747,36695,-2104,3322,-19948,53442,77205
2018-11-13 00:00:00,SWISS FRANC ,15841,34443,-906,-2252,-18602,50284,77629
2018-11-20 00:00:00,SWISS FRANC ,17418,37043,1577,2600,-19625,54461,81100
2018-11-27 00:00:00,SWISS FRANC ,16871,37939,-547,896,-21068,54810,78973
2018-10-02 00:00:00,SWISS FRANC ,11848,25250,1454,-1227,-13402,37098,54650
2018-10-09 00:00:00,SWISS FRANC ,14990,27793,3142,2543,-12803,42783,61862
2018-10-16 00:00:00,SWISS FRANC ,13505,30029,-1485,2236,-16524,43534,64635
2018-10-23 00:00:00,SWISS FRANC ,13213,30318,-292,289,-17105,43531,69685
2018-10-30 00:00:00,SWISS FRANC ,18851,33373,5638,3055,-14522,52224,75835
2018-09-04 00:00:00,SWISS FRANC ,7973,48367,2089,-2261,-40394,56340,80733
2018-09-11 00:00:00,SWISS FRANC ,7676,43026,-297,-5341,-35350,50702,79879
2018-09-18 00:00:00,SWISS FRANC ,9875,28313,2199,-14713,-18438,38188,54251
2018-09-29 00:00:00,SWISS FRANC ,10394,26477,519,-1836,-16083,36871,53927
2018-08-07 00:00:00,SWISS FRANC ,5728,51836,-462,1224,-46108,57564,90930
2018-08-14 00:00:00,SWISS FRANC ,5424,51273,-304,-563,-45849,56697,90768
2018-08-21 00:00:00,SWISS FRANC ,6302,53520,878,2247,-47218,59822,90905
2018-08-28 00:00:00,SWISS FRANC ,5884,50628,-418,-2892,-44744,56512,85366
2018-07-03 00:00:00,SWISS FRANC ,9599,50093,-3643,-1180,-40494,59692,91196
2018-07-10 00:00:00,SWISS FRANC ,8308,48429,-1291,-1664,-40121,56737,89910
2018-07-17 00:00:00,SWISS FRANC ,7320,49463,-988,1034,-42143,56783,91952
2018-07-24 00:00:00,SWISS FRANC ,4764,50572,-2556,1109,-45808,55336,91838
2018-07-31 00:00:00,SWISS FRANC ,6190,50612,1426,40,-44422,56802,91099
2018-06-05 00:00:00,SWISS FRANC ,16349,55565,-3395,-7610,-39216,71914,100867
2018-06-12 00:00:00,SWISS FRANC ,13020,50265,-3329,-5300,-37245,63285,101245
2018-06-19 00:00:00,SWISS FRANC ,18837,50794,5817,529,-31957,69631,93601
2018-06-26 00:00:00,SWISS FRANC ,13242,51273,-5595,479,-38031,64515,92933
2018-05-01 00:00:00,SWISS FRANC ,28810,48266,-566,8665,-19456,77076,84228
2018-05-08 00:00:00,SWISS FRANC ,25690,58292,-3120,10026,-32602,83982,97900
2018-05-15 00:00:00,SWISS FRANC ,25724,62117,34,3825,-36393,87841,103691
2018-05-22 00:00:00,SWISS FRANC ,25386,62697,-338,580,-37311,88083,104258
2018-05-29 00:00:00,SWISS FRANC ,19744,63175,-5642,478,-43431,82919,107190
2018-04-03 00:00:00,SWISS FRANC ,17908,27819,1916,2382,-9911,45727,48734
2018-04-10 00:00:00,SWISS FRANC ,18370,29114,462,1295,-10744,47484,51144
2018-04-17 00:00:00,SWISS FRANC ,24967,35488,6597,6374,-10521,60455,59012
2018-04-24 00:00:00,SWISS FRANC ,29376,39601,4409,4113,-10225,68977,71004
2018-03-06 00:00:00,SWISS FRANC ,17945,26422,2057,-5465,-8477,44367,62349
2018-03-13 00:00:00,SWISS FRANC ,17190,23762,-755,-2660,-6572,40952,63221
2018-03-20 00:00:00,SWISS FRANC ,17431,25677,241,1915,-8246,43108,44305
2018-03-27 00:00:00,SWISS FRANC ,15992,25437,-1439,-240,-9445,41429,44649
2018-02-06 00:00:00,SWISS FRANC ,16898,37139,225,139,-20241,54037,73968
2018-02-13 00:00:00,SWISS FRANC ,17763,37688,865,549,-19925,55451,74651
2018-02-20 00:00:00,SWISS FRANC ,17063,32851,-700,-4837,-15788,49914,69137
2018-02-27 00:00:00,SWISS FRANC ,15888,31887,-1175,-964,-15999,47775,69018
2018-01-02 00:00:00,SWISS FRANC ,24984,41216,-6975,-4645,-16232,66200,75662
2018-01-09 00:00:00,SWISS FRANC ,18523,40445,-6461,-771,-21922,58968,77070
2018-01-16 00:00:00,SWISS FRANC ,14233,35339,-4290,-5106,-21106,49572,70214
2018-01-23 00:00:00,SWISS FRANC ,14245,36360,12,1021,-22115,50605,71767
2018-01-30 00:00:00,SWISS FRANC ,16673,37000,2428,640,-20327,53673,72587
2017-12-05 00:00:00,SWISS FRANC ,17891,47458,310,-307,-29567,65349,80778
2017-12-12 00:00:00,SWISS FRANC ,19349,48114,1458,656,-28765,67463,95115
2017-12-19 00:00:00,SWISS FRANC ,29875,47270,10526,-844,-17395,77145,78872
2017-12-26 00:00:00,SWISS FRANC ,31959,45861,2084,-1409,-13902,77820,81655
2017-11-07 00:00:00,SWISS FRANC ,19568,44678,-1433,3006,-25110,64246,79116
2017-11-14 00:00:00,SWISS FRANC ,19470,47453,-98,2775,-27983,66923,81661
2017-11-21 00:00:00,SWISS FRANC ,20821,50561,1351,3108,-29740,71382,82906
2017-11-28 00:00:00,SWISS FRANC ,17581,47765,-3240,-2796,-30184,65346,79544
2017-10-03 00:00:00,SWISS FRANC ,17614,20907,2688,4119,-3293,38521,44571
2017-10-10 00:00:00,SWISS FRANC ,18211,22473,597,1566,-4262,40684,49039
2017-10-17 00:00:00,SWISS FRANC ,22174,27105,3963,4632,-4931,49279,55168
2017-10-24 00:00:00,SWISS FRANC ,22539,34136,365,7031,-11597,56675,63892
2017-10-31 00:00:00,SWISS FRANC ,21001,41672,-1538,7536,-20671,62673,74717
2017-09-05 00:00:00,SWISS FRANC ,11892,14063,-1317,-924,-2171,25955,42019
2017-09-12 00:00:00,SWISS FRANC ,13556,14870,1664,807,-1314,28426,44076
2017-09-19 00:00:00,SWISS FRANC ,13387,14956,-169,86,-1569,28343,35451
2017-09-26 00:00:00,SWISS FRANC ,14926,16788,1539,1832,-1862,31714,39765
2017-08-01 00:00:00,SWISS FRANC ,13536,12096,-1357,-4347,1440,25632,39812
2017-08-08 00:00:00,SWISS FRANC ,15268,16670,1732,4574,-1402,31938,43122
2017-08-15 00:00:00,SWISS FRANC ,12556,13737,-2712,-2933,-1181,26293,39380
2017-08-22 00:00:00,SWISS FRANC ,12168,14155,-388,418,-1987,26323,40420
2017-08-29 00:00:00,SWISS FRANC ,13209,14987,1041,832,-1778,28196,42067
2017-07-03 00:00:00,SWISS FRANC ,10928,11041,-290,-4846,-113,21969,38491
2017-07-11 00:00:00,SWISS FRANC ,10359,10151,-569,-890,208,20510,37943
2017-07-18 00:00:00,SWISS FRANC ,13832,17499,3473,7348,-3667,31331,43183
2017-07-25 00:00:00,SWISS FRANC ,14893,16443,1061,-1056,-1550,31336,45005
2017-06-06 00:00:00,SWISS FRANC ,6752,23307,-1983,-3940,-16555,30059,51728
2017-06-13 00:00:00,SWISS FRANC ,8518,22978,1766,-329,-14460,31496,55138
2017-06-20 00:00:00,SWISS FRANC ,11275,14257,2757,-8721,-2982,25532,35051
2017-06-27 00:00:00,SWISS FRANC ,11218,15887,-57,1630,-4669,27105,37364
2017-05-02 00:00:00,SWISS FRANC ,4448,22156,-3206,-2815,-17708,26604,43343
2017-05-09 00:00:00,SWISS FRANC ,8480,23676,4032,1520,-15196,32156,48410
2017-05-16 00:00:00,SWISS FRANC ,3946,25108,-4534,1432,-21162,29054,48928
2017-05-23 00:00:00,SWISS FRANC ,6118,25903,2172,795,-19785,32021,51178
2017-05-30 00:00:00,SWISS FRANC ,8735,27247,2617,1344,-18512,35982,54403
2017-04-04 00:00:00,SWISS FRANC ,5694,19519,-1192,-3759,-13825,25213,39010
2017-04-11 00:00:00,SWISS FRANC ,13107,23235,7413,3716,-10128,36342,46768
2017-04-18 00:00:00,SWISS FRANC ,10830,24632,-2277,1397,-13802,35462,48435
2017-04-25 00:00:00,SWISS FRANC ,7654,24971,-3176,339,-17317,32625,46882
2017-03-07 00:00:00,SWISS FRANC ,12718,22734,9149,7351,-10016,35452,56508
2017-03-14 00:00:00,SWISS FRANC ,12950,21947,232,-787,-8997,34897,45623
2017-03-21 00:00:00,SWISS FRANC ,9089,21068,-3861,-879,-11979,30157,42613
2017-03-28 00:00:00,SWISS FRANC ,6886,23278,-2203,2210,-16392,30164,42124
2017-02-07 00:00:00,SWISS FRANC ,7059,21680,247,-2272,-14621,28739,48883
2017-02-14 00:00:00,SWISS FRANC ,6608,18092,-451,-3588,-11484,24700,47482
2017-02-21 00:00:00,SWISS FRANC ,6945,15881,337,-2211,-8936,22826,48398
2017-02-28 00:00:00,SWISS FRANC ,3569,15383,-3376,-498,-11814,18952,46601
2017-01-03 00:00:00,SWISS FRANC ,8565,6420,0,0,2145,14985,53455
2017-01-10 00:00:00,SWISS FRANC ,10012,24258,-1801,-994,-14246,34270,50253
2017-01-17 00:00:00,SWISS FRANC ,7166,20849,-2846,-3409,-13683,28015,45713
2017-01-24 00:00:00,SWISS FRANC ,6198,19842,-968,-1007,-13644,26040,45493
2017-01-31 00:00:00,SWISS FRANC ,6812,23952,614,4110,-17140,30764,49558
2016-12-06 00:00:00,SWISS FRANC ,9859,35256,-3168,-2105,-25397,45115,65455
2016-12-13 00:00:00,SWISS FRANC ,5600,30888,-4259,-4368,-25288,36488,64633
2016-12-20 00:00:00,SWISS FRANC ,33476,26366,27876,-4522,7110,59842,55185
2016-12-27 00:00:00,SWISS FRANC ,14303,24394,-19173,-1972,-10091,38697,54605
2016-11-01 00:00:00,SWISS FRANC ,12744,32714,-6084,-4814,-19970,45458,59698
2016-11-08 00:00:00,SWISS FRANC ,6806,30097,-5938,-2617,-23291,36903,53632
2016-11-15 00:00:00,SWISS FRANC ,7005,29199,199,-898,-22194,36204,54533
2016-11-22 00:00:00,SWISS FRANC ,9515,32415,2510,3216,-22900,41930,60191
2016-11-29 00:00:00,SWISS FRANC ,13027,37361,3512,4946,-24334,50388,67062
2016-10-04 00:00:00,SWISS FRANC ,19293,22229,6490,3470,-2936,41522,46330
2016-10-11 00:00:00,SWISS FRANC ,20146,29554,853,7325,-9408,49700,55747
2016-10-18 00:00:00,SWISS FRANC ,18329,34706,-1817,5152,-16377,53035,63226
2016-10-25 00:00:00,SWISS FRANC ,18828,37528,499,2822,-18700,56356,67211
2016-09-06 00:00:00,SWISS FRANC ,22819,21368,-1738,5019,1451,44187,45795
2016-09-13 00:00:00,SWISS FRANC ,20853,19505,-1966,-1863,1348,40358,44748
2016-09-20 00:00:00,SWISS FRANC ,27281,18868,6428,-637,8413,46149,40838
2016-09-27 00:00:00,SWISS FRANC ,12803,18759,-14478,-109,-5956,31562,38969
2016-08-02 00:00:00,SWISS FRANC ,21216,22931,-5591,-2930,-1715,44147,44853
2016-08-09 00:00:00,SWISS FRANC ,20426,20319,-790,-2612,107,40745,43405
2016-08-16 00:00:00,SWISS FRANC ,19996,21541,-430,1222,-1545,41537,42786
2016-08-23 00:00:00,SWISS FRANC ,20921,19036,925,-2505,1885,39957,39554
2016-08-30 00:00:00,SWISS FRANC ,24557,16349,3636,-2687,8208,40906,42294
2016-07-05 00:00:00,SWISS FRANC ,22474,13796,-431,1758,8678,36270,34796
2016-07-12 00:00:00,SWISS FRANC ,23330,16612,856,2816,6718,39942,39010
2016-07-19 00:00:00,SWISS FRANC ,23191,18504,-139,1892,4687,41695,41766
2016-07-26 00:00:00,SWISS FRANC ,26807,25861,3616,7357,946,52668,51507
2016-06-07 00:00:00,SWISS FRANC ,21644,31289,-2647,7127,-9645,52933,62626
2016-06-14 00:00:00,SWISS FRANC ,28492,21362,6848,-9927,7130,49854,43110
2016-06-21 00:00:00,SWISS FRANC ,24016,17635,-4476,-3727,6381,41651,38535
2016-06-28 00:00:00,SWISS FRANC ,22905,12038,-1111,-5597,10867,34943,35507
2016-05-03 00:00:00,SWISS FRANC ,21297,14468,-2693,-257,6829,35765,41656
2016-05-10 00:00:00,SWISS FRANC ,22674,15757,1377,1289,6917,38431,42701
2016-05-17 00:00:00,SWISS FRANC ,22463,18316,-211,2559,4147,40779,44754
2016-05-24 00:00:00,SWISS FRANC ,24884,20930,2421,2614,3954,45814,52142
2016-05-31 00:00:00,SWISS FRANC ,24291,24162,-593,3232,129,48453,57175
2016-04-05 00:00:00,SWISS FRANC ,16564,10915,-1368,-2370,5649,27479,36411
2016-04-12 00:00:00,SWISS FRANC ,17478,9240,914,-1675,8238,26718,39757
2016-04-19 00:00:00,SWISS FRANC ,19859,10449,2381,1209,9410,30308,43212
2016-04-26 00:00:00,SWISS FRANC ,23990,14725,4131,4276,9265,38715,42860
2016-03-01 00:00:00,SWISS FRANC ,19723,21230,-490,-1304,-1507,40953,47634
2016-03-08 00:00:00,SWISS FRANC ,19735,19864,12,-1366,-129,39599,49744
2016-03-15 00:00:00,SWISS FRANC ,22619,17357,2884,-2507,5262,39976,40250
2016-03-22 00:00:00,SWISS FRANC ,19391,15205,-3228,-2152,4186,34596,37656
2016-03-29 00:00:00,SWISS FRANC ,17932,13285,-1459,-1920,4647,31217,35601
2016-02-02 00:00:00,SWISS FRANC ,25970,30665,1038,1230,-4695,56635,59370
2016-02-09 00:00:00,SWISS FRANC ,20356,27624,-5614,-3041,-7268,47980,52701
2016-02-16 00:00:00,SWISS FRANC ,20141,24507,-215,-3117,-4366,44648,48564
2016-02-23 00:00:00,SWISS FRANC ,20213,22534,72,-1973,-2321,42747,47838
2016-01-05 00:00:00,SWISS FRANC ,26419,22799,-417,-473,3620,49218,50276
2016-01-12 00:00:00,SWISS FRANC ,24484,21160,-1935,-1639,3324,45644,46428
2016-01-19 00:00:00,SWISS FRANC ,25191,24285,707,3125,906,49476,49290
2016-01-26 00:00:00,SWISS FRANC ,24932,29435,-259,5150,-4503,54367,55694
2015-12-01 00:00:00,SWISS FRANC ,18313,43102,-1,2579,-24789,61415,78546
2015-12-08 00:00:00,SWISS FRANC ,11538,37078,-6775,-6024,-25540,48616,77258
2015-12-15 00:00:00,SWISS FRANC ,29710,27759,18172,-9319,1951,57469,52468
2015-12-22 00:00:00,SWISS FRANC ,27646,24894,-2064,-2865,2752,52540,50265
2015-12-29 00:00:00,SWISS FRANC ,26836,23272,-810,-1622,3564,50108,49114
2015-11-03 00:00:00,SWISS FRANC ,17792,24827,3845,12379,-7035,42619,51953
2015-11-10 00:00:00,SWISS FRANC ,18945,28255,1153,3428,-9310,47200,60031
2015-11-17 00:00:00,SWISS FRANC ,19014,34343,69,6088,-15329,53357,67119
2015-11-24 00:00:00,SWISS FRANC ,18314,40523,-700,6180,-22209,58837,72945
2015-10-06 00:00:00,SWISS FRANC ,12406,16376,-860,395,-3970,28782,38826
2015-10-13 00:00:00,SWISS FRANC ,10863,13215,-1543,-3161,-2352,24078,34934
2015-10-20 00:00:00,SWISS FRANC ,11997,11372,1134,-1843,625,23369,35628
2015-10-27 00:00:00,SWISS FRANC ,13947,12448,1950,1076,1499,26395,38453
2015-09-01 00:00:00,SWISS FRANC ,5442,13945,553,-3541,-8503,19387,36203
2015-09-08 00:00:00,SWISS FRANC ,5585,12481,143,-1464,-6896,18066,40937
2015-09-15 00:00:00,SWISS FRANC ,19039,15257,13454,2776,3782,34296,37846
2015-09-22 00:00:00,SWISS FRANC ,13722,15598,-5317,341,-1876,29320,36981
2015-09-29 00:00:00,SWISS FRANC ,13266,15981,-456,383,-2715,29247,38229
2015-08-04 00:00:00,SWISS FRANC ,11364,12830,1603,3193,-1466,24194,37399
2015-08-11 00:00:00,SWISS FRANC ,9668,16680,-1696,3850,-7012,26348,43677
2015-08-18 00:00:00,SWISS FRANC ,8183,18051,-1485,1371,-9868,26234,43588
2015-08-25 00:00:00,SWISS FRANC ,4889,17486,-3294,-565,-12597,22375,37901
2015-07-07 00:00:00,SWISS FRANC ,9225,3104,-334,400,6121,12329,23740
2015-07-14 00:00:00,SWISS FRANC ,6498,3417,-2727,313,3081,9915,22390
2015-07-21 00:00:00,SWISS FRANC ,9881,6464,3383,3047,3417,16345,28424
2015-07-28 00:00:00,SWISS FRANC ,9761,9637,-120,3173,124,19398,32365
2015-06-02 00:00:00,SWISS FRANC ,12514,4155,1312,1283,8359,16669,32449
2015-06-09 00:00:00,SWISS FRANC ,13515,3386,1001,-769,10129,16901,33813
2015-06-16 00:00:00,SWISS FRANC ,8858,3500,-4657,114,5358,12358,19852
2015-06-23 00:00:00,SWISS FRANC ,9910,2838,1052,-662,7072,12748,21869
2015-06-30 00:00:00,SWISS FRANC ,9559,2704,-351,-134,6855,12263,21472
2015-05-05 00:00:00,SWISS FRANC ,14174,8843,3030,-966,5331,23017,34449
2015-05-12 00:00:00,SWISS FRANC ,14778,4228,604,-4615,10550,19006,33465
2015-05-19 00:00:00,SWISS FRANC ,12114,2709,-2664,-1519,9405,14823,31796
2015-05-26 00:00:00,SWISS FRANC ,11202,2872,-912,163,8330,14074,30432
2015-04-07 00:00:00,SWISS FRANC ,12746,12626,-933,-347,120,25372,33245
2015-04-14 00:00:00,SWISS FRANC ,12240,12070,-506,-556,170,24310,33935
2015-04-21 00:00:00,SWISS FRANC ,11105,10770,-1135,-1300,335,21875,31727
2015-04-28 00:00:00,SWISS FRANC ,11144,9809,39,-961,1335,20953,31585
2015-03-03 00:00:00,SWISS FRANC ,7027,13089,1799,2776,-6062,20116,40861
2015-03-10 00:00:00,SWISS FRANC ,7217,15597,190,2508,-8380,22814,52384
2015-03-17 00:00:00,SWISS FRANC ,18129,15894,10912,297,2235,34023,38889
2015-03-24 00:00:00,SWISS FRANC ,12604,16559,-5525,665,-3955,29163,36296
2015-03-31 00:00:00,SWISS FRANC ,13679,12973,1075,-3586,706,26652,34149
2015-02-03 00:00:00,SWISS FRANC ,8383,13733,-458,-2481,-5350,22116,38421
2015-02-10 00:00:00,SWISS FRANC ,5771,11257,-2612,-2476,-5486,17028,34459
2015-02-17 00:00:00,SWISS FRANC ,4740,10784,-1031,-473,-6044,15524,34204
2015-02-24 00:00:00,SWISS FRANC ,5228,10313,488,-471,-5085,15541,34765
2015-01-06 00:00:00,SWISS FRANC ,5547,29718,-3304,4322,-24171,35265,64427
2015-01-13 00:00:00,SWISS FRANC ,4922,31366,-625,1648,-26444,36288,66272
2015-01-20 00:00:00,SWISS FRANC ,8226,18035,3304,-13331,-9809,26261,47236
2015-01-27 00:00:00,SWISS FRANC ,8841,16214,615,-1821,-7373,25055,42956
2014-12-09 00:00:00,SWISS FRANC ,8971,31068,343,-482,-22097,40039,78496
2014-12-16 00:00:00,SWISS FRANC ,18905,22560,9934,-8508,-3655,41465,51377
2014-12-23 00:00:00,SWISS FRANC ,6514,23360,-12391,800,-16846,29874,55021
2014-12-30 00:00:00,SWISS FRANC ,8851,25396,2337,2036,-16545,34247,57951
2014-11-04 00:00:00,SWISS FRANC ,7844,28065,957,895,-20221,35909,59699
2014-11-11 00:00:00,SWISS FRANC ,8752,31427,908,3362,-22675,40179,61280
2014-11-18 00:00:00,SWISS FRANC ,9142,31258,390,-169,-22116,40400,60718
2014-10-07 00:00:00,SWISS FRANC ,15509,27928,3511,3373,-12419,43437,60516
2014-10-14 00:00:00,SWISS FRANC ,11113,28666,-4396,738,-17553,39779,60968
2014-10-21 00:00:00,SWISS FRANC ,7643,25505,-3470,-3161,-17862,33148,55550
2014-10-28 00:00:00,SWISS FRANC ,6887,27170,-756,1665,-20283,34057,57006
2014-09-02 00:00:00,SWISS FRANC ,9166,22333,1700,1828,-13167,31499,60436
2014-09-09 00:00:00,SWISS FRANC ,9856,23681,690,1348,-13825,33537,77317
2014-09-16 00:00:00,SWISS FRANC ,12889,24285,3033,604,-11396,37174,54929
2014-09-23 00:00:00,SWISS FRANC ,8354,21729,-4535,-2556,-13375,30083,52124
2014-09-30 00:00:00,SWISS FRANC ,11998,24555,3644,2826,-12557,36553,57223
2014-08-05 00:00:00,SWISS FRANC ,9247,28100,582,7671,-18853,37347,57238
2014-08-12 00:00:00,SWISS FRANC ,5247,22606,-4000,-5494,-17359,27853,51981
2014-08-19 00:00:00,SWISS FRANC ,6174,21666,927,-940,-15492,27840,50414
2014-08-26 00:00:00,SWISS FRANC ,7466,20505,1292,-1161,-13039,27971,53761
2014-07-01 00:00:00,SWISS FRANC ,9731,16991,662,2550,-7260,26722,35221
2014-07-08 00:00:00,SWISS FRANC ,9136,15949,-595,-1042,-6813,25085,35053
2014-07-15 00:00:00,SWISS FRANC ,8799,15061,-337,-888,-6262,23860,35007
2014-07-22 00:00:00,SWISS FRANC ,9642,17022,843,1961,-7380,26664,38359
2014-07-29 00:00:00,SWISS FRANC ,8665,20429,-977,3407,-11764,29094,44022
2014-06-03 00:00:00,SWISS FRANC ,11907,13919,348,-1512,-2012,25826,48936
2014-06-10 00:00:00,SWISS FRANC ,9615,12645,-2292,-1274,-3030,22260,52445
2014-06-17 00:00:00,SWISS FRANC ,15296,11776,5681,-869,3520,27072,32259
2014-06-24 00:00:00,SWISS FRANC ,9069,14441,-6227,2665,-5372,23510,33599
2014-05-06 00:00:00,SWISS FRANC ,25102,11918,3142,3661,13184,37020,55538
2014-05-13 00:00:00,SWISS FRANC ,16951,10145,-8151,-1773,6806,27096,45282
2014-05-20 00:00:00,SWISS FRANC ,17387,12368,436,2223,5019,29755,48803
2014-05-27 00:00:00,SWISS FRANC ,11559,15431,-5828,3063,-3872,26990,48284
2014-04-01 00:00:00,SWISS FRANC ,24800,10569,-237,351,14231,35369,47228
2014-04-08 00:00:00,SWISS FRANC ,19275,7940,-5525,-2629,11335,27215,44752
2014-04-15 00:00:00,SWISS FRANC ,23905,9839,4630,1899,14066,33744,48976
2014-04-22 00:00:00,SWISS FRANC ,21732,7709,-2173,-2130,14023,29441,46888
2014-04-29 00:00:00,SWISS FRANC ,21960,8257,228,548,13703,30217,47424
2014-03-04 00:00:00,SWISS FRANC ,21818,19650,2422,612,2168,41468,60532
2014-03-11 00:00:00,SWISS FRANC ,23097,14140,1279,-5510,8957,37237,66889
2014-03-18 00:00:00,SWISS FRANC ,25311,10195,2214,-3945,15116,35506,49391
2014-03-25 00:00:00,SWISS FRANC ,25037,10218,-274,23,14819,35255,47353
2014-02-04 00:00:00,SWISS FRANC ,13236,11016,1847,-814,2220,24252,41918
2014-02-11 00:00:00,SWISS FRANC ,12166,11611,-1070,595,555,23777,42433
2014-02-18 00:00:00,SWISS FRANC ,14188,17016,2022,5405,-2828,31204,51003
2014-02-25 00:00:00,SWISS FRANC ,19396,19038,5208,2022,358,38434,55157
2014-01-07 00:00:00,SWISS FRANC ,18813,14086,-7694,-1532,4727,32899,42087
2014-01-14 00:00:00,SWISS FRANC ,12601,15542,-6212,1456,-2941,28143,42791
2014-01-21 00:00:00,SWISS FRANC ,11645,13566,-956,-1976,-1921,25211,42110
2014-01-28 00:00:00,SWISS FRANC ,11389,11830,-256,-1736,-441,23219,40869
2013-12-03 00:00:00,SWISS FRANC ,14489,7942,1477,-418,6547,22431,45862
2013-12-10 00:00:00,SWISS FRANC ,22213,10215,7724,2273,11998,32428,64506
2013-12-17 00:00:00,SWISS FRANC ,25292,13337,3079,3122,11955,38629,47367
2013-12-24 00:00:00,SWISS FRANC ,26537,14617,1245,1280,11920,41154,51131
2013-11-05 00:00:00,SWISS FRANC ,20479,12384,-2248,1108,8095,32863,52752
2013-11-12 00:00:00,SWISS FRANC ,14122,10933,-6357,-1451,3189,25055,44399
2013-11-19 00:00:00,SWISS FRANC ,13098,9429,-1024,-1504,3669,22527,41770
2013-11-26 00:00:00,SWISS FRANC ,13012,8360,-86,-1069,4652,21372,42421
2013-10-01 00:00:00,SWISS FRANC ,17898,11262,2769,1878,6636,29160,45298
2013-10-08 00:00:00,SWISS FRANC ,20313,9898,2415,-1364,10415,30211,51017
2013-10-15 00:00:00,SWISS FRANC ,21757,10990,1444,1092,10767,32747,50287
2013-10-22 00:00:00,SWISS FRANC ,22175,11244,418,254,10931,33419,52402
2013-10-29 00:00:00,SWISS FRANC ,22727,11276,552,32,11451,34003,54705
2013-09-03 00:00:00,SWISS FRANC ,10809,9750,-787,-1444,1059,20559,40091
2013-09-10 00:00:00,SWISS FRANC ,10598,10178,-211,428,420,20776,38760
2013-09-17 00:00:00,SWISS FRANC ,9992,9376,-606,-802,616,19368,29094
2013-09-24 00:00:00,SWISS FRANC ,15129,9384,5137,8,5745,24513,39512
2013-08-06 00:00:00,SWISS FRANC ,8756,9081,-775,-1711,-325,17837,34942
2013-08-13 00:00:00,SWISS FRANC ,10626,8490,1870,-591,2136,19116,37584
2013-08-20 00:00:00,SWISS FRANC ,12061,11770,1435,3280,291,23831,41138
2013-08-27 00:00:00,SWISS FRANC ,11596,11194,-465,-576,402,22790,41682
2013-07-02 00:00:00,SWISS FRANC ,8919,9035,-1013,1567,-116,17954,31795
2013-07-09 00:00:00,SWISS FRANC ,12307,14083,3388,5048,-1776,26390,39437
2013-07-16 00:00:00,SWISS FRANC ,10754,15723,-1553,1640,-4969,26477,40258
2013-07-23 00:00:00,SWISS FRANC ,6339,11772,-4415,-3951,-5433,18111,34906
2013-07-30 00:00:00,SWISS FRANC ,9531,10792,3192,-980,-1261,20323,34099
2013-06-04 00:00:00,SWISS FRANC ,5871,31674,-2065,-5234,-25803,37545,64552
2013-06-11 00:00:00,SWISS FRANC ,6576,27314,705,-4360,-20738,33890,65244
2013-06-18 00:00:00,SWISS FRANC ,14977,9186,8401,-18128,5791,24163,33846
2013-06-25 00:00:00,SWISS FRANC ,9932,7468,-5045,-1718,2464,17400,31477
2013-05-07 00:00:00,SWISS FRANC ,7291,13526,-841,-2870,-6235,20817,49245
2013-05-14 00:00:00,SWISS FRANC ,9550,24960,2259,11434,-15410,34510,58084
2013-05-21 00:00:00,SWISS FRANC ,8814,28744,-736,3784,-19930,37558,65146
2013-05-28 00:00:00,SWISS FRANC ,7936,36908,-878,8164,-28972,44844,70015
2013-04-02 00:00:00,SWISS FRANC ,9789,21804,1121,938,-12015,31593,51473
2013-04-09 00:00:00,SWISS FRANC ,6570,16584,-3219,-5220,-10014,23154,42751
2013-04-16 00:00:00,SWISS FRANC ,14954,18207,8384,1623,-3253,33161,53769
2013-04-23 00:00:00,SWISS FRANC ,13249,12070,-1705,-6137,1179,25319,50101
2013-04-30 00:00:00,SWISS FRANC ,8132,16396,-5117,4326,-8264,24528,50872
2013-03-05 00:00:00,SWISS FRANC ,7092,18542,-1073,2186,-11450,25634,55311
2013-03-12 00:00:00,SWISS FRANC ,6206,19694,-886,1152,-13488,25900,69408
2013-03-26 00:00:00,SWISS FRANC ,8668,20866,-2475,-1273,-12198,29534,49575
2013-02-05 00:00:00,SWISS FRANC ,13091,9215,1097,1369,3876,22306,43585
2013-02-12 00:00:00,SWISS FRANC ,12113,7561,-978,-1654,4552,19674,41850
2013-02-19 00:00:00,SWISS FRANC ,11069,11744,-1044,4183,-675,22813,42833
2013-02-26 00:00:00,SWISS FRANC ,8165,16356,-2904,4612,-8191,24521,47602
2013-01-08 00:00:00,SWISS FRANC ,19604,9343,-4196,-2826,10261,28947,46716
2013-01-15 00:00:00,SWISS FRANC ,19007,6237,-597,-3106,12770,25244,43176
2013-01-22 00:00:00,SWISS FRANC ,15232,8848,-3775,2611,6384,24080,39483
2013-01-29 00:00:00,SWISS FRANC ,11994,7846,-3238,-1002,4148,19840,38618
2012-12-04 00:00:00,SWISS FRANC ,11722,11086,1978,-2025,636,22808,44798
2012-12-11 00:00:00,SWISS FRANC ,11243,8034,-479,-3052,3209,19277,48835
2012-12-18 00:00:00,SWISS FRANC ,17361,13081,6118,5047,4280,30442,43412
2012-12-24 00:00:00,SWISS FRANC ,21897,10462,4536,-2619,11435,32359,48634
2012-12-31 00:00:00,SWISS FRANC ,23800,12169,1903,1707,11631,35969,50182
2012-11-06 00:00:00,SWISS FRANC ,13509,13812,1724,4393,-303,27321,40311
2012-11-13 00:00:00,SWISS FRANC ,11388,20276,-2121,6464,-8888,31664,46940
2012-11-20 00:00:00,SWISS FRANC ,7220,19708,-4168,-568,-12488,26928,46210
2012-11-27 00:00:00,SWISS FRANC ,9744,13111,2524,-6597,-3367,22855,42767
2012-10-02 00:00:00,SWISS FRANC ,12641,13625,-926,-846,-984,26266,37313
2012-10-09 00:00:00,SWISS FRANC ,11676,11982,-965,-1643,-306,23658,35264
2012-10-16 00:00:00,SWISS FRANC ,10289,11481,-1387,-501,-1192,21770,36487
2012-10-23 00:00:00,SWISS FRANC ,10756,8395,467,-3086,2361,19151,36769
2012-10-30 00:00:00,SWISS FRANC ,11785,9419,1029,1024,2366,21204,37591
2012-09-04 00:00:00,SWISS FRANC ,9013,22125,-1671,-20,-13112,31138,55949
2012-09-11 00:00:00,SWISS FRANC ,11648,20615,2635,-1510,-8967,32263,58031
2012-09-18 00:00:00,SWISS FRANC ,13626,18153,1978,-2462,-4527,31779,38449
2012-09-25 00:00:00,SWISS FRANC ,13567,14471,-59,-3682,-904,28038,37328
2012-08-07 00:00:00,SWISS FRANC ,6771,24686,1362,469,-17915,31457,56379
2012-08-14 00:00:00,SWISS FRANC ,6140,24994,-631,308,-18854,31134,56773
2012-08-21 00:00:00,SWISS FRANC ,5921,21583,-219,-3411,-15662,27504,54619
2012-08-28 00:00:00,SWISS FRANC ,10684,22145,4763,562,-11461,32829,55426
2012-07-03 00:00:00,SWISS FRANC ,5263,24323,626,-4150,-19060,29586,53322
2012-07-10 00:00:00,SWISS FRANC ,5815,23399,552,-924,-17584,29214,58117
2012-07-17 00:00:00,SWISS FRANC ,6209,29299,394,5900,-23090,35508,62836
2012-07-24 00:00:00,SWISS FRANC ,5102,31047,-1107,1748,-25945,36149,64375
2012-07-31 00:00:00,SWISS FRANC ,5409,24217,307,-6830,-18808,29626,59536
2012-06-05 00:00:00,SWISS FRANC ,5747,39395,-1135,1917,-33648,45142,71967
2012-06-12 00:00:00,SWISS FRANC ,5220,38521,-527,-874,-33301,43741,92023
2012-06-19 00:00:00,SWISS FRANC ,24108,31115,18888,-7406,-7007,55223,55756
2012-06-26 00:00:00,SWISS FRANC ,4637,28473,-19471,-2642,-23836,33110,52447
2012-05-01 00:00:00,SWISS FRANC ,5692,20003,1380,-950,-14311,25695,41657
2012-05-08 00:00:00,SWISS FRANC ,4980,21474,-712,1471,-16494,26454,45717
2012-05-15 00:00:00,SWISS FRANC ,6127,32821,1147,11347,-26694,38948,63543
2012-05-22 00:00:00,SWISS FRANC ,4901,39752,-1226,6931,-34851,44653,71832
2012-05-29 00:00:00,SWISS FRANC ,6882,37478,1981,-2274,-30596,44360,71895
2012-04-03 00:00:00,SWISS FRANC ,6615,21291,322,-98,-14676,27906,43624
2012-04-10 00:00:00,SWISS FRANC ,6548,16467,-67,-4824,-9919,23015,39995
2012-04-17 00:00:00,SWISS FRANC ,6040,19802,-508,3335,-13762,25842,41358
2012-04-24 00:00:00,SWISS FRANC ,4312,20953,-1728,1151,-16641,25265,40155
2012-03-06 00:00:00,SWISS FRANC ,8114,27592,-1661,-1574,-19478,35706,53649
2012-03-13 00:00:00,SWISS FRANC ,9351,24149,1237,-3443,-14798,33500,56305
2012-03-20 00:00:00,SWISS FRANC ,11747,22938,2396,-1211,-11191,34685,43616
2012-03-27 00:00:00,SWISS FRANC ,6293,21389,-5454,-1549,-15096,27682,42852
2012-02-07 00:00:00,SWISS FRANC ,8331,18126,1854,427,-9795,26457,42826
2012-02-14 00:00:00,SWISS FRANC ,8663,24526,332,6400,-15863,33189,48092
2012-02-21 00:00:00,SWISS FRANC ,7900,27746,-763,3220,-19846,35646,51197
2012-02-28 00:00:00,SWISS FRANC ,9775,29166,1875,1420,-19391,38941,52360
2012-01-03 00:00:00,SWISS FRANC ,3787,16142,-42,1515,-12355,19929,37999
2012-01-10 00:00:00,SWISS FRANC ,5112,17209,1325,1067,-12097,22321,41869
2012-01-17 00:00:00,SWISS FRANC ,4649,17471,-463,262,-12822,22120,41577
2012-01-24 00:00:00,SWISS FRANC ,5172,17686,523,215,-12514,22858,39314
2012-01-31 00:00:00,SWISS FRANC ,6477,17699,1305,13,-11222,24176,40836
2011-12-06 00:00:00,SWISS FRANC ,4358,15516,-592,1239,-11158,19874,42548
2011-12-13 00:00:00,SWISS FRANC ,5005,15486,647,-30,-10481,20491,56102
2011-12-20 00:00:00,SWISS FRANC ,10417,13553,5412,-1933,-3136,23970,33020
2011-12-27 00:00:00,SWISS FRANC ,3829,14627,-6588,1074,-10798,18456,35741
2011-11-01 00:00:00,SWISS FRANC ,3224,4970,-1853,-1310,-1746,8194,23607
2011-11-08 00:00:00,SWISS FRANC ,6928,4766,3704,-204,2162,11694,25539
2011-11-15 00:00:00,SWISS FRANC ,5308,7212,-1620,2446,-1904,12520,30206
2011-11-22 00:00:00,SWISS FRANC ,4049,9919,-1259,2707,-5870,13968,31022
2011-11-29 00:00:00,SWISS FRANC ,4950,14277,901,4358,-9327,19227,37224
2011-10-04 00:00:00,SWISS FRANC ,5110,6219,-1508,2025,-1109,11329,24964
2011-10-11 00:00:00,SWISS FRANC ,5233,5220,123,-999,13,10453,24317
2011-10-18 00:00:00,SWISS FRANC ,3829,6072,-1404,852,-2243,9901,26097
2011-10-25 00:00:00,SWISS FRANC ,5077,6280,1248,208,-1203,11357,27697
2011-09-06 00:00:00,SWISS FRANC ,12589,5040,-758,1035,7549,17629,45785
2011-09-13 00:00:00,SWISS FRANC ,10409,4916,-2180,-124,5493,15325,43828
2011-09-20 00:00:00,SWISS FRANC ,7258,3037,-3151,-1879,4221,10295,21500
2011-09-27 00:00:00,SWISS FRANC ,6618,4194,-640,1157,2424,10812,23123
2011-08-02 00:00:00,SWISS FRANC ,25593,13252,4490,26,12341,38845,56911
2011-08-09 00:00:00,SWISS FRANC ,14449,9794,-11144,-3458,4655,24243,53055
2011-08-16 00:00:00,SWISS FRANC ,13330,4322,-1119,-5472,9008,17652,48498
2011-08-23 00:00:00,SWISS FRANC ,14889,5252,1559,930,9637,20141,48964
2011-08-30 00:00:00,SWISS FRANC ,13347,4005,-1542,-1247,9342,17352,45566
2011-07-05 00:00:00,SWISS FRANC ,15983,10692,-5429,-772,5291,26675,47566
2011-07-12 00:00:00,SWISS FRANC ,18139,10058,2156,-634,8081,28197,48630
2011-07-19 00:00:00,SWISS FRANC ,21159,9665,3020,-393,11494,30824,52133
2011-07-26 00:00:00,SWISS FRANC ,21103,13226,-56,3561,7877,34329,53513
2011-06-07 00:00:00,SWISS FRANC ,26290,9425,-1556,2698,16865,35715,74339
2011-06-14 00:00:00,SWISS FRANC ,25555,12268,-735,2843,13287,37823,54048
2011-06-21 00:00:00,SWISS FRANC ,23700,11887,-1855,-381,11813,35587,51304
2011-06-28 00:00:00,SWISS FRANC ,21412,11464,-2288,-423,9948,32876,51227
2011-05-03 00:00:00,SWISS FRANC ,28551,10170,1002,462,18381,38721,72778
2011-05-10 00:00:00,SWISS FRANC ,27905,11569,-646,1399,16336,39474,72312
2011-05-17 00:00:00,SWISS FRANC ,24409,8748,-3496,-2821,15661,33157,68304
2011-05-24 00:00:00,SWISS FRANC ,23088,8363,-1321,-385,14725,31451,66776
2011-05-31 00:00:00,SWISS FRANC ,27846,6727,4758,-1636,21119,34573,67713
2011-04-05 00:00:00,SWISS FRANC ,21588,10745,-2596,5518,10843,32333,59954
2011-04-12 00:00:00,SWISS FRANC ,22272,7615,684,-3130,14657,29887,61505
2011-04-19 00:00:00,SWISS FRANC ,27271,9897,4999,2282,17374,37168,69281
2011-04-26 00:00:00,SWISS FRANC ,27549,9708,278,-189,17841,37257,71635
2011-03-01 00:00:00,SWISS FRANC ,29218,11201,10892,5166,18017,40419,57360
2011-03-08 00:00:00,SWISS FRANC ,30841,7180,1623,-4021,23661,38021,62936
2011-03-15 00:00:00,SWISS FRANC ,32295,4655,1454,-2525,27640,36950,61506
2011-03-22 00:00:00,SWISS FRANC ,24883,3582,-7412,-1073,21301,28465,56786
2011-03-29 00:00:00,SWISS FRANC ,24184,5227,-699,1645,18957,29411,56730
2011-02-01 00:00:00,SWISS FRANC ,22079,11638,4404,557,10441,33717,46750
2011-02-08 00:00:00,SWISS FRANC ,22686,14505,607,2867,8181,37191,47876
2011-02-15 00:00:00,SWISS FRANC ,17467,6949,-5219,-7556,10518,24416,41934
2011-02-22 00:00:00,SWISS FRANC ,18326,6035,859,-914,12291,24361,43931
2011-01-04 00:00:00,SWISS FRANC ,24487,11455,138,1108,13032,35942,47484
2011-01-11 00:00:00,SWISS FRANC ,20497,9679,-3990,-1776,10818,30176,42839
2011-01-18 00:00:00,SWISS FRANC ,19711,12719,-786,3040,6992,32430,41839
2011-01-25 00:00:00,SWISS FRANC ,17675,11081,-2036,-1638,6594,28756,40470
2010-12-07 00:00:00,SWISS FRANC ,18014,9027,1774,611,8987,27041,42914
2010-12-14 00:00:00,SWISS FRANC ,20794,10078,2780,1051,10716,30872,39804
2010-12-21 00:00:00,SWISS FRANC ,25365,12838,4571,2760,12527,38203,44704
2010-12-28 00:00:00,SWISS FRANC ,24349,10347,-1016,-2491,14002,34696,46356
2010-11-02 00:00:00,SWISS FRANC ,23363,10898,-1237,-1183,12465,34261,48129
2010-11-09 00:00:00,SWISS FRANC ,24911,12296,1548,1398,12615,37207,51000
2010-11-16 00:00:00,SWISS FRANC ,18005,10202,-6906,-2094,7803,28207,44579
2010-11-23 00:00:00,SWISS FRANC ,14709,6198,-3296,-4004,8511,20907,40065
2010-11-30 00:00:00,SWISS FRANC ,16240,8416,1531,2218,7824,24656,43600
2010-10-05 00:00:00,SWISS FRANC ,31693,9094,4038,1432,22599,40787,56636
2010-10-12 00:00:00,SWISS FRANC ,31504,11557,-189,2463,19947,43061,57722
2010-10-19 00:00:00,SWISS FRANC ,24908,13673,-6596,2116,11235,38581,54022
2010-10-26 00:00:00,SWISS FRANC ,24600,12081,-308,-1592,12519,36681,50068
2010-09-07 00:00:00,SWISS FRANC ,25464,8837,4279,1933,16627,34301,74713
2010-09-14 00:00:00,SWISS FRANC ,27800,13564,2336,4727,14236,41364,49352
2010-09-21 00:00:00,SWISS FRANC ,26272,11810,-1528,-1754,14462,38082,49910
2010-09-28 00:00:00,SWISS FRANC ,27655,7662,1383,-4148,19993,35317,53452
2010-08-03 00:00:00,SWISS FRANC ,20302,4079,5019,-4988,16223,24381,57976
2010-08-10 00:00:00,SWISS FRANC ,16775,5874,-3527,1795,10901,22649,52566
2010-08-17 00:00:00,SWISS FRANC ,18041,6291,1266,417,11750,24332,54560
2010-08-24 00:00:00,SWISS FRANC ,20735,6867,2694,576,13868,27602,57316
2010-08-31 00:00:00,SWISS FRANC ,21185,6904,450,37,14281,28089,60655
2010-07-06 00:00:00,SWISS FRANC ,7627,15082,-20,-5413,-7455,22709,45002
2010-07-13 00:00:00,SWISS FRANC ,18237,3647,10610,-11435,14590,21884,53056
2010-07-20 00:00:00,SWISS FRANC ,19977,4864,1740,1217,15113,24841,54918
2010-07-27 00:00:00,SWISS FRANC ,15283,9067,-4694,4203,6216,24350,55722
2010-06-01 00:00:00,SWISS FRANC ,11139,25863,-350,1755,-14724,37002,49959
2010-06-08 00:00:00,SWISS FRANC ,14111,25526,2972,-337,-11415,39637,59622
2010-06-15 00:00:00,SWISS FRANC ,8852,25328,-5259,-198,-16476,34180,44092
2010-06-22 00:00:00,SWISS FRANC ,9620,19885,768,-5443,-10265,29505,43561
2010-06-29 00:00:00,SWISS FRANC ,7647,20495,-1973,610,-12848,28142,42840
2010-05-04 00:00:00,SWISS FRANC ,12665,29257,-366,2613,-16592,41922,51339
2010-05-11 00:00:00,SWISS FRANC ,10020,27547,-2645,-1710,-17527,37567,50562
2010-05-18 00:00:00,SWISS FRANC ,10616,25174,596,-2373,-14558,35790,48242
2010-05-25 00:00:00,SWISS FRANC ,11489,24108,873,-1066,-12619,35597,48163
2010-04-06 00:00:00,SWISS FRANC ,9777,13929,3042,654,-4152,23706,32272
2010-04-13 00:00:00,SWISS FRANC ,10417,15371,640,1442,-4954,25788,33886
2010-04-20 00:00:00,SWISS FRANC ,9838,15220,-579,-151,-5382,25058,33431
2010-04-27 00:00:00,SWISS FRANC ,13031,26644,3193,11424,-13613,39675,49308
2010-03-02 00:00:00,SWISS FRANC ,11508,17818,-611,-3120,-6310,29326,42147
2010-03-09 00:00:00,SWISS FRANC ,10727,15872,-781,-1946,-5145,26599,47810
2010-03-16 00:00:00,SWISS FRANC ,8977,14210,-1750,-1662,-5233,23187,32157
2010-03-23 00:00:00,SWISS FRANC ,9239,10327,262,-3883,-1088,19566,30910
2010-03-30 00:00:00,SWISS FRANC ,6735,13275,-2504,2948,-6540,20010,28290
2010-02-02 00:00:00,SWISS FRANC ,10344,12119,-2077,5403,-1775,22463,36263
2010-02-09 00:00:00,SWISS FRANC ,9219,16115,-1125,3996,-6896,25334,42359
2010-02-16 00:00:00,SWISS FRANC ,10763,15430,1544,-685,-4667,26193,40881
2010-02-23 00:00:00,SWISS FRANC ,12119,20938,1356,5508,-8819,33057,45407
2010-01-05 00:00:00,SWISS FRANC ,12488,15268,2154,-2117,-2780,27756,35161
2010-01-12 00:00:00,SWISS FRANC ,17213,3287,4725,-11981,13926,20500,38204
2010-01-19 00:00:00,SWISS FRANC ,17281,3310,68,23,13971,20591,37744
2010-01-26 00:00:00,SWISS FRANC ,12421,6716,-4860,3406,5705,19137,34075
2009-12-01 00:00:00,SWISS FRANC ,28904,4179,2768,160,24725,33083,56659
2009-12-08 00:00:00,SWISS FRANC ,20177,6829,-8727,2650,13348,27006,49595
2009-12-15 00:00:00,SWISS FRANC ,11305,10844,-8872,4015,461,22149,33591
2009-12-22 00:00:00,SWISS FRANC ,9084,13652,-2221,2808,-4568,22736,34198
2009-12-29 00:00:00,SWISS FRANC ,10334,17385,1250,3733,-7051,27719,38033
2009-11-03 00:00:00,SWISS FRANC ,21171,2506,-2933,-3753,18665,23677,46414
2009-11-09 00:00:00,SWISS FRANC ,25717,2419,4546,-87,23298,28136,53280
2009-11-17 00:00:00,SWISS FRANC ,25311,3112,-406,693,22199,28423,54018
2009-11-24 00:00:00,SWISS FRANC ,26136,4019,825,907,22117,30155,54159
2009-10-06 00:00:00,SWISS FRANC ,28261,4791,5404,-473,23470,33052,49587
2009-10-13 00:00:00,SWISS FRANC ,27537,5258,-724,467,22279,32795,50413
2009-10-20 00:00:00,SWISS FRANC ,30017,6164,2480,906,23853,36181,54748
2009-10-27 00:00:00,SWISS FRANC ,24104,6259,-5913,95,17845,30363,50703
2009-09-01 00:00:00,SWISS FRANC ,19627,5375,-4022,-1476,14252,25002,44607
2009-09-08 00:00:00,SWISS FRANC ,23371,5234,3744,-141,18137,28605,52293
2009-09-15 00:00:00,SWISS FRANC ,24026,5835,655,601,18191,29861,45016
2009-09-22 00:00:00,SWISS FRANC ,28968,5177,4942,-658,23791,34145,52087
2009-09-29 00:00:00,SWISS FRANC ,22857,5264,-6111,87,17593,28121,45542
2009-08-04 00:00:00,SWISS FRANC ,21341,6829,2533,2191,14512,28170,42223
2009-08-11 00:00:00,SWISS FRANC ,10962,10999,-10379,4170,-37,21961,32801
2009-08-18 00:00:00,SWISS FRANC ,12121,5366,1159,-5633,6755,17487,30291
2009-08-25 00:00:00,SWISS FRANC ,23649,6851,11528,1485,16798,30500,46196
2009-07-07 00:00:00,SWISS FRANC ,16476,5422,-147,-511,11054,21898,33308
2009-07-14 00:00:00,SWISS FRANC ,16950,6158,474,736,10792,23108,33833
2009-07-21 00:00:00,SWISS FRANC ,20182,6985,3232,827,13197,27167,39639
2009-07-28 00:00:00,SWISS FRANC ,18808,4638,-1374,-2347,14170,23446,37313
2009-06-02 00:00:00,SWISS FRANC ,15412,6813,1483,-442,8599,22225,42429
2009-06-09 00:00:00,SWISS FRANC ,14879,6405,-533,-408,8474,21284,48715
2009-06-16 00:00:00,SWISS FRANC ,16146,8244,1267,1839,7902,24390,30453
2009-06-23 00:00:00,SWISS FRANC ,22023,7615,5877,-629,14408,29638,39777
2009-06-30 00:00:00,SWISS FRANC ,16623,5933,-5400,-1682,10690,22556,32774
2009-05-05 00:00:00,SWISS FRANC ,4756,5499,-151,-4330,-743,10255,26366
2009-05-12 00:00:00,SWISS FRANC ,8692,7073,3936,1574,1619,15765,32340
2009-05-19 00:00:00,SWISS FRANC ,11497,6888,2805,-185,4609,18385,35951
2009-05-26 00:00:00,SWISS FRANC ,13929,7255,2432,367,6674,21184,39627
2009-04-07 00:00:00,SWISS FRANC ,3895,7436,-173,-1043,-3541,11331,25914
2009-04-14 00:00:00,SWISS FRANC ,3404,8459,-491,1023,-5055,11863,27406
2009-04-21 00:00:00,SWISS FRANC ,5718,17803,2314,9344,-12085,23521,33601
2009-04-28 00:00:00,SWISS FRANC ,4907,9829,-811,-7974,-4922,14736,27107
2009-03-03 00:00:00,SWISS FRANC ,4253,17163,-884,838,-12910,21416,36848
2009-03-10 00:00:00,SWISS FRANC ,4784,16237,531,-926,-11453,21021,39747
2009-03-17 00:00:00,SWISS FRANC ,5942,14380,1158,-1857,-8438,20322,31126
2009-03-24 00:00:00,SWISS FRANC ,6311,9459,369,-4921,-3148,15770,27937
2009-03-31 00:00:00,SWISS FRANC ,4068,8479,-2243,-980,-4411,12547,27578
2009-02-03 00:00:00,SWISS FRANC ,3801,14941,-518,434,-11140,18742,29006
2009-02-10 00:00:00,SWISS FRANC ,3613,15134,-188,193,-11521,18747,32070
2009-02-17 00:00:00,SWISS FRANC ,4848,15986,1235,852,-11138,20834,34470
2009-02-24 00:00:00,SWISS FRANC ,5137,16325,289,339,-11188,21462,33873
2009-01-06 00:00:00,SWISS FRANC ,5978,11845,1010,3030,-5867,17823,25435
2009-01-13 00:00:00,SWISS FRANC ,4826,11060,-1152,-785,-6234,15886,24703
2009-01-20 00:00:00,SWISS FRANC ,5135,11509,309,449,-6374,16644,24527
2009-01-27 00:00:00,SWISS FRANC ,4319,14507,-816,2998,-10188,18826,28119
2008-12-02 00:00:00,SWISS FRANC ,2328,20568,-1325,502,-18240,22896,42123
2008-12-09 00:00:00,SWISS FRANC ,1620,15694,-708,-4874,-14074,17314,38990
2008-12-16 00:00:00,SWISS FRANC ,1826,7137,206,-8557,-5311,8963,20142
2008-12-22 00:00:00,SWISS FRANC ,4310,8466,2484,1329,-4156,12776,24773
2008-12-30 00:00:00,SWISS FRANC ,4968,8815,658,349,-3847,13783,25073
2008-11-04 00:00:00,SWISS FRANC ,7416,14617,1690,-5425,-7201,22033,41403
2008-11-11 00:00:00,SWISS FRANC ,4826,14982,-2590,365,-10156,19808,39893
2008-11-18 00:00:00,SWISS FRANC ,5740,19329,914,4347,-13589,25069,43937
2008-11-25 00:00:00,SWISS FRANC ,3653,20066,-2087,737,-16413,23719,42747
2008-10-07 00:00:00,SWISS FRANC ,8291,19820,2338,2418,-11529,28111,39137
2008-10-14 00:00:00,SWISS FRANC ,5222,18304,-3069,-1516,-13082,23526,38302
2008-10-21 00:00:00,SWISS FRANC ,3953,19875,-1269,1571,-15922,23828,39838
2008-10-28 00:00:00,SWISS FRANC ,5726,20042,1773,167,-14316,25768,39184
2008-09-02 00:00:00,SWISS FRANC ,12059,25322,-89,-155,-13263,37381,64084
2008-09-09 00:00:00,SWISS FRANC ,11076,25991,-983,669,-14915,37067,70332
2008-09-16 00:00:00,SWISS FRANC ,7451,20899,-3625,-5092,-13448,28350,39036
2008-09-23 00:00:00,SWISS FRANC ,8345,16452,894,-4447,-8107,24797,42296
2008-09-30 00:00:00,SWISS FRANC ,5953,17402,-2392,950,-11449,23355,39047
2008-08-05 00:00:00,SWISS FRANC ,14986,23969,-2415,1913,-8983,38955,59128
2008-08-12 00:00:00,SWISS FRANC ,13555,21938,-1431,-2031,-8383,35493,58312
2008-08-19 00:00:00,SWISS FRANC ,9683,23085,-3872,1147,-13402,32768,62081
2008-08-26 00:00:00,SWISS FRANC ,12148,25477,2465,2392,-13329,37625,65910
2008-07-01 00:00:00,SWISS FRANC ,26040,19433,11959,2951,6607,45473,56638
2008-07-08 00:00:00,SWISS FRANC ,18085,22782,-7955,3349,-4697,40867,52188
2008-07-15 00:00:00,SWISS FRANC ,32874,17830,14789,-4952,15044,50704,63754
2008-07-22 00:00:00,SWISS FRANC ,17900,19566,-14974,1736,-1666,37466,51791
2008-07-29 00:00:00,SWISS FRANC ,17401,22056,-499,2490,-4655,39457,56449
2008-06-03 00:00:00,SWISS FRANC ,14128,21399,-4779,-7357,-7271,35527,65317
2008-06-10 00:00:00,SWISS FRANC ,15820,19552,1692,-1847,-3732,35372,68666
2008-06-17 00:00:00,SWISS FRANC ,10824,19738,-4996,186,-8914,30562,44091
2008-06-24 00:00:00,SWISS FRANC ,14081,16482,3257,-3256,-2401,30563,45574
2008-05-06 00:00:00,SWISS FRANC ,19125,23262,-7500,3638,-4137,42387,63405
2008-05-13 00:00:00,SWISS FRANC ,13758,31194,-5367,7932,-17436,44952,69188
2008-05-20 00:00:00,SWISS FRANC ,19037,23980,5279,-7214,-4943,43017,62984
2008-05-27 00:00:00,SWISS FRANC ,18907,28756,-130,4776,-9849,47663,69571
2008-04-01 00:00:00,SWISS FRANC ,30785,21904,17,1917,8881,52689,56967
2008-04-08 00:00:00,SWISS FRANC ,24145,23228,-6640,1324,917,47373,57506
2008-04-15 00:00:00,SWISS FRANC ,27058,21824,2913,-1404,5234,48882,61278
2008-04-22 00:00:00,SWISS FRANC ,24731,21722,-2327,-102,3009,46453,59593
2008-04-29 00:00:00,SWISS FRANC ,26625,19624,1894,-2098,7001,46249,59678
2008-03-04 00:00:00,SWISS FRANC ,24647,24480,-7438,1167,167,49127,81574
2008-03-11 00:00:00,SWISS FRANC ,25646,29894,999,5414,-4248,55540,90384
2008-03-18 00:00:00,SWISS FRANC ,24560,13336,-1086,-16558,11224,37896,54366
2008-03-25 00:00:00,SWISS FRANC ,30768,19987,6208,6651,10781,50755,57488
2008-02-05 00:00:00,SWISS FRANC ,22588,19802,-5990,457,2786,42390,64353
2008-02-12 00:00:00,SWISS FRANC ,17550,14370,-5038,-5432,3180,31920,57989
2008-02-19 00:00:00,SWISS FRANC ,23979,22992,6429,8622,987,46971,68500
2008-02-26 00:00:00,SWISS FRANC ,32085,23313,8106,321,8772,55398,78947
2008-01-08 00:00:00,SWISS FRANC ,21345,23516,2843,395,-2171,44861,62749
2008-01-15 00:00:00,SWISS FRANC ,25415,20253,4070,-3263,5162,45668,67556
2008-01-22 00:00:00,SWISS FRANC ,28949,13573,3534,-6680,15376,42522,71705
2008-01-29 00:00:00,SWISS FRANC ,28578,19345,-371,5772,9233,47923,70806
2007-12-04 00:00:00,SWISS FRANC ,30533,23490,-6539,-380,7043,54023,77920
2007-12-11 00:00:00,SWISS FRANC ,26684,24751,-3849,1261,1933,51435,86792
2007-12-18 00:00:00,SWISS FRANC ,14677,21661,-12007,-3090,-6984,36338,60246
2007-12-24 00:00:00,SWISS FRANC ,12643,24140,-2034,2479,-11497,36783,60681
2007-12-31 00:00:00,SWISS FRANC ,18502,23121,5859,-1019,-4619,41623,61358
2007-11-06 00:00:00,SWISS FRANC ,32575,30156,301,8672,2419,62731,86821
2007-11-13 00:00:00,SWISS FRANC ,33093,17590,518,-12566,15503,50683,77136
2007-11-20 00:00:00,SWISS FRANC ,37165,23433,4072,5843,13732,60598,83181
2007-11-27 00:00:00,SWISS FRANC ,37072,23870,-93,437,13202,60942,81879
2007-10-02 00:00:00,SWISS FRANC ,31596,34674,-1362,8008,-3078,66270,75617
2007-10-09 00:00:00,SWISS FRANC ,28185,32276,-3411,-2398,-4091,60461,70197
2007-10-16 00:00:00,SWISS FRANC ,26550,34739,-1635,2463,-8189,61289,76520
2007-10-23 00:00:00,SWISS FRANC ,26611,24101,61,-10638,2510,50712,69629
2007-10-30 00:00:00,SWISS FRANC ,32274,21484,5663,-2617,10790,53758,72401
2007-09-04 00:00:00,SWISS FRANC ,12078,46553,-5845,10507,-34475,58631,131156
2007-09-11 00:00:00,SWISS FRANC ,26527,23866,14449,-22687,2661,50393,136045
2007-09-18 00:00:00,SWISS FRANC ,28647,23158,2120,-708,5489,51805,66122
2007-09-25 00:00:00,SWISS FRANC ,32958,26666,4311,3508,6292,59624,70582
2007-08-07 00:00:00,SWISS FRANC ,34401,36705,6092,-6237,-2304,71106,121823
2007-08-14 00:00:00,SWISS FRANC ,26255,40245,-8146,3540,-13990,66500,117264
2007-08-21 00:00:00,SWISS FRANC ,14642,31921,-11613,-8324,-17279,46563,111735
2007-08-28 00:00:00,SWISS FRANC ,17923,36046,3281,4125,-18123,53969,118870
2007-07-03 00:00:00,SWISS FRANC ,14876,48451,6573,-18683,-33575,63327,95030
2007-07-10 00:00:00,SWISS FRANC ,20339,58411,5463,9960,-38072,78750,102992
2007-07-17 00:00:00,SWISS FRANC ,24189,59743,3850,1332,-35554,83932,110578
2007-07-24 00:00:00,SWISS FRANC ,21909,64786,-2280,5043,-42877,86695,115383
2007-07-31 00:00:00,SWISS FRANC ,28309,42942,6400,-21844,-14633,71251,116838
2007-06-05 00:00:00,SWISS FRANC ,11536,69788,1892,936,-58252,81324,99547
2007-06-12 00:00:00,SWISS FRANC ,10341,89522,-1195,19734,-79181,99863,155140
2007-06-19 00:00:00,SWISS FRANC ,6682,86013,-3659,-3509,-79331,92695,110556
2007-06-26 00:00:00,SWISS FRANC ,8303,67134,1621,-18879,-58831,75437,101945
2007-05-01 00:00:00,SWISS FRANC ,16669,47839,-6560,7759,-31170,64508,79989
2007-05-08 00:00:00,SWISS FRANC ,14860,49212,-1809,1373,-34352,64072,81736
2007-05-15 00:00:00,SWISS FRANC ,17093,51838,2233,2626,-34745,68931,81328
2007-05-22 00:00:00,SWISS FRANC ,9372,75241,-7721,23403,-65869,84613,100303
2007-05-29 00:00:00,SWISS FRANC ,9644,68852,272,-6389,-59208,78496,97517
2007-04-03 00:00:00,SWISS FRANC ,10294,37559,-8303,7403,-27265,47853,57666
2007-04-10 00:00:00,SWISS FRANC ,13453,36659,3159,-900,-23206,50112,58718
2007-04-17 00:00:00,SWISS FRANC ,17907,40279,4454,3620,-22372,58186,67565
2007-04-24 00:00:00,SWISS FRANC ,23229,40080,5322,-199,-16851,63309,77956
2007-03-06 00:00:00,SWISS FRANC ,16859,38726,1036,-21782,-21867,55585,83320
2007-03-13 00:00:00,SWISS FRANC ,15012,39903,-1847,1177,-24891,54915,88190
2007-03-20 00:00:00,SWISS FRANC ,16020,31022,1008,-8881,-15002,47042,53302
2007-03-27 00:00:00,SWISS FRANC ,18597,30156,2577,-866,-11559,48753,52720
2007-02-06 00:00:00,SWISS FRANC ,9393,52318,3574,-13081,-42925,61711,93536
2007-02-13 00:00:00,SWISS FRANC ,6693,70099,-2700,17781,-63406,76792,107988
2007-02-20 00:00:00,SWISS FRANC ,5525,61078,-1168,-9021,-55553,66603,100274
2007-02-27 00:00:00,SWISS FRANC ,15823,60508,10298,-570,-44685,76331,103378
2007-01-03 00:00:00,SWISS FRANC ,11280,34078,-6334,4179,-22798,45358,64732
2007-01-09 00:00:00,SWISS FRANC ,7698,48069,-3582,13991,-40371,55767,80925
2007-01-16 00:00:00,SWISS FRANC ,6476,48724,-1222,655,-42248,55200,83803
2007-01-23 00:00:00,SWISS FRANC ,5290,49371,-1186,647,-44081,54661,83065
2007-01-30 00:00:00,SWISS FRANC ,5819,65399,529,16028,-59580,71218,99642
2006-12-05 00:00:00,SWISS FRANC ,25835,32303,3874,-3561,-6468,58138,80908
2006-12-12 00:00:00,SWISS FRANC ,24981,34753,-854,2450,-9772,59734,92840
2006-12-19 00:00:00,SWISS FRANC ,18315,29153,-6666,-5600,-10838,47468,54652
2006-12-26 00:00:00,SWISS FRANC ,17614,29899,-701,746,-12285,47513,57050
2006-11-07 00:00:00,SWISS FRANC ,14326,70027,3096,11728,-55701,84353,103184
2006-11-14 00:00:00,SWISS FRANC ,9883,52428,-4443,-17599,-42545,62311,87935
2006-11-21 00:00:00,SWISS FRANC ,10633,49430,750,-2998,-38797,60063,84320
2006-11-28 00:00:00,SWISS FRANC ,21961,35864,11328,-13566,-13903,57825,78706
2006-10-03 00:00:00,SWISS FRANC ,10759,40886,262,1369,-30127,51645,72687
2006-10-10 00:00:00,SWISS FRANC ,8870,69290,-1889,28404,-60420,78160,95979
2006-10-17 00:00:00,SWISS FRANC ,10504,77712,1634,8422,-67208,88216,105046
2006-10-24 00:00:00,SWISS FRANC ,9331,79554,-1173,1842,-70223,88885,107816
2006-10-31 00:00:00,SWISS FRANC ,11230,58299,1899,-21255,-47069,69529,89968
2006-09-05 00:00:00,SWISS FRANC ,11221,30367,-1397,5114,-19146,41588,70053
2006-09-12 00:00:00,SWISS FRANC ,12013,45254,792,14887,-33241,57267,98012
2006-09-19 00:00:00,SWISS FRANC ,10111,54145,-1902,8891,-44034,64256,76994
2006-09-26 00:00:00,SWISS FRANC ,10497,39517,386,-14628,-29020,50014,69977
2006-08-01 00:00:00,SWISS FRANC ,17487,26881,876,-10690,-9394,44368,65105
2006-08-08 00:00:00,SWISS FRANC ,21484,36337,3997,9456,-14853,57821,72643
2006-08-15 00:00:00,SWISS FRANC ,13082,28329,-8402,-8008,-15247,41411,66021
2006-08-22 00:00:00,SWISS FRANC ,16847,27312,3765,-1017,-10465,44159,68484
2006-08-29 00:00:00,SWISS FRANC ,12618,25253,-4229,-2059,-12635,37871,68787
2006-07-03 00:00:00,SWISS FRANC ,21327,25641,6818,-4757,-4314,46968,58809
2006-07-11 00:00:00,SWISS FRANC ,20120,27379,-1207,1738,-7259,47499,62771
2006-07-18 00:00:00,SWISS FRANC ,18116,33533,-2004,6154,-15417,51649,69612
2006-07-25 00:00:00,SWISS FRANC ,16611,37571,-1505,4038,-20960,54182,73560
2006-06-06 00:00:00,SWISS FRANC ,26639,17319,-3625,-2414,9320,43958,107626
2006-06-13 00:00:00,SWISS FRANC ,21176,24058,-5463,6739,-2882,45234,122926
2006-06-20 00:00:00,SWISS FRANC ,20297,25769,-879,1711,-5472,46066,57617
2006-06-27 00:00:00,SWISS FRANC ,14509,30398,-5788,4629,-15889,44907,63556
2006-05-02 00:00:00,SWISS FRANC ,17518,30147,5405,-6395,-12629,47665,89956
2006-05-09 00:00:00,SWISS FRANC ,18306,29319,788,-828,-11013,47625,94856
2006-05-16 00:00:00,SWISS FRANC ,23935,25516,5629,-3803,-1581,49451,100736
2006-05-23 00:00:00,SWISS FRANC ,30138,21756,6203,-3760,8382,51894,101734
2006-05-30 00:00:00,SWISS FRANC ,30264,19733,126,-2023,10531,49997,100852
2006-04-04 00:00:00,SWISS FRANC ,7412,45540,1592,-5615,-38128,52952,79020
2006-04-11 00:00:00,SWISS FRANC ,6470,35121,-942,-10419,-28651,41591,78605
2006-04-18 00:00:00,SWISS FRANC ,10744,32912,4274,-2209,-22168,43656,80925
2006-04-25 00:00:00,SWISS FRANC ,12113,36542,1369,3630,-24429,48655,84075
2006-03-07 00:00:00,SWISS FRANC ,15975,62198,-334,-22373,-46223,78173,127779
2006-03-14 00:00:00,SWISS FRANC ,7429,55807,-8546,-6391,-48378,63236,93713
2006-03-21 00:00:00,SWISS FRANC ,3462,50327,-3967,-5480,-46865,53789,83307
2006-03-28 00:00:00,SWISS FRANC ,5820,51155,2358,828,-45335,56975,84695
2006-02-07 00:00:00,SWISS FRANC ,23624,38314,-2598,13075,-14690,61938,92132
2006-02-14 00:00:00,SWISS FRANC ,21612,52800,-2012,14486,-31188,74412,108343
2006-02-21 00:00:00,SWISS FRANC ,23789,60764,2177,7964,-36975,84553,112408
2006-02-28 00:00:00,SWISS FRANC ,16309,84571,-7480,23807,-68262,100880,134418
2006-01-03 00:00:00,SWISS FRANC ,15002,31513,5970,-15845,-16511,46515,77368
2006-01-10 00:00:00,SWISS FRANC ,24138,24378,9136,-7135,-240,48516,79029
2006-01-17 00:00:00,SWISS FRANC ,21356,19896,-2782,-4482,1460,41252,80480
2006-01-24 00:00:00,SWISS FRANC ,24328,19965,2972,69,4363,44293,85876
2006-01-31 00:00:00,SWISS FRANC ,26222,25239,1894,5274,983,51461,84122
2005-12-06 00:00:00,SWISS FRANC ,16550,65909,2355,3298,-49359,82459,105413
2005-12-13 00:00:00,SWISS FRANC ,13937,53798,-2613,-12111,-39861,67735,113909
2005-12-20 00:00:00,SWISS FRANC ,5247,39314,-8690,-14484,-34067,44561,75904
2005-12-27 00:00:00,SWISS FRANC ,9032,47358,3785,8044,-38326,56390,86551
2005-11-01 00:00:00,SWISS FRANC ,13637,35416,823,1759,-21779,49053,69574
2005-11-08 00:00:00,SWISS FRANC ,13830,48500,193,13084,-34670,62330,84753
2005-11-15 00:00:00,SWISS FRANC ,15132,60166,1302,11666,-45034,75298,98446
2005-11-22 00:00:00,SWISS FRANC ,15191,63398,59,3232,-48207,78589,100881
2005-11-29 00:00:00,SWISS FRANC ,14195,62611,-996,-787,-48416,76806,99363
2005-10-04 00:00:00,SWISS FRANC ,9973,57099,3835,7230,-47126,67072,87779
2005-10-11 00:00:00,SWISS FRANC ,13572,38859,3599,-18240,-25287,52431,72377
2005-10-18 00:00:00,SWISS FRANC ,13958,44940,386,6081,-30982,58898,80322
2005-10-25 00:00:00,SWISS FRANC ,12814,33657,-1144,-11283,-20843,46471,66764
2005-09-06 00:00:00,SWISS FRANC ,14944,15729,10936,-20155,-785,30673,61472
2005-09-13 00:00:00,SWISS FRANC ,4175,19141,-10769,3412,-14966,23316,60845
2005-09-20 00:00:00,SWISS FRANC ,2488,33398,-1687,14257,-30910,35886,57198
2005-09-27 00:00:00,SWISS FRANC ,6138,49869,3650,16471,-43731,56007,76757
2005-08-02 00:00:00,SWISS FRANC ,4633,35959,29,-5074,-31326,40592,71327
2005-08-09 00:00:00,SWISS FRANC ,6045,38256,1412,2297,-32211,44301,71277
2005-08-16 00:00:00,SWISS FRANC ,6485,34107,440,-4149,-27622,40592,66890
2005-08-23 00:00:00,SWISS FRANC ,3165,40709,-3320,6602,-37544,43874,67995
2005-07-05 00:00:00,SWISS FRANC ,1694,47234,-70,1049,-45540,48928,73790
2005-07-12 00:00:00,SWISS FRANC ,2991,40939,1297,-6295,-37948,43930,69525
2005-07-19 00:00:00,SWISS FRANC ,6019,42511,3028,1572,-36492,48530,72416
2005-07-26 00:00:00,SWISS FRANC ,4604,41033,-1415,-1478,-36429,45637,73768
2005-06-07 00:00:00,SWISS FRANC ,1943,47255,1093,7006,-45312,49198,90020
2005-06-14 00:00:00,SWISS FRANC ,2905,46486,962,-769,-43581,49391,73534
2005-06-21 00:00:00,SWISS FRANC ,1579,43966,-1326,-2520,-42387,45545,71529
2005-06-28 00:00:00,SWISS FRANC ,1764,46185,185,2219,-44421,47949,73119
2005-05-03 00:00:00,SWISS FRANC ,4889,16219,1385,4090,-11330,21108,38584
2005-05-10 00:00:00,SWISS FRANC ,2214,19638,-2675,3419,-17424,21852,43977
2005-05-17 00:00:00,SWISS FRANC ,1942,30320,-272,10682,-28378,32262,60958
2005-05-24 00:00:00,SWISS FRANC ,1762,39433,-180,9113,-37671,41195,69873
2005-05-31 00:00:00,SWISS FRANC ,850,40249,-912,816,-39399,41099,69037
2005-04-05 00:00:00,SWISS FRANC ,1677,20456,-491,4246,-18779,22133,47464
2005-04-12 00:00:00,SWISS FRANC ,1677,24441,0,3985,-22764,26118,45692
2005-04-19 00:00:00,SWISS FRANC ,3585,15306,1908,-9135,-11721,18891,35822
2005-04-26 00:00:00,SWISS FRANC ,3504,12129,-81,-3177,-8625,15633,34396
2005-03-01 00:00:00,SWISS FRANC ,7313,9216,2523,976,-1903,16529,61956
2005-03-08 00:00:00,SWISS FRANC ,7474,10501,161,1285,-3027,17975,67512
2005-03-15 00:00:00,SWISS FRANC ,10655,10495,3181,-6,160,21150,41804
2005-03-22 00:00:00,SWISS FRANC ,5242,16598,-5413,6103,-11356,21840,38278
2005-03-29 00:00:00,SWISS FRANC ,2168,16210,-3074,-388,-14042,18378,42256
2005-02-01 00:00:00,SWISS FRANC ,6322,13722,-1721,498,-7400,20044,51859
2005-02-08 00:00:00,SWISS FRANC ,3371,20545,-2951,6823,-17174,23916,56861
2005-02-15 00:00:00,SWISS FRANC ,3837,15106,466,-5439,-11269,18943,52852
2005-02-22 00:00:00,SWISS FRANC ,4790,8240,953,-6866,-3450,13030,54437
2005-01-04 00:00:00,SWISS FRANC ,19388,7893,-14340,-846,11495,27281,50988
2005-01-11 00:00:00,SWISS FRANC ,11883,11823,-7505,3930,60,23706,53634
2005-01-18 00:00:00,SWISS FRANC ,11217,12317,-666,494,-1100,23534,52151
2005-01-25 00:00:00,SWISS FRANC ,8043,13224,-3174,907,-5181,21267,51069
2021-07-13,SWISS FRANC ,18074,10937,-1156,1869,7137,29011,45704
2021-07-06,SWISS FRANC ,19230,9068,289,1192,10162,28298,44739
2021-06-01,SWISS FRANC ,13940,13616,1717,190,324,27556,46004
2021-06-08,SWISS FRANC ,12649,11573,-1291,-2043,1076,24222,49202
2021-06-15,SWISS FRANC ,14875,5488,2226,-6085,9387,20363,37057
2021-06-22,SWISS FRANC ,20980,7428,6105,1940,13552,28408,41889
2021-06-29,SWISS FRANC ,18941,7876,-2039,448,11065,26817,42684
2021-05-04,SWISS FRANC ,10276,10220,-840,-1582,56,20496,39526
2021-05-11,SWISS FRANC ,10381,13232,105,3012,-2851,23613,41585
2021-05-18,SWISS FRANC ,11115,15380,734,2148,-4265,26495,44162
2021-05-25,SWISS FRANC ,12223,13426,1108,-1954,-1203,25649,43521
2021-04-06,SWISS FRANC ,15690,12445,-396,628,3245,28135,43677
2021-04-13,SWISS FRANC ,12965,12141,-2725,-304,824,25106,42423
2021-04-20,SWISS FRANC ,11264,12906,-1701,765,-1642,24170,41266
2021-04-27,SWISS FRANC ,11116,11802,-148,-1104,-686,22918,40783
2021-03-02,SWISS FRANC ,21863,9602,302,-436,12261,31465,52707
2021-03-09,SWISS FRANC ,23614,9221,1751,-381,14393,32835,57348
2021-03-16,SWISS FRANC ,13297,8626,-10317,-595,4671,21923,37985
2021-03-23,SWISS FRANC ,12458,9586,-839,960,2872,22044,38302
2021-03-30,SWISS FRANC ,16086,11817,3628,2231,4269,27903,42770
2021-02-02,SWISS FRANC ,22159,7518,4521,-28,14641,29677,50832
2021-02-09,SWISS FRANC ,18778,7370,-3381,-148,11408,26148,48656
2021-02-16,SWISS FRANC ,15745,7374,-3033,4,8371,23119,48093
2021-02-23,SWISS FRANC ,21561,10038,5816,2664,11523,31599,53002
2021-01-05,SWISS FRANC ,17386,8014,-4110,-1695,9372,25400,49028
2021-01-12,SWISS FRANC ,20421,8446,3035,432,11975,28867,50164
2021-01-19,SWISS FRANC ,17706,8286,-2715,-160,9420,25992,48530
2021-01-26,SWISS FRANC ,17638,7546,-68,-740,10092,25184,48337
2020-12-01,SWISS FRANC ,19860,5209,-257,78,14651,25069,51683
2020-12-08,SWISS FRANC ,16693,6270,-3167,1061,10423,22963,54922
2020-12-15,SWISS FRANC ,17177,7886,484,1616,9291,25063,48913
2020-12-21,SWISS FRANC ,23286,12042,6109,4156,11244,35328,53305
2020-12-29,SWISS FRANC ,21496,9709,-1790,-2333,11787,31205,52404
2020-11-03,SWISS FRANC ,20775,5880,-1414,-806,14895,26655,51092
2020-11-10,SWISS FRANC ,21403,5539,628,-341,15864,26942,52528
2020-11-17,SWISS FRANC ,19929,5005,-1474,-534,14924,24934,50775
2020-11-24,SWISS FRANC ,20117,5131,188,126,14986,25248,50388
2020-10-06,SWISS FRANC ,16941,3845,-2225,-2580,13096,20786,45038
2020-10-13,SWISS FRANC ,16896,4724,-45,879,12172,21620,47725
2020-10-20,SWISS FRANC ,21682,7283,4786,2559,14399,28965,52755
2020-10-27,SWISS FRANC ,22189,6686,507,-597,15503,28875,52735
2020-09-01,SWISS FRANC ,19263,7666,919,1188,11597,26929,54037
2020-09-08,SWISS FRANC ,18440,6913,-823,-753,11527,25353,52562
2020-09-15,SWISS FRANC ,18649,6583,209,-330,12066,25232,52411
2020-09-22,SWISS FRANC ,21684,5768,3035,-815,15916,27452,51875
2020-09-29,SWISS FRANC ,19166,6425,-2518,657,12741,25591,47666
2020-08-04,SWISS FRANC ,21760,10100,4106,888,11660,31860,56772
2020-08-11,SWISS FRANC ,23084,5919,1324,-4181,17165,29003,56592
2020-08-18,SWISS FRANC ,20774,6267,-2310,348,14507,27041,56114
2020-08-25,SWISS FRANC ,18344,6478,-2430,211,11866,24822,53085
2020-07-07,SWISS FRANC ,12832,9054,36,596,3778,21886,45115
2020-07-14,SWISS FRANC ,16526,9469,3694,415,7057,25995,48430
2020-07-21,SWISS FRANC ,17761,10382,1235,913,7379,28143,51006
2020-07-28,SWISS FRANC ,17654,9212,-107,-1170,8442,26866,51799
2020-06-02,SWISS FRANC ,13364,4375,118,-132,8989,17739,40352
2020-06-09,SWISS FRANC ,10463,8697,-2901,4322,1766,19160,41580
2020-06-16,SWISS FRANC ,9150,7544,-1313,-1153,1606,16694,35733
2020-06-23,SWISS FRANC ,11739,10291,2589,2747,1448,22030,42299
2020-06-30,SWISS FRANC ,12796,8458,1057,-1833,4338,21254,41400
2020-05-05,SWISS FRANC ,12967,5176,493,-1722,7791,18143,36257
2020-05-12,SWISS FRANC ,12624,5976,-343,800,6648,18600,40469
2020-05-19,SWISS FRANC ,13678,4950,1054,-1026,8728,18628,38746
2020-05-26,SWISS FRANC ,13246,4507,-432,-443,8739,17753,39072
2020-04-07,SWISS FRANC ,11186,5582,797,140,5604,16768,30391
2020-04-14,SWISS FRANC ,11608,6951,422,1369,4657,18559,32718
2020-04-21,SWISS FRANC ,12731,7807,1123,856,4924,20538,35026
2020-04-28,SWISS FRANC ,12474,6898,-257,-909,5576,19372,36326
2020-03-03,SWISS FRANC ,14727,17969,-5187,-1329,-3242,32696,54436
2020-03-10,SWISS FRANC ,13460,12865,-1267,-5104,595,26325,50474
2020-03-17,SWISS FRANC ,13963,6589,503,-6276,7374,20552,35254
2020-03-24,SWISS FRANC ,10294,5403,-3669,-1186,4891,15697,30767
2020-03-31,SWISS FRANC ,10389,5442,95,39,4947,15831,29657
2020-02-04,SWISS FRANC ,14261,9342,1292,-130,4919,23603,49855
2020-02-11,SWISS FRANC ,15937,12170,1676,2828,3767,28107,51465
2020-02-18,SWISS FRANC ,17057,15516,1120,3346,1541,32573,52520
2020-02-25,SWISS FRANC ,19914,19298,2857,3782,616,39212,57192
2020-01-07,SWISS FRANC ,11298,15767,-3251,-4507,-4469,27065,49365
2020-01-14,SWISS FRANC ,12417,12609,1119,-3158,-192,25026,49118
2020-01-21,SWISS FRANC ,12375,10839,-42,-1770,1536,23214,50368
2020-01-28,SWISS FRANC ,12969,9472,594,-1367,3497,22441,51440
2019-12-03,SWISS FRANC ,15119,37406,352,1664,-22287,52525,79183
2019-12-10,SWISS FRANC ,10182,31047,-4937,-6359,-20865,41229,75650
2019-12-17,SWISS FRANC ,13762,24836,3580,-6211,-11074,38598,61630
2019-12-31,SWISS FRANC ,14549,20274,33,-3921,-5725,34823,55514
2019-11-05,SWISS FRANC ,14048,28201,-286,1383,-14153,42249,67855
2019-11-12,SWISS FRANC ,12824,27944,-1224,-257,-15120,40768,68066
2019-11-19,SWISS FRANC ,11573,27765,-1251,-179,-16192,39338,68223
2019-11-26,SWISS FRANC ,14767,35742,3194,7977,-20975,50509,77318
2019-10-01,SWISS FRANC ,18245,29780,3966,4949,-11535,48025,65484
2019-10-08,SWISS FRANC ,15252,26299,-2993,-3481,-11047,41551,64837
2019-10-15,SWISS FRANC ,13534,26300,-1718,1,-12766,39834,64763
2019-10-22,SWISS FRANC ,13051,24386,-483,-1914,-11335,37437,61619
2019-10-29,SWISS FRANC ,14334,26818,1283,2432,-12484,41152,65712
2019-09-03,SWISS FRANC ,16362,22201,2127,4166,-5839,38563,60867
2019-09-10,SWISS FRANC ,16087,18979,-275,-3222,-2892,35066,64165
2019-09-17,SWISS FRANC ,15125,19681,-962,702,-4556,34806,52487
2019-09-24,SWISS FRANC ,14279,24831,-846,5150,-10552,39110,56934
2019-08-06,SWISS FRANC ,8395,24826,-2426,-483,-16431,33221,56716
2019-08-13,SWISS FRANC ,7760,20712,-635,-4114,-12952,28472,54267
2019-08-20,SWISS FRANC ,7925,19042,165,-1670,-11117,26967,54941
2019-08-27,SWISS FRANC ,14235,18035,6310,-1007,-3800,32270,55251
2019-07-02,SWISS FRANC ,5672,16414,-1358,-7097,-10742,22086,50766
2019-07-09,SWISS FRANC ,7149,17577,1477,1163,-10428,24726,51844
2019-07-16,SWISS FRANC ,5962,17694,-1187,117,-11732,23656,52203
2019-07-23,SWISS FRANC ,6886,20079,924,2385,-13193,26965,53369
2019-07-30,SWISS FRANC ,10821,25309,3935,5230,-14488,36130,57805
2019-06-04,SWISS FRANC ,4541,40606,-103,1287,-36065,45147,82843
2019-06-11,SWISS FRANC ,4466,29254,-75,-11352,-24788,33720,72177
2019-06-25,SWISS FRANC ,7030,23511,713,1710,-16481,30541,55740
2019-05-07,SWISS FRANC ,12383,51962,-1856,-2023,-39579,64345,101595
2019-05-14,SWISS FRANC ,7646,47656,-4737,-4306,-40010,55302,93782
2019-05-21,SWISS FRANC ,5270,42765,-2376,-4891,-37495,48035,88283
2019-05-28,SWISS FRANC ,4644,39319,-626,-3446,-34675,43963,85660
2019-04-02,SWISS FRANC ,7280,33546,1521,492,-26266,40826,73617
2019-04-09,SWISS FRANC ,7285,35431,5,1885,-28146,42716,74157
2019-04-16,SWISS FRANC ,6571,39155,-714,3724,-32584,45726,81940
2019-04-23,SWISS FRANC ,9639,47175,3068,8020,-37536,56814,94115
2019-04-30,SWISS FRANC ,14239,53985,4600,6810,-39746,68224,102722
2019-03-05,SWISS FRANC ,11993,36097,3216,1971,-24104,48090,79621
2019-03-12,SWISS FRANC ,12174,35479,181,-618,-23305,47653,85572
2019-03-19,SWISS FRANC ,7626,34815,-4548,-664,-27189,42441,75896
2019-03-26,SWISS FRANC ,5759,33054,-1867,-1761,-27295,38813,72539
2019-02-05,SWISS FRANC ,9664,27778,2838,2872,-18114,37442,68402
2019-02-12,SWISS FRANC ,10246,30926,582,3148,-20680,41172,72014
2019-02-19,SWISS FRANC ,9497,32847,-749,1921,-23350,42344,74612
2019-02-26,SWISS FRANC ,8777,34126,-720,1279,-25349,42903,75277
2019-01-08,SWISS FRANC ,5724,28910,-207,-2551,-23186,34634,67100
2019-01-15,SWISS FRANC ,5870,21164,146,-7746,-15294,27034,62523
2019-01-22,SWISS FRANC ,6091,22493,221,1329,-16402,28584,63095
2019-01-29,SWISS FRANC ,6826,24906,735,2413,-18080,31732,65004
2018-12-04,SWISS FRANC ,17913,37708,1042,-231,-19795,55621,79008
2018-12-11,SWISS FRANC ,16858,35125,-1055,-2583,-18267,51983,81518
2018-12-18,SWISS FRANC ,8437,31363,-8421,-3762,-22926,39800,70943
2018-12-24,SWISS FRANC ,6830,30159,-1607,-1204,-23329,36989,70711
2018-12-31,SWISS FRANC ,5931,31461,-899,1302,-25530,37392,67730
2018-11-06,SWISS FRANC ,16747,36695,-2104,3322,-19948,53442,77205
2018-11-13,SWISS FRANC ,15841,34443,-906,-2252,-18602,50284,77629
2018-11-27,SWISS FRANC ,16871,37939,-547,896,-21068,54810,78973
2018-10-02,SWISS FRANC ,11848,25250,1454,-1227,-13402,37098,54650
2018-10-09,SWISS FRANC ,14990,27793,3142,2543,-12803,42783,61862
2018-10-16,SWISS FRANC ,13505,30029,-1485,2236,-16524,43534,64635
2018-10-23,SWISS FRANC ,13213,30318,-292,289,-17105,43531,69685
2018-10-30,SWISS FRANC ,18851,33373,5638,3055,-14522,52224,75835
2018-07-24,SWISS FRANC ,4764,50572,-2556,1109,-45808,55336,91838
2018-07-31,SWISS FRANC ,6190,50612,1426,40,-44422,56802,91099
2018-06-05,SWISS FRANC ,16349,55565,-3395,-7610,-39216,71914,100867
2018-05-01,SWISS FRANC ,28810,48266,-566,8665,-19456,77076,84228
2018-05-08,SWISS FRANC ,25690,58292,-3120,10026,-32602,83982,97900
2018-05-15,SWISS FRANC ,25724,62117,34,3825,-36393,87841,103691
2018-05-29,SWISS FRANC ,19744,63175,-5642,478,-43431,82919,107190
2018-04-03,SWISS FRANC ,17908,27819,1916,2382,-9911,45727,48734
2018-04-10,SWISS FRANC ,18370,29114,462,1295,-10744,47484,51144
2018-04-17,SWISS FRANC ,24967,35488,6597,6374,-10521,60455,59012
2018-04-24,SWISS FRANC ,29376,39601,4409,4113,-10225,68977,71004
2018-03-06,SWISS FRANC ,17945,26422,2057,-5465,-8477,44367,62349
2018-03-13,SWISS FRANC ,17190,23762,-755,-2660,-6572,40952,63221
2018-03-20,SWISS FRANC ,17431,25677,241,1915,-8246,43108,44305
2018-03-27,SWISS FRANC ,15992,25437,-1439,-240,-9445,41429,44649
2018-02-06,SWISS FRANC ,16898,37139,225,139,-20241,54037,73968
2018-02-13,SWISS FRANC ,17763,37688,865,549,-19925,55451,74651
2018-02-20,SWISS FRANC ,17063,32851,-700,-4837,-15788,49914,69137
2018-02-27,SWISS FRANC ,15888,31887,-1175,-964,-15999,47775,69018
2018-01-02,SWISS FRANC ,24984,41216,-6975,-4645,-16232,66200,75662
2018-01-09,SWISS FRANC ,18523,40445,-6461,-771,-21922,58968,77070
2018-01-16,SWISS FRANC ,14233,35339,-4290,-5106,-21106,49572,70214
2018-01-23,SWISS FRANC ,14245,36360,12,1021,-22115,50605,71767
2018-01-30,SWISS FRANC ,16673,37000,2428,640,-20327,53673,72587
2017-12-05,SWISS FRANC ,17891,47458,310,-307,-29567,65349,80778
2017-12-12,SWISS FRANC ,19349,48114,1458,656,-28765,67463,95115
2017-12-19,SWISS FRANC ,29875,47270,10526,-844,-17395,77145,78872
2017-12-26,SWISS FRANC ,31959,45861,2084,-1409,-13902,77820,81655
2017-11-07,SWISS FRANC ,19568,44678,-1433,3006,-25110,64246,79116
2017-11-14,SWISS FRANC ,19470,47453,-98,2775,-27983,66923,81661
2017-11-21,SWISS FRANC ,20821,50561,1351,3108,-29740,71382,82906
2017-11-28,SWISS FRANC ,17581,47765,-3240,-2796,-30184,65346,79544
2017-10-03,SWISS FRANC ,17614,20907,2688,4119,-3293,38521,44571
2017-10-10,SWISS FRANC ,18211,22473,597,1566,-4262,40684,49039
2017-10-17,SWISS FRANC ,22174,27105,3963,4632,-4931,49279,55168
2017-10-24,SWISS FRANC ,22539,34136,365,7031,-11597,56675,63892
2017-10-31,SWISS FRANC ,21001,41672,-1538,7536,-20671,62673,74717
2017-09-05,SWISS FRANC ,11892,14063,-1317,-924,-2171,25955,42019
2017-09-12,SWISS FRANC ,13556,14870,1664,807,-1314,28426,44076
2017-09-19,SWISS FRANC ,13387,14956,-169,86,-1569,28343,35451
2017-09-26,SWISS FRANC ,14926,16788,1539,1832,-1862,31714,39765
2017-08-01,SWISS FRANC ,13536,12096,-1357,-4347,1440,25632,39812
2017-08-08,SWISS FRANC ,15268,16670,1732,4574,-1402,31938,43122
2017-08-15,SWISS FRANC ,12556,13737,-2712,-2933,-1181,26293,39380
2017-08-22,SWISS FRANC ,12168,14155,-388,418,-1987,26323,40420
2017-08-29,SWISS FRANC ,13209,14987,1041,832,-1778,28196,42067
2017-07-03,SWISS FRANC ,10928,11041,-290,-4846,-113,21969,38491
2017-07-11,SWISS FRANC ,10359,10151,-569,-890,208,20510,37943
2017-07-18,SWISS FRANC ,13832,17499,3473,7348,-3667,31331,43183
2017-07-25,SWISS FRANC ,14893,16443,1061,-1056,-1550,31336,45005
2017-06-06,SWISS FRANC ,6752,23307,-1983,-3940,-16555,30059,51728
2017-06-13,SWISS FRANC ,8518,22978,1766,-329,-14460,31496,55138
2017-06-20,SWISS FRANC ,11275,14257,2757,-8721,-2982,25532,35051
2017-06-27,SWISS FRANC ,11218,15887,-57,1630,-4669,27105,37364
2017-05-02,SWISS FRANC ,4448,22156,-3206,-2815,-17708,26604,43343
2017-05-09,SWISS FRANC ,8480,23676,4032,1520,-15196,32156,48410
2017-05-16,SWISS FRANC ,3946,25108,-4534,1432,-21162,29054,48928
2017-05-23,SWISS FRANC ,6118,25903,2172,795,-19785,32021,51178
2017-05-30,SWISS FRANC ,8735,27247,2617,1344,-18512,35982,54403
2017-04-04,SWISS FRANC ,5694,19519,-1192,-3759,-13825,25213,39010
2017-04-11,SWISS FRANC ,13107,23235,7413,3716,-10128,36342,46768
2017-04-18,SWISS FRANC ,10830,24632,-2277,1397,-13802,35462,48435
2017-04-25,SWISS FRANC ,7654,24971,-3176,339,-17317,32625,46882
2017-03-07,SWISS FRANC ,12718,22734,9149,7351,-10016,35452,56508
2017-03-14,SWISS FRANC ,12950,21947,232,-787,-8997,34897,45623
2017-03-21,SWISS FRANC ,9089,21068,-3861,-879,-11979,30157,42613
2017-03-28,SWISS FRANC ,6886,23278,-2203,2210,-16392,30164,42124
2017-02-07,SWISS FRANC ,7059,21680,247,-2272,-14621,28739,48883
2017-02-14,SWISS FRANC ,6608,18092,-451,-3588,-11484,24700,47482
2017-02-21,SWISS FRANC ,6945,15881,337,-2211,-8936,22826,48398
2017-02-28,SWISS FRANC ,3569,15383,-3376,-498,-11814,18952,46601
2017-01-03,SWISS FRANC ,8565,6420,0,0,2145,14985,53455
2017-01-10,SWISS FRANC ,10012,24258,-1801,-994,-14246,34270,50253
2017-01-17,SWISS FRANC ,7166,20849,-2846,-3409,-13683,28015,45713
2017-01-24,SWISS FRANC ,6198,19842,-968,-1007,-13644,26040,45493
2017-01-31,SWISS FRANC ,6812,23952,614,4110,-17140,30764,49558
2016-12-06,SWISS FRANC ,9859,35256,-3168,-2105,-25397,45115,65455
2016-12-13,SWISS FRANC ,5600,30888,-4259,-4368,-25288,36488,64633
2016-12-20,SWISS FRANC ,33476,26366,27876,-4522,7110,59842,55185
2016-12-27,SWISS FRANC ,14303,24394,-19173,-1972,-10091,38697,54605
2016-11-01,SWISS FRANC ,12744,32714,-6084,-4814,-19970,45458,59698
2016-11-08,SWISS FRANC ,6806,30097,-5938,-2617,-23291,36903,53632
2016-11-15,SWISS FRANC ,7005,29199,199,-898,-22194,36204,54533
2016-11-22,SWISS FRANC ,9515,32415,2510,3216,-22900,41930,60191
2016-11-29,SWISS FRANC ,13027,37361,3512,4946,-24334,50388,67062
2016-10-04,SWISS FRANC ,19293,22229,6490,3470,-2936,41522,46330
2016-10-11,SWISS FRANC ,20146,29554,853,7325,-9408,49700,55747
2016-10-18,SWISS FRANC ,18329,34706,-1817,5152,-16377,53035,63226
2016-10-25,SWISS FRANC ,18828,37528,499,2822,-18700,56356,67211
2016-09-06,SWISS FRANC ,22819,21368,-1738,5019,1451,44187,45795
2016-09-13,SWISS FRANC ,20853,19505,-1966,-1863,1348,40358,44748
2016-09-20,SWISS FRANC ,27281,18868,6428,-637,8413,46149,40838
2016-09-27,SWISS FRANC ,12803,18759,-14478,-109,-5956,31562,38969
2016-08-02,SWISS FRANC ,21216,22931,-5591,-2930,-1715,44147,44853
2016-08-09,SWISS FRANC ,20426,20319,-790,-2612,107,40745,43405
2016-08-16,SWISS FRANC ,19996,21541,-430,1222,-1545,41537,42786
2016-08-23,SWISS FRANC ,20921,19036,925,-2505,1885,39957,39554
2016-08-30,SWISS FRANC ,24557,16349,3636,-2687,8208,40906,42294
2016-07-05,SWISS FRANC ,22474,13796,-431,1758,8678,36270,34796
2016-07-12,SWISS FRANC ,23330,16612,856,2816,6718,39942,39010
2016-07-19,SWISS FRANC ,23191,18504,-139,1892,4687,41695,41766
2016-07-26,SWISS FRANC ,26807,25861,3616,7357,946,52668,51507
2016-06-07,SWISS FRANC ,21644,31289,-2647,7127,-9645,52933,62626
2016-06-14,SWISS FRANC ,28492,21362,6848,-9927,7130,49854,43110
2016-06-21,SWISS FRANC ,24016,17635,-4476,-3727,6381,41651,38535
2016-06-28,SWISS FRANC ,22905,12038,-1111,-5597,10867,34943,35507
2016-05-03,SWISS FRANC ,21297,14468,-2693,-257,6829,35765,41656
2016-05-10,SWISS FRANC ,22674,15757,1377,1289,6917,38431,42701
2016-05-17,SWISS FRANC ,22463,18316,-211,2559,4147,40779,44754
2016-05-24,SWISS FRANC ,24884,20930,2421,2614,3954,45814,52142
2016-05-31,SWISS FRANC ,24291,24162,-593,3232,129,48453,57175
2016-04-05,SWISS FRANC ,16564,10915,-1368,-2370,5649,27479,36411
2016-04-12,SWISS FRANC ,17478,9240,914,-1675,8238,26718,39757
2016-04-19,SWISS FRANC ,19859,10449,2381,1209,9410,30308,43212
2016-04-26,SWISS FRANC ,23990,14725,4131,4276,9265,38715,42860
2016-03-01,SWISS FRANC ,19723,21230,-490,-1304,-1507,40953,47634
2016-03-08,SWISS FRANC ,19735,19864,12,-1366,-129,39599,49744
2016-03-15,SWISS FRANC ,22619,17357,2884,-2507,5262,39976,40250
2016-03-22,SWISS FRANC ,19391,15205,-3228,-2152,4186,34596,37656
2016-03-29,SWISS FRANC ,17932,13285,-1459,-1920,4647,31217,35601
2016-02-02,SWISS FRANC ,25970,30665,1038,1230,-4695,56635,59370
2016-02-09,SWISS FRANC ,20356,27624,-5614,-3041,-7268,47980,52701
2016-02-16,SWISS FRANC ,20141,24507,-215,-3117,-4366,44648,48564
2016-02-23,SWISS FRANC ,20213,22534,72,-1973,-2321,42747,47838
2016-01-05,SWISS FRANC ,26419,22799,-417,-473,3620,49218,50276
2016-01-12,SWISS FRANC ,24484,21160,-1935,-1639,3324,45644,46428
2016-01-19,SWISS FRANC ,25191,24285,707,3125,906,49476,49290
2016-01-26,SWISS FRANC ,24932,29435,-259,5150,-4503,54367,55694
2015-12-01,SWISS FRANC ,18313,43102,-1,2579,-24789,61415,78546
2015-12-08,SWISS FRANC ,11538,37078,-6775,-6024,-25540,48616,77258
2015-12-15,SWISS FRANC ,29710,27759,18172,-9319,1951,57469,52468
2015-12-22,SWISS FRANC ,27646,24894,-2064,-2865,2752,52540,50265
2015-12-29,SWISS FRANC ,26836,23272,-810,-1622,3564,50108,49114
2015-11-03,SWISS FRANC ,17792,24827,3845,12379,-7035,42619,51953
2015-11-10,SWISS FRANC ,18945,28255,1153,3428,-9310,47200,60031
2015-11-17,SWISS FRANC ,19014,34343,69,6088,-15329,53357,67119
2015-11-24,SWISS FRANC ,18314,40523,-700,6180,-22209,58837,72945
2015-10-06,SWISS FRANC ,12406,16376,-860,395,-3970,28782,38826
2015-10-13,SWISS FRANC ,10863,13215,-1543,-3161,-2352,24078,34934
2015-10-20,SWISS FRANC ,11997,11372,1134,-1843,625,23369,35628
2015-10-27,SWISS FRANC ,13947,12448,1950,1076,1499,26395,38453
2015-09-01,SWISS FRANC ,5442,13945,553,-3541,-8503,19387,36203
2015-09-08,SWISS FRANC ,5585,12481,143,-1464,-6896,18066,40937
2015-09-15,SWISS FRANC ,19039,15257,13454,2776,3782,34296,37846
2015-09-22,SWISS FRANC ,13722,15598,-5317,341,-1876,29320,36981
2015-09-29,SWISS FRANC ,13266,15981,-456,383,-2715,29247,38229
2015-08-04,SWISS FRANC ,11364,12830,1603,3193,-1466,24194,37399
2015-08-11,SWISS FRANC ,9668,16680,-1696,3850,-7012,26348,43677
2015-08-18,SWISS FRANC ,8183,18051,-1485,1371,-9868,26234,43588
2015-08-25,SWISS FRANC ,4889,17486,-3294,-565,-12597,22375,37901
2015-07-07,SWISS FRANC ,9225,3104,-334,400,6121,12329,23740
2015-07-14,SWISS FRANC ,6498,3417,-2727,313,3081,9915,22390
2015-07-21,SWISS FRANC ,9881,6464,3383,3047,3417,16345,28424
2015-07-28,SWISS FRANC ,9761,9637,-120,3173,124,19398,32365
2015-06-02,SWISS FRANC ,12514,4155,1312,1283,8359,16669,32449
2015-06-09,SWISS FRANC ,13515,3386,1001,-769,10129,16901,33813
2015-06-16,SWISS FRANC ,8858,3500,-4657,114,5358,12358,19852
2015-06-23,SWISS FRANC ,9910,2838,1052,-662,7072,12748,21869
2015-06-30,SWISS FRANC ,9559,2704,-351,-134,6855,12263,21472
2015-05-05,SWISS FRANC ,14174,8843,3030,-966,5331,23017,34449
2015-05-12,SWISS FRANC ,14778,4228,604,-4615,10550,19006,33465
2015-05-19,SWISS FRANC ,12114,2709,-2664,-1519,9405,14823,31796
2015-05-26,SWISS FRANC ,11202,2872,-912,163,8330,14074,30432
2015-04-07,SWISS FRANC ,12746,12626,-933,-347,120,25372,33245
2015-04-14,SWISS FRANC ,12240,12070,-506,-556,170,24310,33935
2015-04-21,SWISS FRANC ,11105,10770,-1135,-1300,335,21875,31727
2015-04-28,SWISS FRANC ,11144,9809,39,-961,1335,20953,31585
2015-03-03,SWISS FRANC ,7027,13089,1799,2776,-6062,20116,40861
2015-03-10,SWISS FRANC ,7217,15597,190,2508,-8380,22814,52384
2015-03-17,SWISS FRANC ,18129,15894,10912,297,2235,34023,38889
2015-03-24,SWISS FRANC ,12604,16559,-5525,665,-3955,29163,36296
2015-03-31,SWISS FRANC ,13679,12973,1075,-3586,706,26652,34149
2015-02-03,SWISS FRANC ,8383,13733,-458,-2481,-5350,22116,38421
2015-02-10,SWISS FRANC ,5771,11257,-2612,-2476,-5486,17028,34459
2015-02-17,SWISS FRANC ,4740,10784,-1031,-473,-6044,15524,34204
2015-02-24,SWISS FRANC ,5228,10313,488,-471,-5085,15541,34765
2015-01-06,SWISS FRANC ,5547,29718,-3304,4322,-24171,35265,64427
2015-01-13,SWISS FRANC ,4922,31366,-625,1648,-26444,36288,66272
2015-01-20,SWISS FRANC ,8226,18035,3304,-13331,-9809,26261,47236
2015-01-27,SWISS FRANC ,8841,16214,615,-1821,-7373,25055,42956
2014-12-09,SWISS FRANC ,8971,31068,343,-482,-22097,40039,78496
2014-12-16,SWISS FRANC ,18905,22560,9934,-8508,-3655,41465,51377
2014-12-23,SWISS FRANC ,6514,23360,-12391,800,-16846,29874,55021
2014-12-30,SWISS FRANC ,8851,25396,2337,2036,-16545,34247,57951
2014-11-04,SWISS FRANC ,7844,28065,957,895,-20221,35909,59699
2014-11-11,SWISS FRANC ,8752,31427,908,3362,-22675,40179,61280
2014-11-18,SWISS FRANC ,9142,31258,390,-169,-22116,40400,60718
2014-10-07,SWISS FRANC ,15509,27928,3511,3373,-12419,43437,60516
2014-10-14,SWISS FRANC ,11113,28666,-4396,738,-17553,39779,60968
2014-10-21,SWISS FRANC ,7643,25505,-3470,-3161,-17862,33148,55550
2014-10-28,SWISS FRANC ,6887,27170,-756,1665,-20283,34057,57006
2014-09-02,SWISS FRANC ,9166,22333,1700,1828,-13167,31499,60436
2014-09-09,SWISS FRANC ,9856,23681,690,1348,-13825,33537,77317
2014-09-16,SWISS FRANC ,12889,24285,3033,604,-11396,37174,54929
2014-09-23,SWISS FRANC ,8354,21729,-4535,-2556,-13375,30083,52124
2014-09-30,SWISS FRANC ,11998,24555,3644,2826,-12557,36553,57223
2014-08-05,SWISS FRANC ,9247,28100,582,7671,-18853,37347,57238
2014-08-12,SWISS FRANC ,5247,22606,-4000,-5494,-17359,27853,51981
2014-08-19,SWISS FRANC ,6174,21666,927,-940,-15492,27840,50414
2014-08-26,SWISS FRANC ,7466,20505,1292,-1161,-13039,27971,53761
2014-07-01,SWISS FRANC ,9731,16991,662,2550,-7260,26722,35221
2014-07-08,SWISS FRANC ,9136,15949,-595,-1042,-6813,25085,35053
2014-07-15,SWISS FRANC ,8799,15061,-337,-888,-6262,23860,35007
2014-07-22,SWISS FRANC ,9642,17022,843,1961,-7380,26664,38359
2014-07-29,SWISS FRANC ,8665,20429,-977,3407,-11764,29094,44022
2014-06-03,SWISS FRANC ,11907,13919,348,-1512,-2012,25826,48936
2014-06-10,SWISS FRANC ,9615,12645,-2292,-1274,-3030,22260,52445
2014-06-17,SWISS FRANC ,15296,11776,5681,-869,3520,27072,32259
2014-06-24,SWISS FRANC ,9069,14441,-6227,2665,-5372,23510,33599
2014-05-06,SWISS FRANC ,25102,11918,3142,3661,13184,37020,55538
2014-05-13,SWISS FRANC ,16951,10145,-8151,-1773,6806,27096,45282
2014-05-20,SWISS FRANC ,17387,12368,436,2223,5019,29755,48803
2014-05-27,SWISS FRANC ,11559,15431,-5828,3063,-3872,26990,48284
2014-04-01,SWISS FRANC ,24800,10569,-237,351,14231,35369,47228
2014-04-08,SWISS FRANC ,19275,7940,-5525,-2629,11335,27215,44752
2014-04-15,SWISS FRANC ,23905,9839,4630,1899,14066,33744,48976
2014-04-22,SWISS FRANC ,21732,7709,-2173,-2130,14023,29441,46888
2014-04-29,SWISS FRANC ,21960,8257,228,548,13703,30217,47424
2014-03-04,SWISS FRANC ,21818,19650,2422,612,2168,41468,60532
2014-03-11,SWISS FRANC ,23097,14140,1279,-5510,8957,37237,66889
2014-03-18,SWISS FRANC ,25311,10195,2214,-3945,15116,35506,49391
2014-03-25,SWISS FRANC ,25037,10218,-274,23,14819,35255,47353
2014-02-04,SWISS FRANC ,13236,11016,1847,-814,2220,24252,41918
2014-02-11,SWISS FRANC ,12166,11611,-1070,595,555,23777,42433
2014-02-18,SWISS FRANC ,14188,17016,2022,5405,-2828,31204,51003
2014-02-25,SWISS FRANC ,19396,19038,5208,2022,358,38434,55157
2014-01-07,SWISS FRANC ,18813,14086,-7694,-1532,4727,32899,42087
2014-01-14,SWISS FRANC ,12601,15542,-6212,1456,-2941,28143,42791
2014-01-21,SWISS FRANC ,11645,13566,-956,-1976,-1921,25211,42110
2014-01-28,SWISS FRANC ,11389,11830,-256,-1736,-441,23219,40869
2013-12-03,SWISS FRANC ,14489,7942,1477,-418,6547,22431,45862
2013-12-10,SWISS FRANC ,22213,10215,7724,2273,11998,32428,64506
2013-12-17,SWISS FRANC ,25292,13337,3079,3122,11955,38629,47367
2013-12-24,SWISS FRANC ,26537,14617,1245,1280,11920,41154,51131
2013-11-05,SWISS FRANC ,20479,12384,-2248,1108,8095,32863,52752
2013-11-12,SWISS FRANC ,14122,10933,-6357,-1451,3189,25055,44399
2013-11-19,SWISS FRANC ,13098,9429,-1024,-1504,3669,22527,41770
2013-11-26,SWISS FRANC ,13012,8360,-86,-1069,4652,21372,42421
2013-10-01,SWISS FRANC ,17898,11262,2769,1878,6636,29160,45298
2013-10-08,SWISS FRANC ,20313,9898,2415,-1364,10415,30211,51017
2013-10-15,SWISS FRANC ,21757,10990,1444,1092,10767,32747,50287
2013-10-22,SWISS FRANC ,22175,11244,418,254,10931,33419,52402
2013-10-29,SWISS FRANC ,22727,11276,552,32,11451,34003,54705
2013-09-03,SWISS FRANC ,10809,9750,-787,-1444,1059,20559,40091
2013-09-10,SWISS FRANC ,10598,10178,-211,428,420,20776,38760
2013-09-17,SWISS FRANC ,9992,9376,-606,-802,616,19368,29094
2013-09-24,SWISS FRANC ,15129,9384,5137,8,5745,24513,39512
2013-08-06,SWISS FRANC ,8756,9081,-775,-1711,-325,17837,34942
2013-08-13,SWISS FRANC ,10626,8490,1870,-591,2136,19116,37584
2013-08-20,SWISS FRANC ,12061,11770,1435,3280,291,23831,41138
2013-08-27,SWISS FRANC ,11596,11194,-465,-576,402,22790,41682
2013-07-02,SWISS FRANC ,8919,9035,-1013,1567,-116,17954,31795
2013-07-09,SWISS FRANC ,12307,14083,3388,5048,-1776,26390,39437
2013-07-16,SWISS FRANC ,10754,15723,-1553,1640,-4969,26477,40258
2013-07-23,SWISS FRANC ,6339,11772,-4415,-3951,-5433,18111,34906
2013-07-30,SWISS FRANC ,9531,10792,3192,-980,-1261,20323,34099
2013-06-04,SWISS FRANC ,5871,31674,-2065,-5234,-25803,37545,64552
2019-12-24,SWISS FRANC ,14516,24195,754,-641,-9679,38711,60450
2013-06-25,SWISS FRANC ,9932,7468,-5045,-1718,2464,17400,31477
2013-05-07,SWISS FRANC ,7291,13526,-841,-2870,-6235,20817,49245
2013-05-14,SWISS FRANC ,9550,24960,2259,11434,-15410,34510,58084
2013-05-21,SWISS FRANC ,8814,28744,-736,3784,-19930,37558,65146
2013-05-28,SWISS FRANC ,7936,36908,-878,8164,-28972,44844,70015
2013-04-02,SWISS FRANC ,9789,21804,1121,938,-12015,31593,51473
2013-04-09,SWISS FRANC ,6570,16584,-3219,-5220,-10014,23154,42751
2013-04-16,SWISS FRANC ,14954,18207,8384,1623,-3253,33161,53769
2013-04-23,SWISS FRANC ,13249,12070,-1705,-6137,1179,25319,50101
2013-04-30,SWISS FRANC ,8132,16396,-5117,4326,-8264,24528,50872
2013-03-05,SWISS FRANC ,7092,18542,-1073,2186,-11450,25634,55311
2013-03-12,SWISS FRANC ,6206,19694,-886,1152,-13488,25900,69408
2013-03-26,SWISS FRANC ,8668,20866,-2475,-1273,-12198,29534,49575
2013-02-05,SWISS FRANC ,13091,9215,1097,1369,3876,22306,43585
2013-02-12,SWISS FRANC ,12113,7561,-978,-1654,4552,19674,41850
2013-02-19,SWISS FRANC ,11069,11744,-1044,4183,-675,22813,42833
2013-02-26,SWISS FRANC ,8165,16356,-2904,4612,-8191,24521,47602
2013-01-08,SWISS FRANC ,19604,9343,-4196,-2826,10261,28947,46716
2013-01-15,SWISS FRANC ,19007,6237,-597,-3106,12770,25244,43176
2013-01-22,SWISS FRANC ,15232,8848,-3775,2611,6384,24080,39483
2013-01-29,SWISS FRANC ,11994,7846,-3238,-1002,4148,19840,38618
2012-12-04,SWISS FRANC ,11722,11086,1978,-2025,636,22808,44798
2012-12-11,SWISS FRANC ,11243,8034,-479,-3052,3209,19277,48835
2012-12-18,SWISS FRANC ,17361,13081,6118,5047,4280,30442,43412
2012-12-24,SWISS FRANC ,21897,10462,4536,-2619,11435,32359,48634
2012-12-31,SWISS FRANC ,23800,12169,1903,1707,11631,35969,50182
2012-11-06,SWISS FRANC ,13509,13812,1724,4393,-303,27321,40311
2012-11-13,SWISS FRANC ,11388,20276,-2121,6464,-8888,31664,46940
2012-11-20,SWISS FRANC ,7220,19708,-4168,-568,-12488,26928,46210
2012-11-27,SWISS FRANC ,9744,13111,2524,-6597,-3367,22855,42767
2012-10-02,SWISS FRANC ,12641,13625,-926,-846,-984,26266,37313
2012-10-09,SWISS FRANC ,11676,11982,-965,-1643,-306,23658,35264
2012-10-16,SWISS FRANC ,10289,11481,-1387,-501,-1192,21770,36487
2012-10-23,SWISS FRANC ,10756,8395,467,-3086,2361,19151,36769
2012-10-30,SWISS FRANC ,11785,9419,1029,1024,2366,21204,37591
2012-09-04,SWISS FRANC ,9013,22125,-1671,-20,-13112,31138,55949
2012-09-11,SWISS FRANC ,11648,20615,2635,-1510,-8967,32263,58031
2012-09-18,SWISS FRANC ,13626,18153,1978,-2462,-4527,31779,38449
2012-09-25,SWISS FRANC ,13567,14471,-59,-3682,-904,28038,37328
2012-08-07,SWISS FRANC ,6771,24686,1362,469,-17915,31457,56379
2012-08-14,SWISS FRANC ,6140,24994,-631,308,-18854,31134,56773
2012-08-21,SWISS FRANC ,5921,21583,-219,-3411,-15662,27504,54619
2012-08-28,SWISS FRANC ,10684,22145,4763,562,-11461,32829,55426
2012-07-03,SWISS FRANC ,5263,24323,626,-4150,-19060,29586,53322
2012-07-10,SWISS FRANC ,5815,23399,552,-924,-17584,29214,58117
2012-07-17,SWISS FRANC ,6209,29299,394,5900,-23090,35508,62836
2012-07-24,SWISS FRANC ,5102,31047,-1107,1748,-25945,36149,64375
2012-07-31,SWISS FRANC ,5409,24217,307,-6830,-18808,29626,59536
2012-06-05,SWISS FRANC ,5747,39395,-1135,1917,-33648,45142,71967
2012-06-12,SWISS FRANC ,5220,38521,-527,-874,-33301,43741,92023
2012-06-19,SWISS FRANC ,24108,31115,18888,-7406,-7007,55223,55756
2012-06-26,SWISS FRANC ,4637,28473,-19471,-2642,-23836,33110,52447
2012-05-01,SWISS FRANC ,5692,20003,1380,-950,-14311,25695,41657
2012-05-08,SWISS FRANC ,4980,21474,-712,1471,-16494,26454,45717
2012-05-15,SWISS FRANC ,6127,32821,1147,11347,-26694,38948,63543
2012-05-22,SWISS FRANC ,4901,39752,-1226,6931,-34851,44653,71832
2012-05-29,SWISS FRANC ,6882,37478,1981,-2274,-30596,44360,71895
2012-04-03,SWISS FRANC ,6615,21291,322,-98,-14676,27906,43624
2012-04-10,SWISS FRANC ,6548,16467,-67,-4824,-9919,23015,39995
2012-04-17,SWISS FRANC ,6040,19802,-508,3335,-13762,25842,41358
2012-04-24,SWISS FRANC ,4312,20953,-1728,1151,-16641,25265,40155
2012-03-06,SWISS FRANC ,8114,27592,-1661,-1574,-19478,35706,53649
2012-03-13,SWISS FRANC ,9351,24149,1237,-3443,-14798,33500,56305
2012-03-20,SWISS FRANC ,11747,22938,2396,-1211,-11191,34685,43616
2012-03-27,SWISS FRANC ,6293,21389,-5454,-1549,-15096,27682,42852
2012-02-07,SWISS FRANC ,8331,18126,1854,427,-9795,26457,42826
2012-02-14,SWISS FRANC ,8663,24526,332,6400,-15863,33189,48092
2012-02-21,SWISS FRANC ,7900,27746,-763,3220,-19846,35646,51197
2012-02-28,SWISS FRANC ,9775,29166,1875,1420,-19391,38941,52360
2012-01-03,SWISS FRANC ,3787,16142,-42,1515,-12355,19929,37999
2012-01-10,SWISS FRANC ,5112,17209,1325,1067,-12097,22321,41869
2012-01-17,SWISS FRANC ,4649,17471,-463,262,-12822,22120,41577
2012-01-24,SWISS FRANC ,5172,17686,523,215,-12514,22858,39314
2012-01-31,SWISS FRANC ,6477,17699,1305,13,-11222,24176,40836
2011-12-06,SWISS FRANC ,4358,15516,-592,1239,-11158,19874,42548
2011-12-13,SWISS FRANC ,5005,15486,647,-30,-10481,20491,56102
2011-12-20,SWISS FRANC ,10417,13553,5412,-1933,-3136,23970,33020
2011-12-27,SWISS FRANC ,3829,14627,-6588,1074,-10798,18456,35741
2011-11-01,SWISS FRANC ,3224,4970,-1853,-1310,-1746,8194,23607
2011-11-08,SWISS FRANC ,6928,4766,3704,-204,2162,11694,25539
2011-11-15,SWISS FRANC ,5308,7212,-1620,2446,-1904,12520,30206
2011-11-22,SWISS FRANC ,4049,9919,-1259,2707,-5870,13968,31022
2011-11-29,SWISS FRANC ,4950,14277,901,4358,-9327,19227,37224
2011-10-04,SWISS FRANC ,5110,6219,-1508,2025,-1109,11329,24964
2011-10-11,SWISS FRANC ,5233,5220,123,-999,13,10453,24317
2011-10-18,SWISS FRANC ,3829,6072,-1404,852,-2243,9901,26097
2011-10-25,SWISS FRANC ,5077,6280,1248,208,-1203,11357,27697
2011-09-06,SWISS FRANC ,12589,5040,-758,1035,7549,17629,45785
2011-09-13,SWISS FRANC ,10409,4916,-2180,-124,5493,15325,43828
2011-09-20,SWISS FRANC ,7258,3037,-3151,-1879,4221,10295,21500
2011-09-27,SWISS FRANC ,6618,4194,-640,1157,2424,10812,23123
2011-08-02,SWISS FRANC ,25593,13252,4490,26,12341,38845,56911
2011-08-09,SWISS FRANC ,14449,9794,-11144,-3458,4655,24243,53055
2011-08-16,SWISS FRANC ,13330,4322,-1119,-5472,9008,17652,48498
2011-08-23,SWISS FRANC ,14889,5252,1559,930,9637,20141,48964
2011-08-30,SWISS FRANC ,13347,4005,-1542,-1247,9342,17352,45566
2011-07-05,SWISS FRANC ,15983,10692,-5429,-772,5291,26675,47566
2011-07-12,SWISS FRANC ,18139,10058,2156,-634,8081,28197,48630
2011-07-19,SWISS FRANC ,21159,9665,3020,-393,11494,30824,52133
2011-07-26,SWISS FRANC ,21103,13226,-56,3561,7877,34329,53513
2011-06-07,SWISS FRANC ,26290,9425,-1556,2698,16865,35715,74339
2011-06-14,SWISS FRANC ,25555,12268,-735,2843,13287,37823,54048
2011-06-21,SWISS FRANC ,23700,11887,-1855,-381,11813,35587,51304
2011-06-28,SWISS FRANC ,21412,11464,-2288,-423,9948,32876,51227
2011-05-03,SWISS FRANC ,28551,10170,1002,462,18381,38721,72778
2011-05-10,SWISS FRANC ,27905,11569,-646,1399,16336,39474,72312
2011-05-17,SWISS FRANC ,24409,8748,-3496,-2821,15661,33157,68304
2011-05-24,SWISS FRANC ,23088,8363,-1321,-385,14725,31451,66776
2011-05-31,SWISS FRANC ,27846,6727,4758,-1636,21119,34573,67713
2011-04-05,SWISS FRANC ,21588,10745,-2596,5518,10843,32333,59954
2011-04-12,SWISS FRANC ,22272,7615,684,-3130,14657,29887,61505
2011-04-19,SWISS FRANC ,27271,9897,4999,2282,17374,37168,69281
2011-04-26,SWISS FRANC ,27549,9708,278,-189,17841,37257,71635
2011-03-01,SWISS FRANC ,29218,11201,10892,5166,18017,40419,57360
2011-03-08,SWISS FRANC ,30841,7180,1623,-4021,23661,38021,62936
2011-03-15,SWISS FRANC ,32295,4655,1454,-2525,27640,36950,61506
2011-03-22,SWISS FRANC ,24883,3582,-7412,-1073,21301,28465,56786
2011-03-29,SWISS FRANC ,24184,5227,-699,1645,18957,29411,56730
2011-02-01,SWISS FRANC ,22079,11638,4404,557,10441,33717,46750
2011-02-08,SWISS FRANC ,22686,14505,607,2867,8181,37191,47876
2011-02-15,SWISS FRANC ,17467,6949,-5219,-7556,10518,24416,41934
2011-02-22,SWISS FRANC ,18326,6035,859,-914,12291,24361,43931
2011-01-04,SWISS FRANC ,24487,11455,138,1108,13032,35942,47484
2011-01-11,SWISS FRANC ,20497,9679,-3990,-1776,10818,30176,42839
2011-01-18,SWISS FRANC ,19711,12719,-786,3040,6992,32430,41839
2011-01-25,SWISS FRANC ,17675,11081,-2036,-1638,6594,28756,40470
2010-12-07,SWISS FRANC ,18014,9027,1774,611,8987,27041,42914
2010-12-14,SWISS FRANC ,20794,10078,2780,1051,10716,30872,39804
2010-12-21,SWISS FRANC ,25365,12838,4571,2760,12527,38203,44704
2010-12-28,SWISS FRANC ,24349,10347,-1016,-2491,14002,34696,46356
2010-11-02,SWISS FRANC ,23363,10898,-1237,-1183,12465,34261,48129
2010-11-09,SWISS FRANC ,24911,12296,1548,1398,12615,37207,51000
2010-11-16,SWISS FRANC ,18005,10202,-6906,-2094,7803,28207,44579
2010-11-23,SWISS FRANC ,14709,6198,-3296,-4004,8511,20907,40065
2010-11-30,SWISS FRANC ,16240,8416,1531,2218,7824,24656,43600
2010-10-05,SWISS FRANC ,31693,9094,4038,1432,22599,40787,56636
2010-10-12,SWISS FRANC ,31504,11557,-189,2463,19947,43061,57722
2010-10-19,SWISS FRANC ,24908,13673,-6596,2116,11235,38581,54022
2010-10-26,SWISS FRANC ,24600,12081,-308,-1592,12519,36681,50068
2010-09-07,SWISS FRANC ,25464,8837,4279,1933,16627,34301,74713
2010-09-14,SWISS FRANC ,27800,13564,2336,4727,14236,41364,49352
2010-09-21,SWISS FRANC ,26272,11810,-1528,-1754,14462,38082,49910
2010-09-28,SWISS FRANC ,27655,7662,1383,-4148,19993,35317,53452
2010-08-03,SWISS FRANC ,20302,4079,5019,-4988,16223,24381,57976
2010-08-10,SWISS FRANC ,16775,5874,-3527,1795,10901,22649,52566
2010-08-17,SWISS FRANC ,18041,6291,1266,417,11750,24332,54560
2010-08-24,SWISS FRANC ,20735,6867,2694,576,13868,27602,57316
2010-08-31,SWISS FRANC ,21185,6904,450,37,14281,28089,60655
2010-07-06,SWISS FRANC ,7627,15082,-20,-5413,-7455,22709,45002
2010-07-13,SWISS FRANC ,18237,3647,10610,-11435,14590,21884,53056
2010-07-20,SWISS FRANC ,19977,4864,1740,1217,15113,24841,54918
2010-07-27,SWISS FRANC ,15283,9067,-4694,4203,6216,24350,55722
2010-06-01,SWISS FRANC ,11139,25863,-350,1755,-14724,37002,49959
2010-06-08,SWISS FRANC ,14111,25526,2972,-337,-11415,39637,59622
2010-06-15,SWISS FRANC ,8852,25328,-5259,-198,-16476,34180,44092
2010-06-22,SWISS FRANC ,9620,19885,768,-5443,-10265,29505,43561
2010-06-29,SWISS FRANC ,7647,20495,-1973,610,-12848,28142,42840
2010-05-04,SWISS FRANC ,12665,29257,-366,2613,-16592,41922,51339
2010-05-11,SWISS FRANC ,10020,27547,-2645,-1710,-17527,37567,50562
2010-05-18,SWISS FRANC ,10616,25174,596,-2373,-14558,35790,48242
2010-05-25,SWISS FRANC ,11489,24108,873,-1066,-12619,35597,48163
2010-04-06,SWISS FRANC ,9777,13929,3042,654,-4152,23706,32272
2010-04-13,SWISS FRANC ,10417,15371,640,1442,-4954,25788,33886
2010-04-20,SWISS FRANC ,9838,15220,-579,-151,-5382,25058,33431
2010-04-27,SWISS FRANC ,13031,26644,3193,11424,-13613,39675,49308
2010-03-02,SWISS FRANC ,11508,17818,-611,-3120,-6310,29326,42147
2010-03-09,SWISS FRANC ,10727,15872,-781,-1946,-5145,26599,47810
2010-03-16,SWISS FRANC ,8977,14210,-1750,-1662,-5233,23187,32157
2010-03-23,SWISS FRANC ,9239,10327,262,-3883,-1088,19566,30910
2010-03-30,SWISS FRANC ,6735,13275,-2504,2948,-6540,20010,28290
2010-02-02,SWISS FRANC ,10344,12119,-2077,5403,-1775,22463,36263
2010-02-09,SWISS FRANC ,9219,16115,-1125,3996,-6896,25334,42359
2010-02-16,SWISS FRANC ,10763,15430,1544,-685,-4667,26193,40881
2010-02-23,SWISS FRANC ,12119,20938,1356,5508,-8819,33057,45407
2010-01-05,SWISS FRANC ,12488,15268,2154,-2117,-2780,27756,35161
2010-01-12,SWISS FRANC ,17213,3287,4725,-11981,13926,20500,38204
2010-01-19,SWISS FRANC ,17281,3310,68,23,13971,20591,37744
2010-01-26,SWISS FRANC ,12421,6716,-4860,3406,5705,19137,34075
2009-12-01,SWISS FRANC ,28904,4179,2768,160,24725,33083,56659
2009-12-08,SWISS FRANC ,20177,6829,-8727,2650,13348,27006,49595
2009-12-15,SWISS FRANC ,11305,10844,-8872,4015,461,22149,33591
2009-12-22,SWISS FRANC ,9084,13652,-2221,2808,-4568,22736,34198
2009-12-29,SWISS FRANC ,10334,17385,1250,3733,-7051,27719,38033
2009-11-03,SWISS FRANC ,21171,2506,-2933,-3753,18665,23677,46414
2009-11-09,SWISS FRANC ,25717,2419,4546,-87,23298,28136,53280
2009-11-17,SWISS FRANC ,25311,3112,-406,693,22199,28423,54018
2009-11-24,SWISS FRANC ,26136,4019,825,907,22117,30155,54159
2009-10-06,SWISS FRANC ,28261,4791,5404,-473,23470,33052,49587
2009-10-13,SWISS FRANC ,27537,5258,-724,467,22279,32795,50413
2009-10-20,SWISS FRANC ,30017,6164,2480,906,23853,36181,54748
2009-10-27,SWISS FRANC ,24104,6259,-5913,95,17845,30363,50703
2009-09-01,SWISS FRANC ,19627,5375,-4022,-1476,14252,25002,44607
2009-09-08,SWISS FRANC ,23371,5234,3744,-141,18137,28605,52293
2009-09-15,SWISS FRANC ,24026,5835,655,601,18191,29861,45016
2009-09-22,SWISS FRANC ,28968,5177,4942,-658,23791,34145,52087
2009-09-29,SWISS FRANC ,22857,5264,-6111,87,17593,28121,45542
2009-08-04,SWISS FRANC ,21341,6829,2533,2191,14512,28170,42223
2009-08-11,SWISS FRANC ,10962,10999,-10379,4170,-37,21961,32801
2009-08-18,SWISS FRANC ,12121,5366,1159,-5633,6755,17487,30291
2009-08-25,SWISS FRANC ,23649,6851,11528,1485,16798,30500,46196
2009-07-07,SWISS FRANC ,16476,5422,-147,-511,11054,21898,33308
2009-07-14,SWISS FRANC ,16950,6158,474,736,10792,23108,33833
2009-07-21,SWISS FRANC ,20182,6985,3232,827,13197,27167,39639
2009-07-28,SWISS FRANC ,18808,4638,-1374,-2347,14170,23446,37313
2009-06-02,SWISS FRANC ,15412,6813,1483,-442,8599,22225,42429
2009-06-09,SWISS FRANC ,14879,6405,-533,-408,8474,21284,48715
2009-06-16,SWISS FRANC ,16146,8244,1267,1839,7902,24390,30453
2009-06-23,SWISS FRANC ,22023,7615,5877,-629,14408,29638,39777
2009-06-30,SWISS FRANC ,16623,5933,-5400,-1682,10690,22556,32774
2009-05-05,SWISS FRANC ,4756,5499,-151,-4330,-743,10255,26366
2009-05-12,SWISS FRANC ,8692,7073,3936,1574,1619,15765,32340
2009-05-19,SWISS FRANC ,11497,6888,2805,-185,4609,18385,35951
2009-05-26,SWISS FRANC ,13929,7255,2432,367,6674,21184,39627
2009-04-07,SWISS FRANC ,3895,7436,-173,-1043,-3541,11331,25914
2009-04-14,SWISS FRANC ,3404,8459,-491,1023,-5055,11863,27406
2009-04-21,SWISS FRANC ,5718,17803,2314,9344,-12085,23521,33601
2009-04-28,SWISS FRANC ,4907,9829,-811,-7974,-4922,14736,27107
2009-03-03,SWISS FRANC ,4253,17163,-884,838,-12910,21416,36848
2009-03-10,SWISS FRANC ,4784,16237,531,-926,-11453,21021,39747
2009-03-17,SWISS FRANC ,5942,14380,1158,-1857,-8438,20322,31126
2009-03-24,SWISS FRANC ,6311,9459,369,-4921,-3148,15770,27937
2009-03-31,SWISS FRANC ,4068,8479,-2243,-980,-4411,12547,27578
2009-02-03,SWISS FRANC ,3801,14941,-518,434,-11140,18742,29006
2009-02-10,SWISS FRANC ,3613,15134,-188,193,-11521,18747,32070
2009-02-17,SWISS FRANC ,4848,15986,1235,852,-11138,20834,34470
2009-02-24,SWISS FRANC ,5137,16325,289,339,-11188,21462,33873
2009-01-06,SWISS FRANC ,5978,11845,1010,3030,-5867,17823,25435
2009-01-13,SWISS FRANC ,4826,11060,-1152,-785,-6234,15886,24703
2009-01-20,SWISS FRANC ,5135,11509,309,449,-6374,16644,24527
2009-01-27,SWISS FRANC ,4319,14507,-816,2998,-10188,18826,28119
2008-12-02,SWISS FRANC ,2328,20568,-1325,502,-18240,22896,42123
2008-12-09,SWISS FRANC ,1620,15694,-708,-4874,-14074,17314,38990
2008-12-16,SWISS FRANC ,1826,7137,206,-8557,-5311,8963,20142
2008-12-22,SWISS FRANC ,4310,8466,2484,1329,-4156,12776,24773
2008-12-30,SWISS FRANC ,4968,8815,658,349,-3847,13783,25073
2008-11-04,SWISS FRANC ,7416,14617,1690,-5425,-7201,22033,41403
2008-11-11,SWISS FRANC ,4826,14982,-2590,365,-10156,19808,39893
2008-11-18,SWISS FRANC ,5740,19329,914,4347,-13589,25069,43937
2008-11-25,SWISS FRANC ,3653,20066,-2087,737,-16413,23719,42747
2008-10-07,SWISS FRANC ,8291,19820,2338,2418,-11529,28111,39137
2008-10-14,SWISS FRANC ,5222,18304,-3069,-1516,-13082,23526,38302
2008-10-21,SWISS FRANC ,3953,19875,-1269,1571,-15922,23828,39838
2008-10-28,SWISS FRANC ,5726,20042,1773,167,-14316,25768,39184
2008-09-02,SWISS FRANC ,12059,25322,-89,-155,-13263,37381,64084
2008-09-09,SWISS FRANC ,11076,25991,-983,669,-14915,37067,70332
2008-09-16,SWISS FRANC ,7451,20899,-3625,-5092,-13448,28350,39036
2008-09-23,SWISS FRANC ,8345,16452,894,-4447,-8107,24797,42296
2008-09-30,SWISS FRANC ,5953,17402,-2392,950,-11449,23355,39047
2008-08-05,SWISS FRANC ,14986,23969,-2415,1913,-8983,38955,59128
2008-08-12,SWISS FRANC ,13555,21938,-1431,-2031,-8383,35493,58312
2008-08-19,SWISS FRANC ,9683,23085,-3872,1147,-13402,32768,62081
2008-08-26,SWISS FRANC ,12148,25477,2465,2392,-13329,37625,65910
2008-07-01,SWISS FRANC ,26040,19433,11959,2951,6607,45473,56638
2008-07-08,SWISS FRANC ,18085,22782,-7955,3349,-4697,40867,52188
2008-07-15,SWISS FRANC ,32874,17830,14789,-4952,15044,50704,63754
2008-07-22,SWISS FRANC ,17900,19566,-14974,1736,-1666,37466,51791
2008-07-29,SWISS FRANC ,17401,22056,-499,2490,-4655,39457,56449
2008-06-03,SWISS FRANC ,14128,21399,-4779,-7357,-7271,35527,65317
2008-06-10,SWISS FRANC ,15820,19552,1692,-1847,-3732,35372,68666
2008-06-17,SWISS FRANC ,10824,19738,-4996,186,-8914,30562,44091
2008-06-24,SWISS FRANC ,14081,16482,3257,-3256,-2401,30563,45574
2008-05-06,SWISS FRANC ,19125,23262,-7500,3638,-4137,42387,63405
2008-05-13,SWISS FRANC ,13758,31194,-5367,7932,-17436,44952,69188
2008-05-20,SWISS FRANC ,19037,23980,5279,-7214,-4943,43017,62984
2008-05-27,SWISS FRANC ,18907,28756,-130,4776,-9849,47663,69571
2008-04-01,SWISS FRANC ,30785,21904,17,1917,8881,52689,56967
2008-04-08,SWISS FRANC ,24145,23228,-6640,1324,917,47373,57506
2008-04-15,SWISS FRANC ,27058,21824,2913,-1404,5234,48882,61278
2008-04-22,SWISS FRANC ,24731,21722,-2327,-102,3009,46453,59593
2008-04-29,SWISS FRANC ,26625,19624,1894,-2098,7001,46249,59678
2008-03-04,SWISS FRANC ,24647,24480,-7438,1167,167,49127,81574
2008-03-11,SWISS FRANC ,25646,29894,999,5414,-4248,55540,90384
2008-03-18,SWISS FRANC ,24560,13336,-1086,-16558,11224,37896,54366
2008-03-25,SWISS FRANC ,30768,19987,6208,6651,10781,50755,57488
2008-02-05,SWISS FRANC ,22588,19802,-5990,457,2786,42390,64353
2008-02-12,SWISS FRANC ,17550,14370,-5038,-5432,3180,31920,57989
2008-02-19,SWISS FRANC ,23979,22992,6429,8622,987,46971,68500
2008-02-26,SWISS FRANC ,32085,23313,8106,321,8772,55398,78947
2008-01-08,SWISS FRANC ,21345,23516,2843,395,-2171,44861,62749
2008-01-15,SWISS FRANC ,25415,20253,4070,-3263,5162,45668,67556
2008-01-22,SWISS FRANC ,28949,13573,3534,-6680,15376,42522,71705
2008-01-29,SWISS FRANC ,28578,19345,-371,5772,9233,47923,70806
2007-12-04,SWISS FRANC ,30533,23490,-6539,-380,7043,54023,77920
2007-12-11,SWISS FRANC ,26684,24751,-3849,1261,1933,51435,86792
2007-12-18,SWISS FRANC ,14677,21661,-12007,-3090,-6984,36338,60246
2007-12-24,SWISS FRANC ,12643,24140,-2034,2479,-11497,36783,60681
2007-12-31,SWISS FRANC ,18502,23121,5859,-1019,-4619,41623,61358
2007-11-06,SWISS FRANC ,32575,30156,301,8672,2419,62731,86821
2007-11-13,SWISS FRANC ,33093,17590,518,-12566,15503,50683,77136
2007-11-20,SWISS FRANC ,37165,23433,4072,5843,13732,60598,83181
2007-11-27,SWISS FRANC ,37072,23870,-93,437,13202,60942,81879
2007-10-02,SWISS FRANC ,31596,34674,-1362,8008,-3078,66270,75617
2007-10-09,SWISS FRANC ,28185,32276,-3411,-2398,-4091,60461,70197
2007-10-16,SWISS FRANC ,26550,34739,-1635,2463,-8189,61289,76520
2007-10-23,SWISS FRANC ,26611,24101,61,-10638,2510,50712,69629
2007-10-30,SWISS FRANC ,32274,21484,5663,-2617,10790,53758,72401
2007-09-04,SWISS FRANC ,12078,46553,-5845,10507,-34475,58631,131156
2007-09-11,SWISS FRANC ,26527,23866,14449,-22687,2661,50393,136045
2007-09-18,SWISS FRANC ,28647,23158,2120,-708,5489,51805,66122
2007-09-25,SWISS FRANC ,32958,26666,4311,3508,6292,59624,70582
2007-08-07,SWISS FRANC ,34401,36705,6092,-6237,-2304,71106,121823
2007-08-14,SWISS FRANC ,26255,40245,-8146,3540,-13990,66500,117264
2007-08-21,SWISS FRANC ,14642,31921,-11613,-8324,-17279,46563,111735
2007-08-28,SWISS FRANC ,17923,36046,3281,4125,-18123,53969,118870
2007-07-03,SWISS FRANC ,14876,48451,6573,-18683,-33575,63327,95030
2007-07-10,SWISS FRANC ,20339,58411,5463,9960,-38072,78750,102992
2007-07-17,SWISS FRANC ,24189,59743,3850,1332,-35554,83932,110578
2007-07-24,SWISS FRANC ,21909,64786,-2280,5043,-42877,86695,115383
2007-07-31,SWISS FRANC ,28309,42942,6400,-21844,-14633,71251,116838
2007-06-05,SWISS FRANC ,11536,69788,1892,936,-58252,81324,99547
2007-06-12,SWISS FRANC ,10341,89522,-1195,19734,-79181,99863,155140
2007-06-19,SWISS FRANC ,6682,86013,-3659,-3509,-79331,92695,110556
2007-06-26,SWISS FRANC ,8303,67134,1621,-18879,-58831,75437,101945
2007-05-01,SWISS FRANC ,16669,47839,-6560,7759,-31170,64508,79989
2007-05-08,SWISS FRANC ,14860,49212,-1809,1373,-34352,64072,81736
2007-05-15,SWISS FRANC ,17093,51838,2233,2626,-34745,68931,81328
2007-05-22,SWISS FRANC ,9372,75241,-7721,23403,-65869,84613,100303
2007-05-29,SWISS FRANC ,9644,68852,272,-6389,-59208,78496,97517
2007-04-03,SWISS FRANC ,10294,37559,-8303,7403,-27265,47853,57666
2007-04-10,SWISS FRANC ,13453,36659,3159,-900,-23206,50112,58718
2007-04-17,SWISS FRANC ,17907,40279,4454,3620,-22372,58186,67565
2007-04-24,SWISS FRANC ,23229,40080,5322,-199,-16851,63309,77956
2007-03-06,SWISS FRANC ,16859,38726,1036,-21782,-21867,55585,83320
2007-03-13,SWISS FRANC ,15012,39903,-1847,1177,-24891,54915,88190
2007-03-20,SWISS FRANC ,16020,31022,1008,-8881,-15002,47042,53302
2007-03-27,SWISS FRANC ,18597,30156,2577,-866,-11559,48753,52720
2007-02-06,SWISS FRANC ,9393,52318,3574,-13081,-42925,61711,93536
2007-02-13,SWISS FRANC ,6693,70099,-2700,17781,-63406,76792,107988
2007-02-20,SWISS FRANC ,5525,61078,-1168,-9021,-55553,66603,100274
2007-02-27,SWISS FRANC ,15823,60508,10298,-570,-44685,76331,103378
2007-01-03,SWISS FRANC ,11280,34078,-6334,4179,-22798,45358,64732
2007-01-09,SWISS FRANC ,7698,48069,-3582,13991,-40371,55767,80925
2007-01-16,SWISS FRANC ,6476,48724,-1222,655,-42248,55200,83803
2007-01-23,SWISS FRANC ,5290,49371,-1186,647,-44081,54661,83065
2007-01-30,SWISS FRANC ,5819,65399,529,16028,-59580,71218,99642
2006-12-05,SWISS FRANC ,25835,32303,3874,-3561,-6468,58138,80908
2006-12-12,SWISS FRANC ,24981,34753,-854,2450,-9772,59734,92840
2006-12-19,SWISS FRANC ,18315,29153,-6666,-5600,-10838,47468,54652
2006-12-26,SWISS FRANC ,17614,29899,-701,746,-12285,47513,57050
2006-11-07,SWISS FRANC ,14326,70027,3096,11728,-55701,84353,103184
2006-11-14,SWISS FRANC ,9883,52428,-4443,-17599,-42545,62311,87935
2006-11-21,SWISS FRANC ,10633,49430,750,-2998,-38797,60063,84320
2006-11-28,SWISS FRANC ,21961,35864,11328,-13566,-13903,57825,78706
2006-10-03,SWISS FRANC ,10759,40886,262,1369,-30127,51645,72687
2006-10-10,SWISS FRANC ,8870,69290,-1889,28404,-60420,78160,95979
2006-10-17,SWISS FRANC ,10504,77712,1634,8422,-67208,88216,105046
2006-10-24,SWISS FRANC ,9331,79554,-1173,1842,-70223,88885,107816
2006-10-31,SWISS FRANC ,11230,58299,1899,-21255,-47069,69529,89968
2006-09-05,SWISS FRANC ,11221,30367,-1397,5114,-19146,41588,70053
2006-09-12,SWISS FRANC ,12013,45254,792,14887,-33241,57267,98012
2006-09-19,SWISS FRANC ,10111,54145,-1902,8891,-44034,64256,76994
2006-09-26,SWISS FRANC ,10497,39517,386,-14628,-29020,50014,69977
2006-08-01,SWISS FRANC ,17487,26881,876,-10690,-9394,44368,65105
2006-08-08,SWISS FRANC ,21484,36337,3997,9456,-14853,57821,72643
2006-08-15,SWISS FRANC ,13082,28329,-8402,-8008,-15247,41411,66021
2006-08-22,SWISS FRANC ,16847,27312,3765,-1017,-10465,44159,68484
2006-08-29,SWISS FRANC ,12618,25253,-4229,-2059,-12635,37871,68787
2006-07-03,SWISS FRANC ,21327,25641,6818,-4757,-4314,46968,58809
2006-07-11,SWISS FRANC ,20120,27379,-1207,1738,-7259,47499,62771
2006-07-18,SWISS FRANC ,18116,33533,-2004,6154,-15417,51649,69612
2006-07-25,SWISS FRANC ,16611,37571,-1505,4038,-20960,54182,73560
2006-06-06,SWISS FRANC ,26639,17319,-3625,-2414,9320,43958,107626
2006-06-13,SWISS FRANC ,21176,24058,-5463,6739,-2882,45234,122926
2006-06-20,SWISS FRANC ,20297,25769,-879,1711,-5472,46066,57617
2006-06-27,SWISS FRANC ,14509,30398,-5788,4629,-15889,44907,63556
2006-05-02,SWISS FRANC ,17518,30147,5405,-6395,-12629,47665,89956
2006-05-09,SWISS FRANC ,18306,29319,788,-828,-11013,47625,94856
2006-05-16,SWISS FRANC ,23935,25516,5629,-3803,-1581,49451,100736
2006-05-23,SWISS FRANC ,30138,21756,6203,-3760,8382,51894,101734
2006-05-30,SWISS FRANC ,30264,19733,126,-2023,10531,49997,100852
2006-04-04,SWISS FRANC ,7412,45540,1592,-5615,-38128,52952,79020
2006-04-11,SWISS FRANC ,6470,35121,-942,-10419,-28651,41591,78605
2006-04-18,SWISS FRANC ,10744,32912,4274,-2209,-22168,43656,80925
2006-04-25,SWISS FRANC ,12113,36542,1369,3630,-24429,48655,84075
2006-03-07,SWISS FRANC ,15975,62198,-334,-22373,-46223,78173,127779
2006-03-14,SWISS FRANC ,7429,55807,-8546,-6391,-48378,63236,93713
2006-03-21,SWISS FRANC ,3462,50327,-3967,-5480,-46865,53789,83307
2006-03-28,SWISS FRANC ,5820,51155,2358,828,-45335,56975,84695
2006-02-07,SWISS FRANC ,23624,38314,-2598,13075,-14690,61938,92132
2006-02-14,SWISS FRANC ,21612,52800,-2012,14486,-31188,74412,108343
2006-02-21,SWISS FRANC ,23789,60764,2177,7964,-36975,84553,112408
2006-02-28,SWISS FRANC ,16309,84571,-7480,23807,-68262,100880,134418
2006-01-03,SWISS FRANC ,15002,31513,5970,-15845,-16511,46515,77368
2006-01-10,SWISS FRANC ,24138,24378,9136,-7135,-240,48516,79029
2006-01-17,SWISS FRANC ,21356,19896,-2782,-4482,1460,41252,80480
2006-01-24,SWISS FRANC ,24328,19965,2972,69,4363,44293,85876
2006-01-31,SWISS FRANC ,26222,25239,1894,5274,983,51461,84122
2005-12-06,SWISS FRANC ,16550,65909,2355,3298,-49359,82459,105413
2005-12-13,SWISS FRANC ,13937,53798,-2613,-12111,-39861,67735,113909
2005-12-20,SWISS FRANC ,5247,39314,-8690,-14484,-34067,44561,75904
2005-12-27,SWISS FRANC ,9032,47358,3785,8044,-38326,56390,86551
2005-11-01,SWISS FRANC ,13637,35416,823,1759,-21779,49053,69574
2005-11-08,SWISS FRANC ,13830,48500,193,13084,-34670,62330,84753
2005-11-15,SWISS FRANC ,15132,60166,1302,11666,-45034,75298,98446
2005-11-22,SWISS FRANC ,15191,63398,59,3232,-48207,78589,100881
2005-11-29,SWISS FRANC ,14195,62611,-996,-787,-48416,76806,99363
2005-10-04,SWISS FRANC ,9973,57099,3835,7230,-47126,67072,87779
2005-10-11,SWISS FRANC ,13572,38859,3599,-18240,-25287,52431,72377
2005-10-18,SWISS FRANC ,13958,44940,386,6081,-30982,58898,80322
2005-10-25,SWISS FRANC ,12814,33657,-1144,-11283,-20843,46471,66764
2005-09-06,SWISS FRANC ,14944,15729,10936,-20155,-785,30673,61472
2005-09-13,SWISS FRANC ,4175,19141,-10769,3412,-14966,23316,60845
2005-09-20,SWISS FRANC ,2488,33398,-1687,14257,-30910,35886,57198
2005-09-27,SWISS FRANC ,6138,49869,3650,16471,-43731,56007,76757
2005-08-02,SWISS FRANC ,4633,35959,29,-5074,-31326,40592,71327
2005-08-09,SWISS FRANC ,6045,38256,1412,2297,-32211,44301,71277
2005-08-16,SWISS FRANC ,6485,34107,440,-4149,-27622,40592,66890
2005-08-23,SWISS FRANC ,3165,40709,-3320,6602,-37544,43874,67995
2005-07-05,SWISS FRANC ,1694,47234,-70,1049,-45540,48928,73790
2005-07-12,SWISS FRANC ,2991,40939,1297,-6295,-37948,43930,69525
2005-07-19,SWISS FRANC ,6019,42511,3028,1572,-36492,48530,72416
2005-07-26,SWISS FRANC ,4604,41033,-1415,-1478,-36429,45637,73768
2005-06-07,SWISS FRANC ,1943,47255,1093,7006,-45312,49198,90020
2005-06-14,SWISS FRANC ,2905,46486,962,-769,-43581,49391,73534
2005-06-21,SWISS FRANC ,1579,43966,-1326,-2520,-42387,45545,71529
2005-06-28,SWISS FRANC ,1764,46185,185,2219,-44421,47949,73119
2005-05-03,SWISS FRANC ,4889,16219,1385,4090,-11330,21108,38584
2005-05-10,SWISS FRANC ,2214,19638,-2675,3419,-17424,21852,43977
2005-05-17,SWISS FRANC ,1942,30320,-272,10682,-28378,32262,60958
2005-05-24,SWISS FRANC ,1762,39433,-180,9113,-37671,41195,69873
2005-05-31,SWISS FRANC ,850,40249,-912,816,-39399,41099,69037
2005-04-05,SWISS FRANC ,1677,20456,-491,4246,-18779,22133,47464
2005-04-12,SWISS FRANC ,1677,24441,0,3985,-22764,26118,45692
2005-04-19,SWISS FRANC ,3585,15306,1908,-9135,-11721,18891,35822
2005-04-26,SWISS FRANC ,3504,12129,-81,-3177,-8625,15633,34396
2005-03-01,SWISS FRANC ,7313,9216,2523,976,-1903,16529,61956
2005-03-08,SWISS FRANC ,7474,10501,161,1285,-3027,17975,67512
2005-03-15,SWISS FRANC ,10655,10495,3181,-6,160,21150,41804
2005-03-22,SWISS FRANC ,5242,16598,-5413,6103,-11356,21840,38278
2005-03-29,SWISS FRANC ,2168,16210,-3074,-388,-14042,18378,42256
2005-02-01,SWISS FRANC ,6322,13722,-1721,498,-7400,20044,51859
2005-02-08,SWISS FRANC ,3371,20545,-2951,6823,-17174,23916,56861
2005-02-15,SWISS FRANC ,3837,15106,466,-5439,-11269,18943,52852
2005-02-22,SWISS FRANC ,4790,8240,953,-6866,-3450,13030,54437
2005-01-04,SWISS FRANC ,19388,7893,-14340,-846,11495,27281,50988
2005-01-11,SWISS FRANC ,11883,11823,-7505,3930,60,23706,53634
2005-01-18,SWISS FRANC ,11217,12317,-666,494,-1100,23534,52151
2005-01-25,SWISS FRANC ,8043,13224,-3174,907,-5181,21267,51069
