Date,Symbol,Long,Short,Change Long,Change Short,Net positions,Total positions,Open interest
2021-03-09,EURO FX ,207588,105624,-15067,8957,101964,313212,722123
2021-03-02,EURO FX ,222655,96667,-5846,6531,125988,319322,698229
2021-02-02,EURO FX ,216887,79884,-21212,7129,137003,296771,675520
2021-02-09,EURO FX ,220943,80721,4056,837,140222,301664,673116
2021-02-16,EURO FX ,222895,82889,1952,2168,140006,305784,675761
2021-02-23,EURO FX ,228501,90136,5606,7247,138365,318637,696916
2021-01-05,EURO FX ,224832,81841,1984,2069,142991,306673,673532
2021-01-12,EURO FX ,228757,72867,3925,-8974,155890,301624,677952
2021-01-19,EURO FX ,236533,73067,7776,200,163466,309600,676515
2021-01-26,EURO FX ,238099,72755,1566,-312,165344,310854,677432
2020-12-01,EURO FX ,207302,67408,948,-696,139894,274710,654257
2020-12-08,EURO FX ,222521,66092,15219,-1316,156429,288613,683351
2020-12-15,EURO FX ,218710,76877,-3811,10785,141833,295587,657046
2020-12-21,EURO FX ,222443,78541,3733,1664,143902,300984,659499
2020-12-29,EURO FX ,222848,79772,405,1231,143076,302620,671643
2020-11-03,EURO FX ,208237,67888,-9206,6000,140349,276125,627754
2020-11-10,EURO FX ,202374,67087,-5863,-801,135287,269461,638993
2020-11-17,EURO FX ,203551,69591,1177,2504,133960,273142,637946
2020-11-24,EURO FX ,206354,68104,2803,-1487,138250,274458,644566
2020-10-06,EURO FX ,231369,57061,-10598,3210,174308,288430,652135
2020-10-13,EURO FX ,228295,59658,-3074,2597,168637,287953,646165
2020-10-20,EURO FX ,229878,63935,1583,4277,165943,293813,644667
2020-10-27,EURO FX ,217443,61888,-12435,-2047,155555,279331,636778
2020-09-01,EURO FX ,250867,54120,-11194,3811,196747,304987,698211
2020-09-08,EURO FX ,248683,51869,-2184,-2251,196814,300552,690782
2020-09-15,EURO FX ,230695,52119,-17988,250,178576,282814,658174
2020-09-22,EURO FX ,247049,56227,16354,4108,190822,303276,666412
2020-09-29,EURO FX ,241967,53851,-5082,-2376,188116,295818,655912
2020-08-04,EURO FX ,262109,81461,19982,-3107,180648,343570,704875
2020-08-11,EURO FX ,266078,66327,3969,-15134,199751,332405,706458
2020-08-18,EURO FX ,259244,62301,-6834,-4026,196943,321545,704050
2020-08-25,EURO FX ,262061,50309,2817,-11992,211752,312370,704077
2020-07-07,EURO FX ,185159,81562,4772,130,103597,266721,593341
2020-07-14,EURO FX ,194252,83340,9093,1778,110912,277592,604982
2020-07-21,EURO FX ,204185,79138,9933,-4202,125047,283323,636212
2020-07-28,EURO FX ,242127,84568,37942,5430,157559,326695,678965
2020-06-02,EURO FX ,174412,93172,-622,-6640,81240,267584,583384
2020-06-09,EURO FX ,184669,89020,10257,-4152,95649,273689,592915
2020-06-16,EURO FX ,187120,69988,2451,-19032,117132,257108,574939
2020-06-23,EURO FX ,190816,72368,3696,2380,118448,263184,585421
2020-06-30,EURO FX ,180387,81432,-10429,9064,98955,261819,579738
2020-05-05,EURO FX ,169272,92973,2008,5390,76299,262245,541624
2020-05-12,EURO FX ,171980,93840,2708,867,78140,265820,547329
2020-05-19,EURO FX ,167756,95194,-4224,1354,72562,262950,547206
2020-05-26,EURO FX ,175034,99812,7278,4618,75222,274846,556749
2020-04-07,EURO FX ,161185,81561,6138,761,79624,242746,554697
2020-04-14,EURO FX ,165078,78461,3893,-3100,86617,243539,543361
2020-04-21,EURO FX ,170378,83160,5300,4699,87218,253538,546661
2020-04-28,EURO FX ,167264,87583,-3114,4423,79681,254847,545082
2020-03-03,EURO FX ,151904,238607,-5683,-33001,-86703,390511,640357
2020-03-10,EURO FX ,153820,166487,1916,-72120,-12667,320307,659151
2020-03-17,EURO FX ,147133,114638,-6687,-51849,32495,261771,588116
2020-03-24,EURO FX ,152360,91070,5227,-23568,61290,243430,571086
2020-03-31,EURO FX ,155047,80800,2687,-10270,74247,235847,551752
2020-02-04,EURO FX ,166925,242005,-13728,2490,-75080,408930,594698
2020-02-11,EURO FX ,169475,255144,2550,13139,-85669,424619,612444
2020-02-18,EURO FX ,170586,262093,1111,6949,-91507,432679,617487
2020-02-25,EURO FX ,157587,271608,-12999,9515,-114021,429195,625563
2020-01-07,EURO FX ,164813,226477,-4039,-16720,-61664,391290,555940
2020-01-14,EURO FX ,163881,212063,-932,-14414,-48182,375944,571239
2020-01-21,EURO FX ,168216,215235,4335,3172,-47019,383451,582164
2020-01-28,EURO FX ,180653,239515,12437,24280,-58862,420168,598793
2019-12-03,EURO FX ,164392,233441,-5524,2109,-69049,397833,590124
2019-12-10,EURO FX ,164732,232375,340,-1066,-67643,397107,646417
2019-12-17,EURO FX ,165355,231049,623,-1326,-65694,396404,542923
2019-12-31,EURO FX ,168852,243197,8589,9991,-74345,412049,557585
2019-11-05,EURO FX ,164183,224929,-2357,5034,-60746,389112,563336
2019-11-12,EURO FX ,170250,227919,6067,2990,-57669,398169,569527
2019-11-19,EURO FX ,163898,226401,-6352,-1518,-62503,390299,577689
2019-11-26,EURO FX ,169916,231332,6018,4931,-61416,401248,578450
2019-10-01,EURO FX ,172258,238236,11571,16827,-65978,410494,511934
2019-10-08,EURO FX ,162777,238190,-9481,-46,-75413,400967,514638
2019-10-15,EURO FX ,153261,230127,-9516,-8063,-76866,383388,517182
2019-10-22,EURO FX ,168653,219703,15392,-10424,-51050,388356,528545
2019-10-29,EURO FX ,166540,219895,-2113,192,-53355,386435,538847
2019-09-03,EURO FX ,186144,235280,12693,23025,-49136,421424,546954
2019-09-10,EURO FX ,180535,230377,-5609,-4903,-49842,410912,585117
2019-09-17,EURO FX ,164272,232831,-16263,2454,-68559,397103,503272
2019-09-24,EURO FX ,160687,221409,-3585,-11422,-60722,382096,502612
2019-08-06,EURO FX ,177988,221998,2856,-7117,-44010,399986,545453
2019-08-13,EURO FX ,167214,213863,-10774,-8135,-46649,381077,550607
2019-08-20,EURO FX ,168455,206432,1241,-7431,-37977,374887,542806
2019-08-27,EURO FX ,173451,212255,4996,5823,-38804,385706,525065
2019-07-02,EURO FX ,157122,188855,-2163,-26725,-31733,345977,520970
2019-07-09,EURO FX ,158398,194263,1276,5408,-35865,352661,521379
2019-07-16,EURO FX ,170487,201838,12089,7575,-31351,372325,535848
2019-07-23,EURO FX ,173483,212487,2996,10649,-39004,385970,541102
2019-07-30,EURO FX ,175132,229115,1649,16628,-53983,404247,563024
2019-06-04,EURO FX ,155771,243322,4642,-7498,-87551,399093,517428
2019-06-11,EURO FX ,149661,236453,-6110,-6869,-86792,386114,542810
2019-06-18,EURO FX ,162795,215125,13134,-21328,-52330,377920,503825
2019-06-25,EURO FX ,159285,215580,-3510,455,-56295,374865,521907
2019-05-07,EURO FX ,152633,258738,-1188,-627,-106105,411371,516282
2019-05-14,EURO FX ,150681,245982,-1952,-12756,-95301,396663,504460
2019-05-21,EURO FX ,149873,250975,-808,4993,-101102,400848,516122
2019-05-28,EURO FX ,151129,250820,1256,-155,-99691,401949,536798
2019-04-02,EURO FX ,144973,244157,5277,24183,-99184,389130,497717
2019-04-09,EURO FX ,140401,242599,-4572,-1558,-102198,383000,494804
2019-04-16,EURO FX ,144867,242890,4466,291,-98023,387757,499280
2019-04-23,EURO FX ,148331,253749,3464,10859,-105418,402080,507722
2019-04-30,EURO FX ,153821,259365,5490,5616,-105544,413186,517935
2019-03-05,EURO FX ,155922,234088,12075,17786,-78166,390010,541753
2019-03-12,EURO FX ,151857,227602,-4065,-6486,-75745,379459,536724
2019-03-19,EURO FX ,141700,219404,-10157,-8198,-77704,361104,483172
2019-03-26,EURO FX ,139696,219974,-2004,570,-80278,359670,486804
2019-02-05,EURO FX ,145480,197444,-1145,4345,-51964,342924,523868
2019-02-12,EURO FX ,157170,221070,11690,23626,-63900,378240,538627
2019-02-19,EURO FX ,145762,220696,-11408,-374,-74934,366458,537396
2019-02-26,EURO FX ,143847,216302,-1915,-4394,-72455,360149,528376
2019-01-08,EURO FX ,146271,186804,-2017,-8132,-40533,333075,514545
2019-01-15,EURO FX ,152534,185195,6263,-1609,-32661,337729,525052
2019-01-22,EURO FX ,148652,189658,-3882,4463,-41006,338310,527176
2019-01-29,EURO FX ,146625,193099,-2027,3441,-46474,339724,527521
2018-12-04,EURO FX ,144859,205635,-4860,845,-60776,350494,545537
2018-12-11,EURO FX ,146082,202369,1223,-3266,-56287,348451,613745
2018-12-18,EURO FX ,147654,200778,1572,-1591,-53124,348432,505711
2018-12-24,EURO FX ,139059,197514,-8595,-3264,-58455,336573,508253
2018-12-31,EURO FX ,148288,194936,9229,-2578,-46648,343224,505986
2018-11-06,EURO FX ,148973,195816,-8718,5463,-46843,344789,510193
2018-11-13,EURO FX ,161860,198879,12887,3063,-37019,360739,520240
2018-11-20,EURO FX ,157633,204862,-4227,5983,-47229,362495,535707
2018-11-27,EURO FX ,149719,204790,-7914,-72,-55071,354509,538454
2018-10-02,EURO FX ,164738,171839,-7688,3109,-7101,336577,479644
2018-10-09,EURO FX ,162315,178457,-2423,6618,-16142,340772,483802
2018-10-16,EURO FX ,140817,170161,-21498,-8296,-29344,310978,469299
2018-10-23,EURO FX ,149585,179889,8768,9728,-30304,329474,489829
2018-10-30,EURO FX ,157691,190353,8106,10464,-32662,348044,504458
2018-09-04,EURO FX ,173335,165372,1976,-13206,7963,338707,527579
2018-09-11,EURO FX ,164639,153469,-8696,-11903,11170,318108,550492
2018-09-18,EURO FX ,166468,164802,1829,11333,1666,331270,465130
2018-09-29,EURO FX ,172426,168730,5958,3928,3696,341156,477881
2018-08-07,EURO FX ,177923,167358,3374,15634,10565,345281,507186
2018-08-14,EURO FX ,188428,190217,10505,22859,-1789,378645,526571
2018-08-21,EURO FX ,188907,193748,479,3531,-4841,382655,532137
2018-08-28,EURO FX ,171359,178578,-17548,-15170,-7219,349937,529124
2018-07-03,EURO FX ,189005,152258,-1142,-3985,36747,341263,487131
2018-07-10,EURO FX ,179401,155044,-9604,2786,24357,334445,477596
2018-07-17,EURO FX ,177390,155983,-2011,939,21407,333373,490064
2018-07-24,EURO FX ,179515,149875,2125,-6108,29640,329390,496665
2018-07-31,EURO FX ,174549,151724,-4966,1849,22825,326273,499721
2018-06-05,EURO FX ,239904,150668,8977,12778,89236,390572,576287
2018-06-12,EURO FX ,236617,148392,-3287,-2276,88225,385009,599561
2018-06-19,EURO FX ,190684,154566,-45933,6174,36118,345250,478200
2018-06-26,EURO FX ,190147,156243,-537,1677,33904,346390,481383
2018-05-01,EURO FX ,221011,100443,4067,14093,120568,321454,509659
2018-05-08,EURO FX ,226601,106096,5590,5653,120505,332697,515132
2018-05-15,EURO FX ,219317,104203,-7284,-1893,115114,323520,505114
2018-05-22,EURO FX ,225960,116216,6643,12013,109744,342176,520648
2018-05-29,EURO FX ,230927,137890,4967,21674,93037,368817,552251
2018-04-03,EURO FX ,221327,86946,-13329,-6646,134381,308273,493677
2018-04-10,EURO FX ,236344,88881,15017,1935,147463,325225,508204
2018-04-17,EURO FX ,238829,87353,2485,-1528,151476,326182,509032
2018-04-24,EURO FX ,216944,86350,-21885,-1003,130594,303294,494154
2018-03-06,EURO FX ,227354,94382,-10933,-5928,132972,321736,557530
2018-03-13,EURO FX ,239453,93073,12099,-1309,146380,332526,584759
2018-03-20,EURO FX ,219434,86695,-20019,-6378,132739,306129,496964
2018-03-27,EURO FX ,234656,93592,15222,6897,141064,328248,514049
2018-02-06,EURO FX ,251369,110546,-6653,1266,140823,361915,596937
2018-02-13,EURO FX ,230785,103496,-20584,-7050,127289,334281,564233
2018-02-20,EURO FX ,229273,103147,-1512,-349,126126,332420,567534
2018-02-27,EURO FX ,238287,100310,9014,-2837,137977,338597,567463
2018-01-02,EURO FX ,236808,108940,27895,-7825,127868,345748,542622
2018-01-09,EURO FX ,242053,97362,5245,-11578,144691,339415,563400
2018-01-16,EURO FX ,254344,114854,12291,17492,139490,369198,594038
2018-01-23,EURO FX ,262175,117458,7831,2604,144717,379633,608683
2018-01-30,EURO FX ,258022,109280,-4153,-8178,148742,367302,603460
2017-12-05,EURO FX ,205400,112294,240,-3185,93106,317694,499124
2017-12-12,EURO FX ,206027,92138,627,-20156,113889,298165,505744
2017-12-19,EURO FX ,198398,112174,-7629,20036,86224,310572,485622
2017-12-26,EURO FX ,208913,116765,10515,4591,92148,325678,497744
2017-11-07,EURO FX ,181335,95880,7665,-5693,85455,277215,446502
2017-11-14,EURO FX ,200023,115437,18688,19557,84586,315460,467842
2017-11-21,EURO FX ,195909,100472,-4114,-14965,95437,296381,465307
2017-11-28,EURO FX ,205160,115479,9251,15007,89681,320639,495561
2017-10-03,EURO FX ,187053,96220,3374,708,90833,283273,438663
2017-10-10,EURO FX ,195816,97737,8763,1517,98079,293553,450748
2017-10-17,EURO FX ,186751,96299,-9065,-1438,90452,283050,446338
2017-10-24,EURO FX ,183539,100035,-3212,3736,83504,283574,445018
2017-10-31,EURO FX ,173670,101573,-9869,1538,72097,275243,440384
2017-09-05,EURO FX ,194976,98667,645,-9145,96309,293643,464988
2017-09-12,EURO FX ,191102,105044,-3874,6377,86058,296146,487425
2017-09-19,EURO FX ,190025,127272,-1077,22228,62753,317297,431108
2017-09-26,EURO FX ,183679,95512,-6346,-31760,88167,279191,429111
2017-08-01,EURO FX ,191477,108840,-6179,2026,82637,300317,457254
2017-08-08,EURO FX ,201231,107546,9754,-1294,93685,308777,461152
2017-08-15,EURO FX ,190336,111069,-10895,3523,79267,301405,462148
2017-08-22,EURO FX ,197818,109842,7482,-1227,87976,307660,464445
2017-08-29,EURO FX ,194331,107812,-3487,-2030,86519,302143,469307
2017-07-03,EURO FX ,185925,108461,6254,-12515,77464,294386,422496
2017-07-11,EURO FX ,190267,106479,4342,-1982,83788,296746,436899
2017-07-18,EURO FX ,199540,108219,9273,1740,91321,307759,446259
2017-07-25,EURO FX ,197656,106814,-1884,-1405,90842,304470,449086
2017-06-06,EURO FX ,164889,90880,-11337,-12477,74009,255769,447178
2017-06-13,EURO FX ,164227,85174,-662,-5706,79053,249401,474300
2017-06-20,EURO FX ,167245,122393,3018,37219,44852,289638,379269
2017-06-27,EURO FX ,179671,120976,12426,-1417,58695,300647,400560
2017-05-02,EURO FX ,159418,161071,1587,-17655,-1653,320489,409936
2017-05-09,EURO FX ,155581,133182,-3837,-27889,22399,288763,418301
2017-05-16,EURO FX ,164234,126630,8653,-6552,37604,290864,431659
2017-05-23,EURO FX ,175032,110187,10798,-16443,64845,285219,449360
2017-05-30,EURO FX ,176226,103357,1194,-6830,72869,279583,453280
2017-04-04,EURO FX ,155468,166873,-8180,-4698,-11405,322341,397594
2017-04-11,EURO FX ,173594,192550,18126,25677,-18956,366144,420332
2017-04-18,EURO FX ,185786,207435,12192,14885,-21649,393221,430589
2017-04-25,EURO FX ,157831,178726,-27955,-28709,-20895,336557,411006
2017-03-07,EURO FX ,137662,197163,-5922,2415,-59501,334825,435309
2017-03-14,EURO FX ,148272,189299,10610,-7864,-41027,337571,381474
2017-03-21,EURO FX ,159590,179252,11318,-10047,-19662,338842,406717
2017-03-28,EURO FX ,163648,171571,4058,-7681,-7923,335219,408853
2017-02-07,EURO FX ,126708,171659,1019,257,-44951,298367,409178
2017-02-14,EURO FX ,125333,172097,-1375,438,-46764,297430,406350
2017-02-21,EURO FX ,130981,189232,5648,17135,-58251,320213,417129
2017-02-28,EURO FX ,143584,194748,12603,5516,-51164,338332,431635
2017-01-03,EURO FX ,8565,6420,0,0,2145,14985,416239
2017-01-10,EURO FX ,134747,200570,5046,813,-65823,335317,415212
2017-01-17,EURO FX ,128846,195346,-5901,-5224,-66500,324192,415090
2017-01-24,EURO FX ,131904,184252,3058,-11094,-52348,316156,414447
2017-01-31,EURO FX ,125689,171402,-6215,-12850,-45713,297091,405541
2016-12-06,EURO FX ,123390,237946,-12718,-17402,-114556,361336,433237
2016-12-13,EURO FX ,123597,211110,207,-26836,-87513,334707,447679
2016-12-20,EURO FX ,117460,195505,-6137,-15605,-78045,312965,399589
2016-12-27,EURO FX ,123281,192689,5821,-2816,-69408,315970,405681
2016-11-01,EURO FX ,126443,263828,-16438,-2909,-137385,390271,444502
2016-11-08,EURO FX ,118897,248211,-7546,-15617,-129314,367108,418007
2016-11-15,EURO FX ,121575,240757,2678,-7454,-119182,362332,415752
2016-11-22,EURO FX ,127122,246470,5547,5713,-119348,373592,434768
2016-11-29,EURO FX ,136108,255348,8986,8878,-119240,391456,447190
2016-10-04,EURO FX ,105634,187693,5142,11171,-82059,293327,347643
2016-10-11,EURO FX ,114284,207756,8650,20063,-93472,322040,378774
2016-10-18,EURO FX ,128181,237449,13897,29693,-109268,365630,413183
2016-10-25,EURO FX ,142881,266737,14700,29288,-123856,409618,448471
2016-09-06,EURO FX ,97324,189954,-10937,-232,-92630,287278,375985
2016-09-13,EURO FX ,91783,173258,-5541,-16696,-81475,265041,379624
2016-09-20,EURO FX ,95698,180723,3915,7465,-85025,276421,324525
2016-09-27,EURO FX ,100492,176522,4794,-4201,-76030,277014,328490
2016-08-02,EURO FX ,104516,208619,-4677,-13174,-104103,313135,378500
2016-08-09,EURO FX ,100442,198841,-4074,-9778,-98399,299283,368693
2016-08-16,EURO FX ,103060,195568,2618,-3273,-92508,298628,366037
2016-08-23,EURO FX ,105374,182032,2314,-13536,-76658,287406,364044
2016-08-30,EURO FX ,108261,190186,2887,8154,-81925,298447,364843
2016-07-05,EURO FX ,112011,187338,2431,15824,-75327,299349,362649
2016-07-12,EURO FX ,107635,195295,-4376,7957,-87660,302930,370372
2016-07-19,EURO FX ,111578,211469,3943,16174,-99891,323047,388905
2016-07-26,EURO FX ,109193,221793,-2385,10324,-112600,330986,400035
2016-06-07,EURO FX ,93492,160604,-4726,24732,-67112,254096,386010
2016-06-14,EURO FX ,104510,160999,11018,395,-56489,265509,325402
2016-06-21,EURO FX ,88639,149985,-15871,-11014,-61346,238624,317400
2016-06-28,EURO FX ,109580,171514,20941,21529,-61934,281094,337273
2016-05-03,EURO FX ,113034,136653,13962,-2086,-23619,249687,360461
2016-05-10,EURO FX ,101277,123149,-11757,-13504,-21872,224426,344978
2016-05-17,EURO FX ,101723,124310,446,1161,-22587,226033,349559
2016-05-24,EURO FX ,93955,131850,-7768,7540,-37895,225805,350242
2016-05-31,EURO FX ,98218,135872,4263,4022,-37654,234090,356178
2016-04-05,EURO FX ,98014,151501,4288,-6036,-53487,249515,338533
2016-04-12,EURO FX ,89216,141267,-8798,-10234,-52051,230483,333535
2016-04-19,EURO FX ,101211,148128,11995,6861,-46917,249339,345563
2016-04-26,EURO FX ,99072,138739,-2139,-9389,-39667,237811,340200
2016-03-01,EURO FX ,103965,172506,-3601,18083,-68541,276471,417624
2016-03-08,EURO FX ,104165,176072,200,3566,-71907,280237,433221
2016-03-15,EURO FX ,90353,167908,-13812,-8164,-77555,258261,322405
2016-03-22,EURO FX ,91334,157387,981,-10521,-66053,248721,324310
2016-03-29,EURO FX ,93726,157537,2392,150,-63811,251263,330090
2016-02-02,EURO FX ,96012,183085,24566,-15576,-87073,279097,403939
2016-02-09,EURO FX ,114607,177921,18595,-5164,-63314,292528,441228
2016-02-16,EURO FX ,113970,162175,-637,-15746,-48205,276145,429997
2016-02-23,EURO FX ,107566,154423,-6404,-7752,-46857,261989,422624
2016-01-05,EURO FX ,66857,227500,-116,-23,-160643,294357,407105
2016-01-12,EURO FX ,63162,209613,-3695,-17887,-146451,272775,398570
2016-01-19,EURO FX ,69449,206464,6287,-3149,-137015,275913,400362
2016-01-26,EURO FX ,71446,198661,1997,-7803,-127215,270107,402227
2015-12-01,EURO FX ,78782,261627,2486,9847,-182845,340409,462447
2015-12-08,EURO FX ,80378,252709,1596,-8918,-172331,333087,474921
2015-12-15,EURO FX ,71295,231256,-9083,-21453,-159961,302551,404837
2015-12-22,EURO FX ,70509,231556,-786,300,-161047,302065,406533
2015-12-29,EURO FX ,66973,227523,-3536,-4033,-160550,294496,400497
2015-11-03,EURO FX ,72883,207217,2532,30932,-134334,280100,405462
2015-11-10,EURO FX ,78994,221933,6111,14716,-142939,300927,421967
2015-11-17,EURO FX ,78898,243075,-96,21142,-164177,321973,436801
2015-11-24,EURO FX ,76296,251780,-2602,8705,-175484,328076,444626
2015-10-06,EURO FX ,65410,154220,3478,4628,-88810,219630,337606
2015-10-13,EURO FX ,71132,151708,5722,-2512,-80576,222840,349720
2015-10-20,EURO FX ,76291,138857,5159,-12851,-62566,215148,357133
2015-10-27,EURO FX ,70351,176285,-5940,37428,-105934,246636,380564
2015-09-01,EURO FX ,74910,142767,-12897,-11118,-67857,217677,363980
2015-09-08,EURO FX ,75715,156956,805,14189,-81241,232671,383187
2015-09-15,EURO FX ,63416,147618,-12299,-9338,-84202,211034,311366
2015-09-22,EURO FX ,63526,144559,110,-3059,-81033,208085,315450
2015-09-29,EURO FX ,61932,149592,-1594,5033,-87660,211524,322721
2015-08-04,EURO FX ,70620,184014,2778,12164,-113394,254634,367885
2015-08-11,EURO FX ,67373,182583,-3247,-1431,-115210,249956,361334
2015-08-18,EURO FX ,68473,161205,1100,-21378,-92732,229678,356952
2015-08-25,EURO FX ,87807,153885,19334,-7320,-66078,241692,374977
2015-07-07,EURO FX ,66161,165427,607,-162,-99266,231588,354885
2015-07-14,EURO FX ,62676,170457,-3485,5030,-107781,233133,356760
2015-07-21,EURO FX ,65728,178704,3052,8247,-112976,244432,366892
2015-07-28,EURO FX ,67842,171850,2114,-6854,-104008,239692,357940
2015-06-02,EURO FX ,49471,214983,5250,-978,-165512,264454,428403
2015-06-09,EURO FX ,52643,190617,3172,-24366,-137974,243260,436540
2015-06-16,EURO FX ,82714,172071,30071,-18546,-89357,254785,350145
2015-06-23,EURO FX ,67867,167173,-14847,-4898,-99306,235040,345427
2015-06-30,EURO FX ,65554,165589,-2313,-1584,-100035,231143,346115
2015-05-05,EURO FX ,50116,240243,-618,-8257,-190127,290359,449254
2015-05-12,EURO FX ,43333,222309,-6783,-17934,-178976,265642,439122
2015-05-19,EURO FX ,38758,207097,-4575,-15212,-168339,245855,428580
2015-05-26,EURO FX ,44221,215961,5463,8864,-171740,260182,431927
2015-04-07,EURO FX ,39444,254702,-2265,-13567,-215258,294146,441624
2015-04-14,EURO FX ,45264,257611,5820,2909,-212347,302875,453518
2015-04-21,EURO FX ,46821,261466,1557,3855,-214645,308287,457610
2015-04-28,EURO FX ,50734,248500,3913,-12966,-197766,299234,456919
2015-03-03,EURO FX ,48467,220856,2956,-2391,-172389,269323,440733
2015-03-10,EURO FX ,61271,242344,12804,21488,-181073,303615,496465
2015-03-17,EURO FX ,56329,250103,-4942,7759,-193774,306432,449508
2015-03-24,EURO FX ,50148,271111,-6181,21008,-220963,321259,460950
2015-03-31,EURO FX ,41709,268269,-8439,-2842,-226560,309978,459746
2015-02-03,EURO FX ,47719,244028,-2770,8794,-196309,291747,457209
2015-02-10,EURO FX ,47217,241858,-502,-2170,-194641,289075,444139
2015-02-17,EURO FX ,47175,232757,-42,-9101,-185582,279932,438411
2015-02-24,EURO FX ,45511,223247,-1664,-9510,-177736,268758,431217
2015-01-06,EURO FX ,46016,207056,2814,11635,-161040,253072,406624
2015-01-13,EURO FX ,50858,218709,4842,11653,-167851,269567,422426
2015-01-20,EURO FX ,52047,232777,1189,14068,-180730,284824,450262
2015-01-27,EURO FX ,50489,235234,-1558,2457,-184745,285723,449726
2014-12-09,EURO FX ,58306,195218,1034,-21333,-136912,253524,477861
2014-12-16,EURO FX ,56179,182834,-2127,-12384,-126655,239013,368171
2014-12-23,EURO FX ,40690,187294,-15489,4460,-146604,227984,376849
2014-12-30,EURO FX ,43202,195421,2512,8127,-152219,238623,386295
2014-11-04,EURO FX ,59566,238587,512,13826,-179021,298153,465332
2014-11-11,EURO FX ,60454,224347,888,-14240,-163893,284801,463976
2014-11-18,EURO FX ,58048,226778,-2406,2431,-168730,284826,465168
2014-10-07,EURO FX ,61467,207679,-5563,3124,-146212,269146,425656
2014-10-14,EURO FX ,60158,215500,-1309,7821,-155342,275658,434873
2014-10-21,EURO FX ,60188,219559,30,4059,-159371,279747,439863
2014-10-28,EURO FX ,59054,224761,-1134,5202,-165707,283815,441369
2014-09-02,EURO FX ,59398,220821,5409,16175,-161423,280219,419850
2014-09-09,EURO FX ,59376,216881,-22,-3940,-157505,276257,484306
2014-09-16,EURO FX ,79552,216701,20176,-180,-137149,296253,397652
2014-09-23,EURO FX ,60654,202619,-18898,-14082,-141965,263273,398937
2014-09-30,EURO FX ,67030,204555,6376,1936,-137525,271585,409986
2014-08-05,EURO FX ,55179,183926,-1383,19289,-128747,239105,379004
2014-08-12,EURO FX ,51596,177613,-3583,-6313,-126017,229209,376424
2014-08-19,EURO FX ,56774,195599,5178,17986,-138825,252373,396460
2014-08-26,EURO FX ,53989,204646,-2785,9047,-150657,258635,402709
2014-07-01,EURO FX ,52665,113441,-2397,876,-60776,166106,291488
2014-07-08,EURO FX ,51595,110860,-1070,-2581,-59265,162455,294381
2014-07-15,EURO FX ,59506,122352,7911,11492,-62846,181858,310661
2014-07-22,EURO FX ,58142,146965,-1364,24613,-88823,205107,339706
2014-07-29,EURO FX ,56562,164637,-1580,17672,-108075,221199,356865
2014-06-03,EURO FX ,57109,90134,-13644,2748,-33025,147243,280747
2014-06-10,EURO FX ,43739,100924,-13370,10790,-57185,144663,331636
2014-06-17,EURO FX ,51405,113240,7666,12316,-61835,164645,285489
2014-06-24,EURO FX ,55062,112565,3657,-675,-57503,167627,291244
2014-05-06,EURO FX ,110673,78122,8388,1571,32551,188795,277013
2014-05-13,EURO FX ,84383,86558,-26290,8436,-2175,170941,268142
2014-05-20,EURO FX ,75013,84233,-9370,-2325,-9220,159246,268199
2014-05-27,EURO FX ,70753,87386,-4260,3153,-16633,158139,274051
2014-04-01,EURO FX ,101849,68611,-5065,1331,33238,170460,260075
2014-04-08,EURO FX ,92635,69335,-9214,724,23300,161970,261439
2014-04-15,EURO FX ,106252,78564,13617,9229,27688,184816,270722
2014-04-22,EURO FX ,101204,75430,-5048,-3134,25774,176634,266259
2014-04-29,EURO FX ,102285,76551,1081,1121,25734,178836,271515
2014-03-04,EURO FX ,103868,80416,10865,1313,23452,184284,304308
2014-03-11,EURO FX ,110103,73718,6235,-6698,36385,183821,322020
2014-03-18,EURO FX ,117819,64828,7716,-8890,52991,182647,264443
2014-03-25,EURO FX ,106914,67280,-10905,2452,39634,174194,262179
2014-02-04,EURO FX ,67614,81224,-19349,8608,-13610,148838,274146
2014-02-11,EURO FX ,75048,81977,7434,753,-6929,157025,281037
2014-02-18,EURO FX ,88634,80035,13586,-1942,8599,168669,291360
2014-02-25,EURO FX ,93003,79103,4369,-932,13900,172106,296924
2014-01-07,EURO FX ,88119,73621,-13797,2294,14498,161740,238570
2014-01-14,EURO FX ,87059,77813,-1060,4192,9246,164872,243434
2014-01-21,EURO FX ,79321,83093,-7738,5280,-3772,162414,255300
2014-01-28,EURO FX ,86963,72616,7642,-10477,14347,159579,260799
2013-12-03,EURO FX ,82230,72918,8112,-1631,9312,155148,253653
2013-12-10,EURO FX ,91669,75739,9439,2821,15930,167408,302100
2013-12-17,EURO FX ,97780,69857,6111,-5882,27923,167637,230955
2013-12-24,EURO FX ,102462,70290,4682,433,32172,172752,240206
2013-11-05,EURO FX ,103333,70190,-32721,4753,33143,173523,252554
2013-11-12,EURO FX ,86121,69295,-17212,-895,16826,155416,229166
2013-11-19,EURO FX ,81070,72159,-5051,2864,8911,153229,232326
2013-11-26,EURO FX ,74118,74549,-6952,2390,-431,148667,243049
2013-10-01,EURO FX ,128580,60304,-1282,-3714,68276,188884,255067
2013-10-08,EURO FX ,127301,58618,-1279,-1686,68683,185919,263859
2013-10-15,EURO FX ,121327,60953,-5974,2335,60374,182280,257199
2013-10-22,EURO FX ,137061,64627,15734,3674,72434,201688,278139
2013-10-29,EURO FX ,136054,65437,-1007,810,70617,201491,282923
2013-09-03,EURO FX ,98589,75851,-15003,2340,22738,174440,244563
2013-09-10,EURO FX ,82772,70076,-15817,-5775,12696,152848,257969
2013-09-17,EURO FX ,100963,69056,18191,-1020,31907,170019,218264
2013-09-24,EURO FX ,129862,64018,28899,-5038,65844,193880,254464
2013-08-06,EURO FX ,85239,79178,7028,-7537,6061,164417,228726
2013-08-13,EURO FX ,89984,73927,4745,-5251,16057,163911,225665
2013-08-20,EURO FX ,113092,76346,23108,2419,36746,189438,249660
2013-08-27,EURO FX ,113592,73511,500,-2835,40081,187103,248672
2013-07-02,EURO FX ,59270,75360,-27922,5525,-16090,134630,196064
2013-07-09,EURO FX ,52159,93059,-7111,17699,-40900,145218,225051
2013-07-16,EURO FX ,53228,90393,1069,-2666,-37165,143621,220137
2013-07-23,EURO FX ,63130,91030,9902,637,-27900,154160,219429
2013-06-04,EURO FX ,43804,95425,6888,-26135,-51621,139229,240733
2013-06-11,EURO FX ,68956,76489,25152,-18936,-7533,145445,260418
2013-06-18,EURO FX ,91304,71274,22348,-5215,20030,162578,213331
2013-06-25,EURO FX ,87192,69835,-4112,-1439,17357,157027,211651
2013-05-07,EURO FX ,52517,86050,-4254,-870,-33533,138567,214597
2013-05-14,EURO FX ,52843,99764,326,13714,-46921,152607,232417
2013-05-21,EURO FX ,43037,123986,-9806,24222,-80949,167023,265194
2013-05-28,EURO FX ,36916,121560,-6121,-2426,-84644,158476,264212
2013-04-02,EURO FX ,44459,110160,3199,19805,-65701,154619,235871
2013-04-09,EURO FX ,35343,86201,-9116,-23959,-50858,121544,220353
2013-04-16,EURO FX ,49321,79085,13978,-7116,-29764,128406,215657
2013-04-23,EURO FX ,47807,82082,-1514,2997,-34275,129889,220051
2013-04-30,EURO FX ,56771,86920,8964,4838,-30149,143691,222618
2013-03-05,EURO FX ,63355,89471,-11477,5245,-26116,152826,218469
2013-03-12,EURO FX ,57473,82260,-5882,-7211,-24787,139733,213113
2013-03-26,EURO FX ,41260,90355,-7698,-3487,-49095,131615,204257
2013-02-05,EURO FX ,97397,59445,3606,-6874,37952,156842,251236
2013-02-12,EURO FX ,87135,62954,-10262,3509,24181,150089,239566
2013-02-19,EURO FX ,81014,61911,-6121,-1043,19103,142925,234039
2013-02-26,EURO FX ,74832,84226,-6182,22315,-9394,159058,230567
2013-01-08,EURO FX ,66329,74364,-15603,-2442,-8035,140693,194251
2013-01-15,EURO FX ,80174,72859,13845,-1505,7315,153033,211373
2013-01-22,EURO FX ,83840,62459,3666,-10400,21381,146299,216059
2013-01-29,EURO FX ,93791,66319,9951,3860,27472,160110,237856
2012-12-04,EURO FX ,48300,81095,12501,-21397,-32795,129395,217546
2012-12-11,EURO FX ,51536,83159,3236,2064,-31623,134695,241932
2012-12-18,EURO FX ,69460,79196,17924,-3963,-9736,148656,193681
2012-12-24,EURO FX ,75072,77621,5612,-1575,-2549,152693,202591
2012-12-31,EURO FX ,81932,76806,6860,-815,5126,158738,207608
2012-11-06,EURO FX ,45212,112353,7023,15960,-67141,157565,227725
2012-11-13,EURO FX ,39863,123509,-5349,11156,-83646,163372,231660
2012-11-20,EURO FX ,36692,128092,-3171,4583,-91400,164784,232328
2012-11-27,EURO FX ,35799,102492,-893,-25600,-66693,138291,210234
2012-10-02,EURO FX ,48335,98600,-5010,-4983,-50265,146935,217516
2012-10-09,EURO FX ,39946,112516,-8389,13916,-72570,152462,227541
2012-10-16,EURO FX ,42041,95536,2095,-16980,-53495,137577,219809
2012-10-23,EURO FX ,38171,93390,-3870,-2146,-55219,131561,216842
2012-10-30,EURO FX ,38189,96393,18,3003,-58204,134582,221524
2012-09-04,EURO FX ,46580,148886,653,1398,-102306,195466,314363
2012-09-11,EURO FX ,43180,136838,-3400,-12048,-93658,180018,332637
2012-09-18,EURO FX ,48817,122299,5637,-14539,-73482,171116,234394
2012-09-25,EURO FX ,53345,103583,4528,-18716,-50238,156928,218363
2012-08-07,EURO FX ,46742,178453,5415,-1868,-131711,225195,322243
2012-08-14,EURO FX ,43152,180962,-3590,2509,-137810,224114,321568
2012-08-21,EURO FX ,45986,169918,2834,-11044,-123932,215904,321166
2012-08-28,EURO FX ,45927,147488,-59,-22430,-101561,193415,311925
2012-07-03,EURO FX ,32236,178413,-4697,-18400,-146177,210649,302289
2012-07-10,EURO FX ,36409,202114,4173,23701,-165705,238523,326374
2012-07-17,EURO FX ,31821,199070,-4588,-3044,-167249,230891,323228
2012-07-24,EURO FX ,39501,194567,7680,-4503,-155066,234068,324443
2012-07-31,EURO FX ,41327,180321,1826,-14246,-138994,221648,311436
2012-06-05,EURO FX ,36651,251069,-3636,7367,-214418,287720,401812
2012-06-12,EURO FX ,39245,234432,2594,-16637,-195187,273677,422131
2012-06-19,EURO FX ,54449,195515,15204,-38917,-141066,249964,311933
2012-06-26,EURO FX ,36933,196813,-17516,1298,-159880,233746,315785
2012-05-01,EURO FX ,34957,141947,-1332,-7709,-106990,176904,279605
2012-05-08,EURO FX ,36022,180006,1065,38059,-143984,216028,321037
2012-05-15,EURO FX ,38475,212344,2453,32338,-173869,250819,356674
2012-05-22,EURO FX ,34714,230075,-3761,17731,-195361,264789,376708
2012-05-29,EURO FX ,40287,243702,5573,13627,-203415,283989,394160
2012-04-03,EURO FX ,39835,119315,5802,-3847,-79480,159150,241006
2012-04-10,EURO FX ,39253,140617,-582,21302,-101364,179870,274830
2012-04-17,EURO FX ,40310,158435,1057,17818,-118125,198745,295844
2012-04-24,EURO FX ,36289,149656,-4021,-8779,-113367,185945,287215
2012-03-06,EURO FX ,39943,156416,4215,11014,-116473,196359,284739
2012-03-13,EURO FX ,40325,139661,382,-16755,-99336,179986,311057
2012-03-20,EURO FX ,50416,133370,10091,-6291,-82954,183786,258535
2012-03-27,EURO FX ,34033,123162,-16383,-10208,-89129,157195,239446
2012-02-07,EURO FX ,32128,172721,222,-16731,-140593,204849,288657
2012-02-14,EURO FX ,26774,175415,-5354,2694,-148641,202189,291060
2012-02-21,EURO FX ,29369,171528,2595,-3887,-142159,200897,287525
2012-02-28,EURO FX ,35728,145402,6359,-26126,-109674,181130,271282
2012-01-03,EURO FX ,40441,179350,-4742,6288,-138909,219791,282790
2012-01-10,EURO FX ,29770,184965,-10671,5615,-155195,214735,294263
2012-01-17,EURO FX ,28396,188426,-1374,3461,-160030,216822,300962
2012-01-24,EURO FX ,31299,202646,2903,14220,-171347,233945,315350
2012-01-31,EURO FX ,31906,189452,607,-13194,-157546,221358,305328
2011-12-06,EURO FX ,34521,130335,6901,-1587,-95814,164856,283309
2011-12-13,EURO FX ,35507,151964,986,21629,-116457,187471,327740
2011-12-20,EURO FX ,49557,163254,14050,11290,-113697,212811,266597
2011-12-27,EURO FX ,45183,173062,-4374,9808,-127879,218245,276022
2011-11-01,EURO FX ,26311,86371,4988,-11464,-60060,112682,231229
2011-11-08,EURO FX ,27943,82200,1632,-4171,-54257,110143,231445
2011-11-15,EURO FX ,24048,100195,-3895,17995,-76147,124243,244552
2011-11-22,EURO FX ,25943,111011,1895,10816,-85068,136954,260064
2011-11-29,EURO FX ,27620,131922,1677,20911,-104302,159542,277511
2011-10-04,EURO FX ,18104,100801,-1601,-1377,-82697,118905,220839
2011-10-11,EURO FX ,17040,90835,-1064,-9966,-73795,107875,223167
2011-10-18,EURO FX ,20977,98697,3937,7862,-77720,119674,230483
2011-10-25,EURO FX ,21323,97835,346,-862,-76512,119158,235774
2011-09-06,EURO FX ,33167,69610,-10727,25332,-36443,102777,209515
2011-09-13,EURO FX ,25704,80163,-7463,10553,-54459,105867,264500
2011-09-20,EURO FX ,19920,99380,-5784,19217,-79460,119300,201556
2011-09-27,EURO FX ,19705,102178,-215,2798,-82473,121883,215172
2011-08-02,EURO FX ,58313,56550,-1864,13411,1763,114863,190722
2011-08-09,EURO FX ,49029,57302,-9284,752,-8273,106331,183571
2011-08-16,EURO FX ,47094,40368,-1935,-16934,6726,87462,168931
2011-08-23,EURO FX ,47711,45172,617,4804,2539,92883,174714
2011-08-30,EURO FX ,43894,44278,-3817,-894,-384,88172,179162
2011-07-05,EURO FX ,81860,38666,13060,2853,43194,120526,194329
2011-07-12,EURO FX ,61392,48976,-20468,10310,12416,110368,185541
2011-07-19,EURO FX ,58580,49334,-2812,358,9246,107914,180314
2011-07-26,EURO FX ,60177,43139,1597,-6195,17038,103316,183690
2011-06-07,EURO FX ,96555,44719,16061,-13805,51836,141274,296126
2011-06-14,EURO FX ,84580,34686,-11975,-10033,49894,119266,190373
2011-06-21,EURO FX ,72153,42382,-12427,7696,29771,114535,189190
2011-06-28,EURO FX ,68800,35813,-3353,-6569,32987,104613,183206
2011-05-03,EURO FX ,128460,28944,22777,-8460,99516,157404,264337
2011-05-10,EURO FX ,98054,36607,-30406,7663,61447,134661,242927
2011-05-17,EURO FX ,89941,48296,-8113,11689,41645,138237,250533
2011-05-24,EURO FX ,75182,56053,-14759,7757,19129,131235,258663
2011-05-31,EURO FX ,80494,58524,5312,2471,21970,139018,270101
2011-04-05,EURO FX ,99405,39548,6374,3147,59857,138953,236270
2011-04-12,EURO FX ,105425,40440,6020,892,64985,145865,243203
2011-04-19,EURO FX ,102686,40491,-2739,51,62195,143177,244006
2011-04-26,EURO FX ,105683,37404,2997,-3087,68279,143087,249000
2011-03-01,EURO FX ,83104,31796,5650,-60,51308,114900,217066
2011-03-08,EURO FX ,98171,35877,15067,4081,62294,134048,263702
2011-03-15,EURO FX ,86506,40190,-11665,4313,46316,126696,190848
2011-03-22,EURO FX ,81574,33221,-4932,-6969,48353,114795,194709
2011-03-29,EURO FX ,93031,36401,11457,3180,56630,129432,218177
2011-02-01,EURO FX ,80381,40447,6893,-10140,39934,120828,211730
2011-02-08,EURO FX ,73502,38768,-6879,-1679,34734,112270,203541
2011-02-15,EURO FX ,63395,30931,-10107,-7837,32464,94326,193304
2011-02-22,EURO FX ,77454,31856,14059,925,45598,109310,207869
2011-01-04,EURO FX ,37102,61303,3269,991,-24201,98405,163239
2011-01-11,EURO FX ,42359,87541,5257,26238,-45182,129900,202004
2011-01-18,EURO FX ,67309,63200,24950,-24341,4109,130509,188933
2011-01-25,EURO FX ,73488,50587,6179,-12613,22901,124075,199706
2010-12-07,EURO FX ,32322,47612,-14942,-6900,-15290,79934,198099
2010-12-14,EURO FX ,35689,45993,3367,-1619,-10304,81682,146781
2010-12-21,EURO FX ,38604,52697,2915,6704,-14093,91301,156136
2010-12-28,EURO FX ,33833,60312,-4771,7615,-26479,94145,162312
2010-11-02,EURO FX ,70185,31575,76,1971,38610,101760,206972
2010-11-09,EURO FX ,61477,38194,-8708,6619,23283,99671,204528
2010-11-16,EURO FX ,54708,46102,-6769,7908,8606,100810,195598
2010-11-23,EURO FX ,43670,51963,-11038,5861,-8293,95633,187189
2010-11-30,EURO FX ,47264,54512,3594,2549,-7248,101776,203930
2010-10-05,EURO FX ,72979,24736,2341,-10572,48243,97715,197406
2010-10-12,EURO FX ,68718,27207,-4261,2471,41511,95925,197836
2010-10-19,EURO FX ,74855,28107,6137,900,46748,102962,219761
2010-10-26,EURO FX ,70109,29604,-4746,1497,40505,99713,209103
2010-09-07,EURO FX ,53156,76855,2057,187,-23699,130011,257788
2010-09-14,EURO FX ,54543,64187,1387,-12668,-9644,118730,170651
2010-09-21,EURO FX ,52300,47203,-2243,-16984,5097,99503,167463
2010-09-28,EURO FX ,70638,35308,18338,-11895,35330,105946,190039
2010-08-03,EURO FX ,60410,67707,3788,-10254,-7297,128117,236101
2010-08-10,EURO FX ,55797,59528,-4613,-8179,-3731,115325,234276
2010-08-17,EURO FX ,61324,75951,5527,16423,-14627,137275,250090
2010-08-24,EURO FX ,54591,76194,-6733,243,-21603,130785,245448
2010-08-31,EURO FX ,51099,76668,-3492,474,-25569,127767,241133
2010-07-06,EURO FX ,56316,95225,12959,-21802,-38909,151541,228333
2010-07-13,EURO FX ,56187,83237,-129,-11988,-27050,139424,225703
2010-07-20,EURO FX ,55008,79259,-1179,-3978,-24251,134267,230118
2010-07-27,EURO FX ,56622,77961,1614,-1298,-21339,134583,232193
2010-06-01,EURO FX ,45006,138331,-624,-14035,-93325,183337,275266
2010-06-08,EURO FX ,45938,157883,932,19552,-111945,203821,305060
2010-06-15,EURO FX ,49526,111886,3588,-45997,-62360,161412,227632
2010-06-22,EURO FX ,41013,111987,-8513,101,-70974,153000,224050
2010-06-29,EURO FX ,43357,117027,2344,5040,-73670,160384,225752
2010-05-04,EURO FX ,36675,140077,2213,16602,-103402,176752,261076
2010-05-11,EURO FX ,39584,153474,2909,13397,-113890,193058,287589
2010-05-18,EURO FX ,54411,161554,14827,8080,-107143,215965,300526
2010-05-25,EURO FX ,45630,152366,-8781,-9188,-106736,197996,281966
2010-04-06,EURO FX ,39036,106259,3831,-14272,-67223,145295,208883
2010-04-13,EURO FX ,37157,92621,-1879,-13638,-55464,129778,203199
2010-04-20,EURO FX ,33614,105038,-3543,12417,-71424,138652,208291
2010-04-27,EURO FX ,34462,123475,848,18437,-89013,157937,238298
2010-03-02,EURO FX ,35894,102664,3166,-1687,-66770,138558,218803
2010-03-09,EURO FX ,32589,107140,-3305,4476,-74551,139729,243524
2010-03-16,EURO FX ,41800,88141,9211,-18999,-46341,129941,163822
2010-03-23,EURO FX ,39953,114870,-1847,26729,-74917,154823,195287
2010-03-30,EURO FX ,35205,120531,-4748,5661,-85326,155736,223554
2010-02-02,EURO FX ,31207,74948,-1899,2303,-43741,106155,186878
2010-02-09,EURO FX ,34867,92019,3660,17071,-57152,126886,197457
2010-02-16,EURO FX ,34459,93881,-408,1862,-59422,128340,196042
2010-02-23,EURO FX ,32728,104351,-1731,10470,-71623,137079,208474
2010-01-05,EURO FX ,37229,73017,3097,5088,-35788,110246,156155
2010-01-12,EURO FX ,36186,54103,-1043,-18914,-17917,90289,161287
2010-01-19,EURO FX ,34186,59468,-2000,5365,-25282,93654,164501
2010-01-26,EURO FX ,33106,72645,-1080,13177,-39539,105751,184978
2009-12-01,EURO FX ,71123,48972,282,-3402,22151,120095,175155
2009-12-08,EURO FX ,52035,52546,-19088,3574,-511,104581,179294
2009-12-15,EURO FX ,42987,59435,-9048,6889,-16448,102422,132017
2009-12-22,EURO FX ,40925,55252,-2062,-4183,-14327,96177,134600
2009-12-29,EURO FX ,34132,67929,-6793,12677,-33797,102061,144152
2009-11-03,EURO FX ,64023,41832,-3820,6858,22191,105855,161257
2009-11-09,EURO FX ,67904,42731,3881,899,25173,110635,164192
2009-11-17,EURO FX ,64268,52312,-3636,9581,11956,116580,172325
2009-11-24,EURO FX ,70841,52374,6573,62,18467,123215,173834
2009-10-06,EURO FX ,86229,35184,8377,-2902,51045,121413,170878
2009-10-13,EURO FX ,79762,36395,-6467,1211,43367,116157,166326
2009-10-20,EURO FX ,77829,41796,-1933,5401,36033,119625,170291
2009-10-27,EURO FX ,67843,34974,-9986,-6822,32869,102817,164798
2009-09-01,EURO FX ,42624,33607,-5627,3527,9017,76231,128047
2009-09-08,EURO FX ,56543,38510,13919,4903,18033,95053,149891
2009-09-15,EURO FX ,74562,36790,18019,-1720,37772,111352,156349
2009-09-22,EURO FX ,76545,38545,1983,1755,38000,115090,162551
2009-09-29,EURO FX ,77852,38086,1307,-459,39766,115938,164913
2009-08-04,EURO FX ,61443,34337,5772,-1047,27106,95780,138237
2009-08-11,EURO FX ,46396,29585,-15047,-4752,16811,75981,130222
2009-08-18,EURO FX ,38823,33091,-7573,3506,5732,71914,127640
2009-08-25,EURO FX ,48251,30080,9428,-3011,18171,78331,128651
2009-07-07,EURO FX ,49042,38730,1341,8248,10312,87772,124035
2009-07-14,EURO FX ,44406,30507,-4636,-8223,13899,74913,116686
2009-07-21,EURO FX ,66273,31501,21867,994,34772,97774,143414
2009-07-28,EURO FX ,55671,35384,-10602,3883,20287,91055,136354
2009-06-02,EURO FX ,48585,41792,1382,10173,6793,90377,151004
2009-06-09,EURO FX ,49185,34161,600,-7631,15024,83346,150683
2009-06-16,EURO FX ,39854,27369,-9331,-6792,12485,67223,106532
2009-06-23,EURO FX ,48252,30829,8398,3460,17423,79081,118077
2009-06-30,EURO FX ,47701,30482,-551,-347,17219,78183,114921
2009-05-05,EURO FX ,35025,31657,4733,-708,3368,66682,110768
2009-05-12,EURO FX ,41355,30940,6330,-717,10415,72295,124499
2009-05-19,EURO FX ,41754,29504,399,-1436,12250,71258,125472
2009-05-26,EURO FX ,47203,31619,5449,2115,15584,78822,139357
2009-04-07,EURO FX ,31596,27724,-310,-1917,3872,59320,113508
2009-04-14,EURO FX ,32836,27261,1240,-463,5575,60097,108304
2009-04-21,EURO FX ,29708,28111,-3128,850,1597,57819,106679
2009-04-28,EURO FX ,30292,32365,584,4254,-2073,62657,108592
2009-03-03,EURO FX ,34175,53606,974,10324,-19431,87781,183858
2009-03-10,EURO FX ,33930,44162,-245,-9444,-10232,78092,180278
2009-03-17,EURO FX ,33657,42696,-273,-1466,-9039,76353,111077
2009-03-24,EURO FX ,32680,38138,-977,-4558,-5458,70818,112887
2009-03-31,EURO FX ,31906,29641,-774,-8497,2265,61547,104404
2009-02-03,EURO FX ,35350,44402,3273,4836,-9052,79752,145456
2009-02-10,EURO FX ,33943,43937,-1407,-465,-9994,77880,152419
2009-02-17,EURO FX ,32809,48246,-1134,4309,-15437,81055,157952
2009-02-24,EURO FX ,33201,43282,392,-4964,-10081,76483,166903
2009-01-06,EURO FX ,33733,36108,1204,375,-2375,69841,123878
2009-01-13,EURO FX ,26970,36318,-6763,210,-9348,63288,117502
2009-01-20,EURO FX ,27780,35360,810,-958,-7580,63140,131714
2009-01-27,EURO FX ,32077,39566,4297,4206,-7489,71643,134554
2008-12-02,EURO FX ,29631,49828,2242,961,-20197,79459,173018
2008-12-09,EURO FX ,29347,46015,-284,-3813,-16668,75362,179318
2008-12-16,EURO FX ,30798,37424,1451,-8591,-6626,68222,119389
2008-12-22,EURO FX ,30977,34622,179,-2802,-3645,65599,118546
2008-12-30,EURO FX ,32529,35733,1552,1111,-3204,68262,120499
2008-11-04,EURO FX ,27825,49258,2416,-5203,-21433,77083,169608
2008-11-11,EURO FX ,25967,46588,-1858,-2670,-20621,72555,170226
2008-11-18,EURO FX ,29073,46431,3106,-157,-17358,75504,165121
2008-11-25,EURO FX ,27389,48867,-1684,2436,-21478,76256,172366
2008-10-07,EURO FX ,32058,50720,4586,-5684,-18662,82778,179895
2008-10-14,EURO FX ,24274,54374,-7784,3654,-30100,78648,175810
2008-10-21,EURO FX ,23536,54156,-738,-218,-30620,77692,184062
2008-10-28,EURO FX ,25409,54461,1873,305,-29052,79870,193760
2008-09-02,EURO FX ,37997,76620,1971,6816,-38623,114617,163458
2008-09-09,EURO FX ,35890,72322,-2107,-4298,-36432,108212,182828
2008-09-16,EURO FX ,35314,75968,-576,3646,-40654,111282,142148
2008-09-23,EURO FX ,33266,64323,-2048,-11645,-31057,97589,152022
2008-09-30,EURO FX ,27472,56404,-5794,-7919,-28932,83876,173238
2008-08-05,EURO FX ,55538,64985,3953,-2818,-9447,120523,160311
2008-08-12,EURO FX ,39822,59249,-15716,-5736,-19427,99071,146235
2008-08-19,EURO FX ,39958,60322,136,1073,-20364,100280,153468
2008-08-26,EURO FX ,36026,69804,-3932,9482,-33778,105830,154444
2008-07-01,EURO FX ,88162,60479,30258,4007,27683,148641,179885
2008-07-08,EURO FX ,81210,57203,-6952,-3276,24007,138413,176211
2008-07-15,EURO FX ,85052,62003,3842,4800,23049,147055,183536
2008-07-22,EURO FX ,70588,66517,-14464,4514,4071,137105,171505
2008-07-29,EURO FX ,51585,67803,-19003,1286,-16218,119388,149933
2008-06-03,EURO FX ,55845,70299,-8658,2406,-14454,126144,230633
2008-06-10,EURO FX ,57544,65084,1699,-5215,-7540,122628,254812
2008-06-17,EURO FX ,49514,58804,-8030,-6280,-9290,108318,132056
2008-06-24,EURO FX ,57904,56472,8390,-2332,1432,114376,147275
2008-05-06,EURO FX ,54383,66895,6064,-2739,-12512,121278,204066
2008-05-13,EURO FX ,55409,64908,1026,-1987,-9499,120317,207346
2008-05-20,EURO FX ,70240,63399,14831,-1509,6841,133639,212882
2008-05-27,EURO FX ,64503,67893,-5737,4494,-3390,132396,222241
2008-04-01,EURO FX ,80290,51218,-10666,3033,29072,131508,165921
2008-04-08,EURO FX ,86826,57391,6536,6173,29435,144217,174504
2008-04-15,EURO FX ,77532,57439,-9294,48,20093,134971,175248
2008-04-22,EURO FX ,81612,62705,4080,5266,18907,144317,178052
2008-04-29,EURO FX ,48319,69634,-33293,6929,-21315,117953,191308
2008-03-04,EURO FX ,73238,41228,-2360,-2592,32010,114466,226280
2008-03-11,EURO FX ,81646,52547,8408,11319,29099,134193,245172
2008-03-18,EURO FX ,78310,51789,-3336,-758,26521,130099,162474
2008-03-25,EURO FX ,90956,48185,12646,-3604,42771,139141,163586
2008-02-05,EURO FX ,60106,47542,-1972,7920,12564,107648,199494
2008-02-12,EURO FX ,55016,44721,-5090,-2821,10295,99737,207601
2008-02-19,EURO FX ,60926,46196,5910,1475,14730,107122,209143
2008-02-26,EURO FX ,75598,43820,14672,-2376,31778,119418,217521
2008-01-08,EURO FX ,85915,34013,14218,-1029,51902,119928,179512
2008-01-15,EURO FX ,81812,36830,-4103,2817,44982,118642,177003
2008-01-22,EURO FX ,65581,41836,-16231,5006,23745,107417,184289
2008-01-29,EURO FX ,62078,39622,-3503,-2214,22456,101700,187780
2007-12-04,EURO FX ,93659,24542,2324,-237,69117,118201,236107
2007-12-11,EURO FX ,91012,27638,-2647,3096,63374,118650,259477
2007-12-18,EURO FX ,67396,36247,-23616,8609,31149,103643,150165
2007-12-24,EURO FX ,68111,37470,715,1223,30641,105581,157379
2007-12-31,EURO FX ,71697,35042,3586,-2428,36655,106739,166421
2007-11-06,EURO FX ,109002,32954,8193,993,76048,141956,217765
2007-11-13,EURO FX ,98821,29392,-10181,-3562,69429,128213,219866
2007-11-20,EURO FX ,98548,28520,-273,-872,70028,127068,227240
2007-11-27,EURO FX ,91335,24779,-7213,-3741,66556,116114,222881
2007-10-02,EURO FX ,132323,37883,10028,-964,94440,170206,214561
2007-10-09,EURO FX ,117894,30728,-14429,-7155,87166,148622,204193
2007-10-16,EURO FX ,116748,30144,-1146,-584,86604,146892,208345
2007-10-23,EURO FX ,100683,31667,-16065,1523,69016,132350,195913
2007-10-30,EURO FX ,100809,31961,126,294,68848,132770,199482
2007-09-04,EURO FX ,78483,31838,3988,169,46645,110321,221662
2007-09-11,EURO FX ,86476,28262,7993,-3576,58214,114738,235169
2007-09-18,EURO FX ,123169,37120,36693,8858,86049,160289,203437
2007-09-25,EURO FX ,122295,38847,-874,1727,83448,161142,209652
2007-08-07,EURO FX ,111634,32605,7445,6869,79029,144239,227532
2007-08-14,EURO FX ,90832,26158,-20802,-6447,64674,116990,218546
2007-08-21,EURO FX ,74037,35574,-16795,9416,38463,109611,216026
2007-08-28,EURO FX ,74495,31669,458,-3905,42826,106164,221098
2007-07-03,EURO FX ,101643,25119,8767,-324,76524,126762,195000
2007-07-10,EURO FX ,129843,26947,28200,1828,102896,156790,223674
2007-07-17,EURO FX ,123364,24179,-6479,-2768,99185,147543,221237
2007-07-24,EURO FX ,126890,30475,3526,6296,96415,157365,225781
2007-07-31,EURO FX ,104189,25736,-22701,-4739,78453,129925,214527
2007-06-05,EURO FX ,119341,34376,-4865,4489,84965,153717,214948
2007-06-12,EURO FX ,93562,42924,-25779,8548,50638,136486,227892
2007-06-19,EURO FX ,85173,38832,-8389,-4092,46341,124005,183775
2007-06-26,EURO FX ,92876,25443,7703,-13389,67433,118319,183893
2007-05-01,EURO FX ,135399,28711,-1923,2671,106688,164110,235249
2007-05-08,EURO FX ,130342,25072,-5057,-3639,105270,155414,223364
2007-05-15,EURO FX ,146922,27384,16580,2312,119538,174306,236773
2007-05-22,EURO FX ,126860,31573,-20062,4189,95287,158433,218897
2007-05-29,EURO FX ,124206,29887,-2654,-1686,94319,154093,213871
2007-04-03,EURO FX ,118379,23301,2032,695,95078,141680,198368
2007-04-10,EURO FX ,126947,22553,8568,-748,104394,149500,212087
2007-04-17,EURO FX ,129044,22274,2097,-279,106770,151318,217447
2007-04-24,EURO FX ,137322,26040,8278,3766,111282,163362,232312
2007-03-06,EURO FX ,107164,18485,-16344,-2425,88679,125649,201319
2007-03-13,EURO FX ,113009,16854,5845,-1631,96155,129863,216699
2007-03-20,EURO FX ,106188,18232,-6821,1378,87956,124420,182591
2007-03-27,EURO FX ,116347,22606,10159,4374,93741,138953,192918
2007-02-06,EURO FX ,74223,28893,-11282,5967,45330,103116,182666
2007-02-13,EURO FX ,105371,21576,31148,-7317,83795,126947,187086
2007-02-20,EURO FX ,117811,18485,12440,-3091,99326,136296,202370
2007-02-27,EURO FX ,123508,20910,5697,2425,102598,144418,221471
2007-01-03,EURO FX ,98245,20789,-2714,-200,77456,119034,189612
2007-01-09,EURO FX ,93415,18243,-4830,-2546,75172,111658,183293
2007-01-16,EURO FX ,67482,13940,-25933,-4303,53542,81422,164594
2007-01-23,EURO FX ,77516,16506,10034,2566,61010,94022,169518
2007-01-30,EURO FX ,85505,22926,7989,6420,62579,108431,174218
2006-12-05,EURO FX ,115201,16936,7829,-842,98265,132137,223733
2006-12-12,EURO FX ,112188,15505,-3013,-1431,96683,127693,230245
2006-12-19,EURO FX ,110993,19023,-1195,3518,91970,130016,194079
2006-12-26,EURO FX ,100959,20989,-10034,1966,79970,121948,186755
2006-11-07,EURO FX ,96738,27813,12175,3298,68925,124551,178237
2006-11-14,EURO FX ,81912,21437,-14826,-6376,60475,103349,170609
2006-11-21,EURO FX ,84717,19411,2805,-2026,65306,104128,178692
2006-11-28,EURO FX ,107372,17778,22655,-1633,89594,125150,207573
2006-10-03,EURO FX ,76049,19832,8627,2352,56217,95881,142202
2006-10-10,EURO FX ,69105,32577,-6944,12745,36528,101682,150795
2006-10-17,EURO FX ,69850,43258,745,10681,26592,113108,154610
2006-10-24,EURO FX ,70934,43783,1084,525,27151,114717,158034
2006-10-31,EURO FX ,84563,24515,13629,-19268,60048,109078,162230
2006-09-05,EURO FX ,86223,11207,-2200,2421,75016,97430,171026
2006-09-12,EURO FX ,79626,12909,-6597,1702,66717,92535,168483
2006-09-19,EURO FX ,69197,18083,-10429,5174,51114,87280,131398
2006-09-26,EURO FX ,67422,17480,-1775,-603,49942,84902,136955
2006-08-01,EURO FX ,85072,11643,18385,-4743,73429,96715,157856
2006-08-08,EURO FX ,101133,9025,16061,-2618,92108,110158,177763
2006-08-15,EURO FX ,99050,8846,-2083,-179,90204,107896,178761
2006-08-22,EURO FX ,89994,8524,-9056,-322,81470,98518,175943
2006-08-29,EURO FX ,88423,8786,-1571,262,79637,97209,170168
2006-07-03,EURO FX ,87088,18543,9146,5271,68545,105631,162104
2006-07-11,EURO FX ,92291,14396,5203,-4147,77895,106687,168069
2006-07-18,EURO FX ,67816,16122,-24475,1726,51694,83938,152795
2006-07-25,EURO FX ,66687,16386,-1129,264,50301,83073,146454
2006-06-06,EURO FX ,102560,14364,5696,-2616,88196,116924,209552
2006-06-13,EURO FX ,72732,10886,-29828,-3478,61846,83618,202394
2006-06-20,EURO FX ,66017,13527,-6715,2641,52490,79544,132604
2006-06-27,EURO FX ,77942,13272,11925,-255,64670,91214,148166
2006-05-02,EURO FX ,90615,16141,10774,1825,74474,106756,187074
2006-05-09,EURO FX ,87975,15064,-2640,-1077,72911,103039,198501
2006-05-16,EURO FX ,87436,14060,-539,-1004,73376,101496,195254
2006-05-23,EURO FX ,87361,15285,-75,1225,72076,102646,197806
2006-05-30,EURO FX ,96864,16980,9503,1695,79884,113844,195502
2006-04-04,EURO FX ,67859,15467,11523,-58,52392,83326,161921
2006-04-11,EURO FX ,58717,17087,-9142,1620,41630,75804,159310
2006-04-18,EURO FX ,70019,14677,11302,-2410,55342,84696,165741
2006-04-25,EURO FX ,79841,14316,9822,-361,65525,94157,177240
2006-03-07,EURO FX ,49877,35999,-1005,3519,13878,85876,177395
2006-03-14,EURO FX ,55058,27074,5181,-8925,27984,82132,134870
2006-03-21,EURO FX ,58377,16925,3319,-10149,41452,75302,141536
2006-03-28,EURO FX ,56336,15525,-2041,-1400,40811,71861,140715
2006-02-07,EURO FX ,45622,26657,-12942,4475,18965,72279,140121
2006-02-14,EURO FX ,43279,31323,-2343,4666,11956,74602,140958
2006-02-21,EURO FX ,42097,32012,-1182,689,10085,74109,151300
2006-02-28,EURO FX ,50882,32480,8785,468,18402,83362,159681
2006-01-03,EURO FX ,36013,24782,10076,3423,11231,60795,119238
2006-01-10,EURO FX ,42096,20135,6083,-4647,21961,62231,127386
2006-01-17,EURO FX ,41207,19996,-889,-139,21211,61203,129565
2006-01-24,EURO FX ,56834,19370,15627,-626,37464,76204,144608
2006-01-31,EURO FX ,58564,22182,1730,2812,36382,80746,147953
2005-12-06,EURO FX ,28784,51356,-1683,2757,-22572,80140,179353
2005-12-13,EURO FX ,28088,29151,-696,-22205,-1063,57239,192392
2005-12-20,EURO FX ,24852,20348,-3236,-8803,4504,45200,123445
2005-12-27,EURO FX ,25937,21359,1085,1011,4578,47296,112370
2005-11-01,EURO FX ,26432,19434,5638,-3918,6998,45866,144306
2005-11-08,EURO FX ,29558,36185,3126,16751,-6627,65743,159878
2005-11-15,EURO FX ,31487,44709,1929,8524,-13222,76196,175265
2005-11-22,EURO FX ,35452,46579,3965,1870,-11127,82031,185618
2005-11-29,EURO FX ,30467,48599,-4985,2020,-18132,79066,182131
2005-10-04,EURO FX ,34646,36544,1719,2014,-1898,71190,143338
2005-10-11,EURO FX ,30103,25311,-4543,-11233,4792,55414,130998
2005-10-18,EURO FX ,25238,24383,-4865,-928,855,49621,144421
2005-10-25,EURO FX ,20794,23352,-4444,-1031,-2558,44146,151243
2005-09-06,EURO FX ,38768,15250,12303,-14834,23518,54018,161018
2005-09-13,EURO FX ,29321,21736,-9447,6486,7585,51057,162743
2005-09-20,EURO FX ,29052,30480,-269,8744,-1428,59532,118666
2005-09-27,EURO FX ,32927,34530,3875,4050,-1603,67457,135698
2005-08-02,EURO FX ,24408,24599,-112,-8217,-191,49007,143594
2005-08-09,EURO FX ,28507,24276,4099,-323,4231,52783,145759
2005-08-16,EURO FX ,27289,26705,-1218,2429,584,53994,148418
2005-08-23,EURO FX ,24238,30004,-3051,3299,-5766,54242,145089
2005-07-05,EURO FX ,23019,47891,-8797,1834,-24872,70910,148960
2005-07-12,EURO FX ,24267,32115,1248,-15776,-7848,56382,140286
2005-07-19,EURO FX ,23055,34925,-1212,2810,-11870,57980,143052
2005-07-26,EURO FX ,24520,32816,1465,-2109,-8296,57336,144785
2005-06-07,EURO FX ,22939,40710,-1272,-1811,-17771,63649,193707
2005-06-14,EURO FX ,26335,46000,3396,5290,-19665,72335,140233
2005-06-21,EURO FX ,26061,47343,-274,1343,-21282,73404,142566
2005-06-28,EURO FX ,31816,46057,5755,-1286,-14241,77873,139172
2005-05-03,EURO FX ,26070,21195,2546,1890,4875,47265,138018
2005-05-10,EURO FX ,27335,28879,1265,7684,-1544,56214,148731
2005-05-17,EURO FX ,22232,35720,-5103,6841,-13488,57952,156860
2005-05-24,EURO FX ,24631,39952,2399,4232,-15321,64583,162145
2005-05-31,EURO FX ,24211,42521,-420,2569,-18310,66732,190494
2005-04-05,EURO FX ,26469,19571,-3781,7074,6898,46040,126079
2005-04-12,EURO FX ,30092,24332,3623,4761,5760,54424,131025
2005-04-19,EURO FX ,23613,18592,-6479,-5740,5021,42205,118581
2005-04-26,EURO FX ,23524,19305,-89,713,4219,42829,133030
2005-03-01,EURO FX ,46880,13462,17876,-11518,33418,60342,169942
2005-03-08,EURO FX ,37116,14526,-9764,1064,22590,51642,169161
2005-03-15,EURO FX ,42647,12735,5531,-1791,29912,55382,122371
2005-03-22,EURO FX ,36967,9768,-5680,-2967,27199,46735,115071
2005-03-29,EURO FX ,30250,12497,-6717,2729,17753,42747,116888
2005-02-01,EURO FX ,25980,24055,579,-578,1925,50035,129210
2005-02-08,EURO FX ,26185,26816,205,2761,-631,53001,152377
2005-02-15,EURO FX ,28112,28357,1927,1541,-245,56469,148131
2005-02-22,EURO FX ,29004,24980,892,-3377,4024,53984,164961
2005-01-04,EURO FX ,35806,24735,-8720,-2977,11071,60541,141191
2005-01-11,EURO FX ,33414,17233,-2392,-7502,16181,50647,143785
2005-01-18,EURO FX ,28380,18467,-5034,1234,9913,46847,131661
2005-01-25,EURO FX ,25401,24633,-2979,6166,768,50034,131203
