Date,Symbol,Long,Short,Change Long,Change Short,Net positions,Total positions,Open interest
2021-07-13 00:00:00,FEEDER CATTLE ,15331,9526,-569,551,5805,24857,45831
2021-07-06 00:00:00,FEEDER CATTLE ,15900,8975,243,8,6925,24875,46422
2021-06-01 00:00:00,FEEDER CATTLE ,16322,11589,-619,-994,4733,27911,41418
2021-06-08 00:00:00,FEEDER CATTLE ,15751,12362,-571,773,3389,28113,42225
2021-06-15 00:00:00,FEEDER CATTLE ,15540,10973,-211,-1389,4567,26513,42793
2021-06-22 00:00:00,FEEDER CATTLE ,15707,8996,167,-1977,6711,24703,43833
2021-06-29 00:00:00,FEEDER CATTLE ,15657,8967,-50,-29,6690,24624,43427
2021-05-04 00:00:00,FEEDER CATTLE ,17126,15578,-311,1094,1548,32704,46628
2021-05-11 00:00:00,FEEDER CATTLE ,17071,15277,-55,-301,1794,32348,44999
2021-05-18 00:00:00,FEEDER CATTLE ,17121,14336,50,-941,2785,31457,43766
2021-05-25 00:00:00,FEEDER CATTLE ,16941,12583,-180,-1753,4358,29524,42875
2021-04-06 00:00:00,FEEDER CATTLE ,19934,12381,-307,-1010,7553,32315,46349
2021-04-13 00:00:00,FEEDER CATTLE ,19040,12187,-894,-194,6853,31227,45535
2021-04-20 00:00:00,FEEDER CATTLE ,18658,14446,-382,2259,4212,33104,45690
2021-04-27 00:00:00,FEEDER CATTLE ,17437,14484,-1221,38,2953,31921,46812
2021-03-02 00:00:00,FEEDER CATTLE ,18296,16556,368,496,1740,34852,42375
2021-03-09 00:00:00,FEEDER CATTLE ,18614,16451,318,-105,2163,35065,44782
2021-03-16 00:00:00,FEEDER CATTLE ,19887,15501,1273,-950,4386,35388,47805
2021-03-23 00:00:00,FEEDER CATTLE ,18995,15342,-892,-159,3653,34337,48069
2021-03-30 00:00:00,FEEDER CATTLE ,20241,13391,1246,-1951,6850,33632,47407
2021-02-02 00:00:00,FEEDER CATTLE ,15631,14299,-342,1376,1332,29930,39968
2021-02-09 00:00:00,FEEDER CATTLE ,16348,14426,717,127,1922,30774,40797
2021-02-16 00:00:00,FEEDER CATTLE ,17073,14893,725,467,2180,31966,42467
2021-02-23 00:00:00,FEEDER CATTLE ,17928,16060,855,1167,1868,33988,42000
2021-01-05 00:00:00,FEEDER CATTLE ,13781,12883,-1033,1215,898,26664,42455
2021-01-12 00:00:00,FEEDER CATTLE ,14142,14049,361,1166,93,28191,41919
2021-01-19 00:00:00,FEEDER CATTLE ,14224,13850,82,-199,374,28074,40590
2021-01-26 00:00:00,FEEDER CATTLE ,15973,12923,1749,-927,3050,28896,40324
2020-12-01 00:00:00,FEEDER CATTLE ,13870,12602,168,-1428,1268,26472,38655
2020-12-08 00:00:00,FEEDER CATTLE ,14002,11796,132,-806,2206,25798,39829
2020-12-15 00:00:00,FEEDER CATTLE ,14633,11784,631,-12,2849,26417,42270
2020-12-21 00:00:00,FEEDER CATTLE ,15379,12116,746,332,3263,27495,45219
2020-12-29 00:00:00,FEEDER CATTLE ,14814,11668,-565,-448,3146,26482,44479
2020-11-03 00:00:00,FEEDER CATTLE ,13333,19025,199,-1174,-5692,32358,41054
2020-11-10 00:00:00,FEEDER CATTLE ,13937,15453,604,-3572,-1516,29390,35880
2020-11-17 00:00:00,FEEDER CATTLE ,13974,14669,37,-784,-695,28643,36456
2020-11-24 00:00:00,FEEDER CATTLE ,13702,14030,-272,-639,-328,27732,37157
2020-10-06 00:00:00,FEEDER CATTLE ,15028,15756,-425,2689,-728,30784,43761
2020-10-13 00:00:00,FEEDER CATTLE ,14671,16682,-357,926,-2011,31353,42118
2020-10-20 00:00:00,FEEDER CATTLE ,12921,20570,-1750,3888,-7649,33491,44113
2020-10-27 00:00:00,FEEDER CATTLE ,13134,20199,213,-371,-7065,33333,45210
2020-09-01 00:00:00,FEEDER CATTLE ,18072,11396,68,475,6676,29468,43417
2020-09-08 00:00:00,FEEDER CATTLE ,16799,12115,-1273,719,4684,28914,42042
2020-09-15 00:00:00,FEEDER CATTLE ,15740,12597,-1059,482,3143,28337,42410
2020-09-22 00:00:00,FEEDER CATTLE ,16029,13889,289,1292,2140,29918,44141
2020-09-29 00:00:00,FEEDER CATTLE ,15453,13067,-576,-822,2386,28520,42864
2020-08-04 00:00:00,FEEDER CATTLE ,16280,9039,1646,-37,7241,25319,41970
2020-08-11 00:00:00,FEEDER CATTLE ,16481,9402,201,363,7079,25883,43659
2020-08-18 00:00:00,FEEDER CATTLE ,17626,9627,1145,225,7999,27253,46293
2020-08-25 00:00:00,FEEDER CATTLE ,18004,10921,378,1294,7083,28925,45425
2020-07-07 00:00:00,FEEDER CATTLE ,12118,9939,123,570,2179,22057,37359
2020-07-14 00:00:00,FEEDER CATTLE ,12285,9777,167,-162,2508,22062,40985
2020-07-21 00:00:00,FEEDER CATTLE ,13493,8556,1208,-1221,4937,22049,40875
2020-07-28 00:00:00,FEEDER CATTLE ,14634,9076,1141,520,5558,23710,42900
2020-06-02 00:00:00,FEEDER CATTLE ,9911,8405,1938,771,1506,18316,30397
2020-06-09 00:00:00,FEEDER CATTLE ,9800,8968,-111,563,832,18768,32051
2020-06-16 00:00:00,FEEDER CATTLE ,10061,9861,261,893,200,19922,32997
2020-06-23 00:00:00,FEEDER CATTLE ,11038,9812,977,-49,1226,20850,35248
2020-06-30 00:00:00,FEEDER CATTLE ,11995,9369,957,-443,2626,21364,36744
2020-05-05 00:00:00,FEEDER CATTLE ,8791,8561,-1269,-825,230,17352,31756
2020-05-12 00:00:00,FEEDER CATTLE ,8437,7225,-354,-1336,1212,15662,30072
2020-05-19 00:00:00,FEEDER CATTLE ,8236,7347,-201,122,889,15583,29169
2020-05-26 00:00:00,FEEDER CATTLE ,7973,7634,-263,287,339,15607,28961
2020-04-07 00:00:00,FEEDER CATTLE ,10266,9368,-430,885,898,19634,34230
2020-04-14 00:00:00,FEEDER CATTLE ,10172,8847,-94,-521,1325,19019,31528
2020-04-21 00:00:00,FEEDER CATTLE ,10150,9237,-22,390,913,19387,32113
2020-04-28 00:00:00,FEEDER CATTLE ,10060,9386,-90,149,674,19446,33003
2020-03-03 00:00:00,FEEDER CATTLE ,14741,15459,-2156,-716,-718,30200,50286
2020-03-10 00:00:00,FEEDER CATTLE ,14094,14888,-647,-571,-794,28982,47462
2020-03-17 00:00:00,FEEDER CATTLE ,10923,11850,-3171,-3038,-927,22773,40124
2020-03-24 00:00:00,FEEDER CATTLE ,10146,9646,-777,-2204,500,19792,36924
2020-03-31 00:00:00,FEEDER CATTLE ,10696,8483,550,-1163,2213,19179,32767
2020-02-04 00:00:00,FEEDER CATTLE ,15738,16960,-1758,2265,-1222,32698,56960
2020-02-11 00:00:00,FEEDER CATTLE ,16414,17946,676,986,-1532,34360,57672
2020-02-18 00:00:00,FEEDER CATTLE ,16675,17387,261,-559,-712,34062,57266
2020-02-25 00:00:00,FEEDER CATTLE ,16897,16175,222,-1212,722,33072,53915
2020-01-07 00:00:00,FEEDER CATTLE ,18587,12505,1682,14,6082,31092,51424
2020-01-14 00:00:00,FEEDER CATTLE ,20005,12824,1418,319,7181,32829,54709
2020-01-21 00:00:00,FEEDER CATTLE ,20056,12744,51,-80,7312,32800,53479
2020-01-28 00:00:00,FEEDER CATTLE ,17496,14695,-2560,1951,2801,32191,53468
2019-12-03 00:00:00,FEEDER CATTLE ,16914,12933,146,703,3981,29847,47327
2019-12-10 00:00:00,FEEDER CATTLE ,16466,12480,-448,-453,3986,28946,48327
2019-12-17 00:00:00,FEEDER CATTLE ,17602,11898,1136,-582,5704,29500,50343
2019-12-31 00:00:00,FEEDER CATTLE ,16905,12491,99,12,4414,29396,49679
2019-11-05 00:00:00,FEEDER CATTLE ,15657,13032,1315,1192,2625,28689,41300
2019-11-12 00:00:00,FEEDER CATTLE ,16352,12577,695,-455,3775,28929,43637
2019-11-19 00:00:00,FEEDER CATTLE ,16893,11769,541,-808,5124,28662,44864
2019-11-26 00:00:00,FEEDER CATTLE ,16768,12230,-125,461,4538,28998,45333
2019-10-01 00:00:00,FEEDER CATTLE ,15250,14327,-789,-1400,923,29577,41773
2019-10-08 00:00:00,FEEDER CATTLE ,14038,13830,-1212,-497,208,27868,42751
2019-10-15 00:00:00,FEEDER CATTLE ,14650,12654,612,-1176,1996,27304,41649
2019-10-22 00:00:00,FEEDER CATTLE ,14003,12353,-647,-301,1650,26356,39620
2019-10-29 00:00:00,FEEDER CATTLE ,14342,11840,339,-513,2502,26182,39976
2019-09-03 00:00:00,FEEDER CATTLE ,15554,17843,1089,761,-2289,33397,48067
2019-09-10 00:00:00,FEEDER CATTLE ,15417,18446,-137,603,-3029,33863,48344
2019-09-17 00:00:00,FEEDER CATTLE ,16213,17636,796,-810,-1423,33849,47269
2019-09-24 00:00:00,FEEDER CATTLE ,16039,15727,-174,-1909,312,31766,46228
2019-08-06 00:00:00,FEEDER CATTLE ,14752,17333,-201,1804,-2581,32085,47956
2019-08-13 00:00:00,FEEDER CATTLE ,14325,17577,-427,244,-3252,31902,48067
2019-08-20 00:00:00,FEEDER CATTLE ,14318,16634,-7,-943,-2316,30952,47233
2019-08-27 00:00:00,FEEDER CATTLE ,14465,17082,147,448,-2617,31547,47369
2019-07-02 00:00:00,FEEDER CATTLE ,15046,17637,106,78,-2591,32683,49579
2019-07-09 00:00:00,FEEDER CATTLE ,14556,17012,-490,-625,-2456,31568,49641
2019-07-16 00:00:00,FEEDER CATTLE ,14635,16729,79,-283,-2094,31364,48256
2019-07-23 00:00:00,FEEDER CATTLE ,14705,16645,70,-84,-1940,31350,47437
2019-07-30 00:00:00,FEEDER CATTLE ,14953,15529,248,-1116,-576,30482,47058
2019-06-04 00:00:00,FEEDER CATTLE ,15016,16512,-1241,-1991,-1496,31528,49518
2019-06-11 00:00:00,FEEDER CATTLE ,15358,16502,342,-10,-1144,31860,48144
2019-06-18 00:00:00,FEEDER CATTLE ,14946,16654,-412,152,-1708,31600,48199
2019-06-25 00:00:00,FEEDER CATTLE ,14940,17559,-6,905,-2619,32499,49507
2019-05-07 00:00:00,FEEDER CATTLE ,16941,14461,-716,1689,2480,31402,48562
2019-05-14 00:00:00,FEEDER CATTLE ,17161,16526,220,2065,635,33687,50131
2019-05-21 00:00:00,FEEDER CATTLE ,17315,18889,154,2363,-1574,36204,50836
2019-05-28 00:00:00,FEEDER CATTLE ,16257,18503,-1058,-386,-2246,34760,49698
2019-04-02 00:00:00,FEEDER CATTLE ,17852,11760,-3322,-2041,6092,29612,50526
2019-04-09 00:00:00,FEEDER CATTLE ,17471,10919,-381,-841,6552,28390,49960
2019-04-16 00:00:00,FEEDER CATTLE ,18817,11614,1346,695,7203,30431,54179
2019-04-23 00:00:00,FEEDER CATTLE ,18999,11103,182,-511,7896,30102,53423
2019-04-30 00:00:00,FEEDER CATTLE ,17657,12772,-1342,1669,4885,30429,49960
2019-03-05 00:00:00,FEEDER CATTLE ,18236,17366,1656,653,870,35602,55331
2019-03-12 00:00:00,FEEDER CATTLE ,18688,17270,452,-96,1418,35958,53982
2019-03-19 00:00:00,FEEDER CATTLE ,19277,14943,589,-2327,4334,34220,51535
2019-03-26 00:00:00,FEEDER CATTLE ,21174,13801,1897,-1142,7373,34975,53743
2019-02-05 00:00:00,FEEDER CATTLE ,15365,16360,-828,-128,-995,31725,48951
2019-02-12 00:00:00,FEEDER CATTLE ,15955,16381,590,21,-426,32336,48800
2019-02-19 00:00:00,FEEDER CATTLE ,16701,17161,746,780,-460,33862,50342
2019-02-26 00:00:00,FEEDER CATTLE ,16580,16713,-121,-448,-133,33293,51066
2019-01-08 00:00:00,FEEDER CATTLE ,16085,15814,-1337,367,271,31899,50100
2019-01-15 00:00:00,FEEDER CATTLE ,15379,15172,-706,-642,207,30551,50719
2019-01-22 00:00:00,FEEDER CATTLE ,15941,16940,562,1768,-999,32881,51643
2019-01-29 00:00:00,FEEDER CATTLE ,16193,16488,252,-452,-295,32681,51393
2018-12-04 00:00:00,FEEDER CATTLE ,16575,19857,-1376,-193,-3282,36432,49892
2018-12-11 00:00:00,FEEDER CATTLE ,16529,18942,-46,-915,-2413,35471,49231
2018-12-18 00:00:00,FEEDER CATTLE ,16908,16696,379,-2246,212,33604,49527
2018-12-24 00:00:00,FEEDER CATTLE ,16053,15486,-855,-1210,567,31539,48605
2018-12-31 00:00:00,FEEDER CATTLE ,17422,15447,1369,-39,1975,32869,48054
2018-11-06 00:00:00,FEEDER CATTLE ,19196,20995,-1141,313,-1799,40191,49475
2018-11-13 00:00:00,FEEDER CATTLE ,18101,20965,-1095,-30,-2864,39066,49128
2018-11-20 00:00:00,FEEDER CATTLE ,17370,20041,-731,-924,-2671,37411,47677
2018-11-27 00:00:00,FEEDER CATTLE ,17951,20050,581,9,-2099,38001,48905
2018-10-02 00:00:00,FEEDER CATTLE ,21683,18634,1787,1657,3049,40317,57350
2018-10-09 00:00:00,FEEDER CATTLE ,22954,19318,1271,684,3636,42272,57347
2018-10-16 00:00:00,FEEDER CATTLE ,21143,19777,-1811,459,1366,40920,56004
2018-10-23 00:00:00,FEEDER CATTLE ,20744,20823,-399,1046,-79,41567,52588
2018-10-30 00:00:00,FEEDER CATTLE ,20337,20682,-407,-141,-345,41019,48932
2018-09-04 00:00:00,FEEDER CATTLE ,14777,15425,413,1203,-648,30202,48434
2018-09-11 00:00:00,FEEDER CATTLE ,15886,15716,1109,291,170,31602,50580
2018-09-18 00:00:00,FEEDER CATTLE ,19308,16581,3422,865,2727,35889,53991
2018-09-29 00:00:00,FEEDER CATTLE ,19896,16977,588,396,2919,36873,54763
2018-08-07 00:00:00,FEEDER CATTLE ,15721,14642,-529,-424,1079,30363,55164
2018-08-14 00:00:00,FEEDER CATTLE ,14795,14136,-926,-506,659,28931,49493
2018-08-21 00:00:00,FEEDER CATTLE ,14689,13743,-106,-393,946,28432,49003
2018-08-28 00:00:00,FEEDER CATTLE ,14364,14222,-325,479,142,28586,48754
2018-07-03 00:00:00,FEEDER CATTLE ,13303,13388,-371,232,-85,26691,46837
2018-07-10 00:00:00,FEEDER CATTLE ,13911,13208,608,-180,703,27119,47053
2018-07-17 00:00:00,FEEDER CATTLE ,13583,14356,-328,1148,-773,27939,47964
2018-07-24 00:00:00,FEEDER CATTLE ,16656,15442,3073,1086,1214,32098,53253
2018-07-31 00:00:00,FEEDER CATTLE ,16250,15066,-406,-376,1184,31316,54746
2018-06-05 00:00:00,FEEDER CATTLE ,13537,13571,440,-755,-34,27108,43060
2018-06-12 00:00:00,FEEDER CATTLE ,13302,13158,-235,-413,144,26460,44121
2018-06-19 00:00:00,FEEDER CATTLE ,13717,13182,415,24,535,26899,45332
2018-06-26 00:00:00,FEEDER CATTLE ,13674,13156,-43,-26,518,26830,46284
2018-05-01 00:00:00,FEEDER CATTLE ,13368,15148,-2543,-1123,-1780,28516,43808
2018-05-08 00:00:00,FEEDER CATTLE ,13265,14349,-103,-799,-1084,27614,44420
2018-05-15 00:00:00,FEEDER CATTLE ,14243,15382,978,1033,-1139,29625,46068
2018-05-22 00:00:00,FEEDER CATTLE ,14053,16150,-190,768,-2097,30203,47523
2018-05-29 00:00:00,FEEDER CATTLE ,13097,14326,-956,-1824,-1229,27423,45079
2018-04-03 00:00:00,FEEDER CATTLE ,18764,16857,-929,123,1907,35621,54113
2018-04-10 00:00:00,FEEDER CATTLE ,17945,16364,-819,-493,1581,34309,50549
2018-04-17 00:00:00,FEEDER CATTLE ,16072,15659,-1873,-705,413,31731,49750
2018-04-24 00:00:00,FEEDER CATTLE ,17008,16271,936,612,737,33279,48473
2018-03-06 00:00:00,FEEDER CATTLE ,20904,13182,-1914,-166,7722,34086,56157
2018-03-13 00:00:00,FEEDER CATTLE ,18608,12880,-2296,-302,5728,31488,51925
2018-03-20 00:00:00,FEEDER CATTLE ,18890,14815,282,1935,4075,33705,52567
2018-03-27 00:00:00,FEEDER CATTLE ,19693,16734,803,1919,2959,36427,54643
2018-02-06 00:00:00,FEEDER CATTLE ,26575,13936,2359,548,12639,40511,56314
2018-02-13 00:00:00,FEEDER CATTLE ,24407,12929,-2168,-1007,11478,37336,55397
2018-02-20 00:00:00,FEEDER CATTLE ,25263,13799,856,870,11464,39062,57667
2018-02-27 00:00:00,FEEDER CATTLE ,22818,13348,-2445,-451,9470,36166,57960
2018-01-02 00:00:00,FEEDER CATTLE ,21971,13112,-15,-399,8859,35083,51748
2018-01-09 00:00:00,FEEDER CATTLE ,22939,13739,968,627,9200,36678,51570
2018-01-16 00:00:00,FEEDER CATTLE ,23094,13913,155,174,9181,37007,52400
2018-01-23 00:00:00,FEEDER CATTLE ,23448,13833,354,-80,9615,37281,53691
2018-01-30 00:00:00,FEEDER CATTLE ,24216,13388,768,-445,10828,37604,54301
2017-12-05 00:00:00,FEEDER CATTLE ,28028,14045,-275,775,13983,42073,57376
2017-12-12 00:00:00,FEEDER CATTLE ,24868,13301,-3160,-744,11567,38169,53822
2017-12-19 00:00:00,FEEDER CATTLE ,23523,13589,-1345,288,9934,37112,54157
2017-12-26 00:00:00,FEEDER CATTLE ,21986,13511,-1537,-78,8475,35497,52650
2017-11-07 00:00:00,FEEDER CATTLE ,33930,17491,1649,858,16439,51421,65612
2017-11-14 00:00:00,FEEDER CATTLE ,32735,15698,-1195,-1793,17037,48433,62000
2017-11-21 00:00:00,FEEDER CATTLE ,28302,13713,-4433,-1985,14589,42015,56497
2017-11-28 00:00:00,FEEDER CATTLE ,28303,13270,1,-443,15033,41573,56361
2017-10-03 00:00:00,FEEDER CATTLE ,28243,13131,-216,-394,15112,41374,59557
2017-10-10 00:00:00,FEEDER CATTLE ,29891,13813,1648,682,16078,43704,59332
2017-10-17 00:00:00,FEEDER CATTLE ,30845,14125,954,312,16720,44970,60746
2017-10-24 00:00:00,FEEDER CATTLE ,30955,13937,110,-188,17018,44892,62895
2017-10-31 00:00:00,FEEDER CATTLE ,32281,16633,1326,2696,15648,48914,63489
2017-09-05 00:00:00,FEEDER CATTLE ,22325,9357,-1189,-1306,12968,31682,50346
2017-09-12 00:00:00,FEEDER CATTLE ,23019,9369,694,12,13650,32388,51499
2017-09-19 00:00:00,FEEDER CATTLE ,26010,11538,2991,2169,14472,37548,54152
2017-09-26 00:00:00,FEEDER CATTLE ,28459,13525,2449,1987,14934,41984,59765
2017-08-01 00:00:00,FEEDER CATTLE ,25506,11449,-1256,-397,14057,36955,59019
2017-08-08 00:00:00,FEEDER CATTLE ,25383,11428,-123,-21,13955,36811,61011
2017-08-15 00:00:00,FEEDER CATTLE ,23393,10469,-1990,-959,12924,33862,56650
2017-08-22 00:00:00,FEEDER CATTLE ,22989,10990,-404,521,11999,33979,54629
2017-08-29 00:00:00,FEEDER CATTLE ,23514,10663,525,-327,12851,34177,53200
2017-07-03 00:00:00,FEEDER CATTLE ,26521,11301,-87,282,15220,37822,57273
2017-07-11 00:00:00,FEEDER CATTLE ,25895,11299,-626,-2,14596,37194,58761
2017-07-18 00:00:00,FEEDER CATTLE ,26897,10658,1002,-641,16239,37555,60374
2017-07-25 00:00:00,FEEDER CATTLE ,26762,11846,-135,1188,14916,38608,60547
2017-06-06 00:00:00,FEEDER CATTLE ,27086,12518,1288,745,14568,39604,57455
2017-06-13 00:00:00,FEEDER CATTLE ,26911,12561,-175,43,14350,39472,57203
2017-06-20 00:00:00,FEEDER CATTLE ,25739,10871,-1172,-1690,14868,36610,54708
2017-06-27 00:00:00,FEEDER CATTLE ,26608,11019,869,148,15589,37627,56313
2017-05-02 00:00:00,FEEDER CATTLE ,28208,12799,-297,758,15409,41007,59185
2017-05-09 00:00:00,FEEDER CATTLE ,28168,14020,-40,1221,14148,42188,59364
2017-05-16 00:00:00,FEEDER CATTLE ,26673,12372,-1495,-1648,14301,39045,56980
2017-05-23 00:00:00,FEEDER CATTLE ,26925,12837,252,465,14088,39762,58558
2017-05-30 00:00:00,FEEDER CATTLE ,25798,11773,-1127,-1064,14025,37571,54964
2017-04-04 00:00:00,FEEDER CATTLE ,27557,10673,1148,-364,16884,38230,57891
2017-04-11 00:00:00,FEEDER CATTLE ,27969,11105,412,432,16864,39074,59296
2017-04-18 00:00:00,FEEDER CATTLE ,28160,11026,191,-79,17134,39186,60183
2017-04-25 00:00:00,FEEDER CATTLE ,28505,12041,345,1015,16464,40546,58423
2017-03-07 00:00:00,FEEDER CATTLE ,18617,12776,-391,523,5841,31393,50008
2017-03-14 00:00:00,FEEDER CATTLE ,19999,11447,1382,-1329,8552,31446,49791
2017-03-21 00:00:00,FEEDER CATTLE ,23213,10888,3214,-559,12325,34101,55188
2017-03-28 00:00:00,FEEDER CATTLE ,26409,11037,3196,149,15372,37446,57771
2017-02-07 00:00:00,FEEDER CATTLE ,20962,12052,-1402,116,8910,33014,48696
2017-02-14 00:00:00,FEEDER CATTLE ,20049,12851,-913,799,7198,32900,51212
2017-02-21 00:00:00,FEEDER CATTLE ,19844,12468,-205,-383,7376,32312,50956
2017-02-28 00:00:00,FEEDER CATTLE ,19008,12253,-836,-215,6755,31261,50958
2017-01-03 00:00:00,FEEDER CATTLE ,8565,6420,0,0,2145,14985,45994
2017-01-10 00:00:00,FEEDER CATTLE ,21738,13765,227,-210,7973,35503,48416
2017-01-17 00:00:00,FEEDER CATTLE ,22727,12981,989,-784,9746,35708,50497
2017-01-24 00:00:00,FEEDER CATTLE ,23959,12978,1232,-3,10981,36937,52053
2017-01-31 00:00:00,FEEDER CATTLE ,22364,11936,-1595,-1042,10428,34300,49614
2016-12-06 00:00:00,FEEDER CATTLE ,19143,15244,83,-368,3899,34387,46152
2016-12-13 00:00:00,FEEDER CATTLE ,20407,14679,1264,-565,5728,35086,44415
2016-12-20 00:00:00,FEEDER CATTLE ,20580,14115,173,-564,6465,34695,43627
2016-12-27 00:00:00,FEEDER CATTLE ,20793,13862,213,-253,6931,34655,44751
2016-11-01 00:00:00,FEEDER CATTLE ,18119,17443,-1204,-1131,676,35562,42142
2016-11-08 00:00:00,FEEDER CATTLE ,17348,17473,-771,30,-125,34821,42066
2016-11-15 00:00:00,FEEDER CATTLE ,18576,16888,1228,-585,1688,35464,43337
2016-11-22 00:00:00,FEEDER CATTLE ,18749,15505,173,-1383,3244,34254,43410
2016-11-29 00:00:00,FEEDER CATTLE ,19060,15612,311,107,3448,34672,44967
2016-10-04 00:00:00,FEEDER CATTLE ,18331,18006,474,28,325,36337,43223
2016-10-11 00:00:00,FEEDER CATTLE ,18481,18523,150,517,-42,37004,42511
2016-10-18 00:00:00,FEEDER CATTLE ,18790,18261,309,-262,529,37051,43831
2016-10-25 00:00:00,FEEDER CATTLE ,19323,18574,533,313,749,37897,43585
2016-09-06 00:00:00,FEEDER CATTLE ,16384,14735,330,1532,1649,31119,42055
2016-09-13 00:00:00,FEEDER CATTLE ,16317,15289,-67,554,1028,31606,41330
2016-09-20 00:00:00,FEEDER CATTLE ,17239,16222,922,933,1017,33461,43446
2016-09-27 00:00:00,FEEDER CATTLE ,17857,17978,618,1756,-121,35835,44354
2016-08-02 00:00:00,FEEDER CATTLE ,16484,14894,604,-455,1590,31378,44997
2016-08-09 00:00:00,FEEDER CATTLE ,16956,13372,472,-1522,3584,30328,45485
2016-08-16 00:00:00,FEEDER CATTLE ,16158,12108,-798,-1264,4050,28266,44251
2016-08-23 00:00:00,FEEDER CATTLE ,17248,11772,1090,-336,5476,29020,42493
2016-08-30 00:00:00,FEEDER CATTLE ,16054,13203,-1194,1431,2851,29257,40598
2016-07-05 00:00:00,FEEDER CATTLE ,15718,15473,-29,-500,245,31191,42730
2016-07-12 00:00:00,FEEDER CATTLE ,16222,15737,504,264,485,31959,43139
2016-07-19 00:00:00,FEEDER CATTLE ,16162,15723,-60,-14,439,31885,43486
2016-07-26 00:00:00,FEEDER CATTLE ,15880,15349,-282,-374,531,31229,43490
2016-06-07 00:00:00,FEEDER CATTLE ,15029,15494,258,392,-465,30523,38926
2016-06-14 00:00:00,FEEDER CATTLE ,15616,16404,587,910,-788,32020,40247
2016-06-21 00:00:00,FEEDER CATTLE ,16154,17109,538,705,-955,33263,41425
2016-06-28 00:00:00,FEEDER CATTLE ,15747,15973,-407,-1136,-226,31720,41714
2016-05-03 00:00:00,FEEDER CATTLE ,15563,15301,-516,449,262,30864,43486
2016-05-10 00:00:00,FEEDER CATTLE ,15847,15226,284,-75,621,31073,42055
2016-05-17 00:00:00,FEEDER CATTLE ,15482,14661,-365,-565,821,30143,40396
2016-05-24 00:00:00,FEEDER CATTLE ,15136,15488,-346,827,-352,30624,40301
2016-05-31 00:00:00,FEEDER CATTLE ,14771,15102,-365,-386,-331,29873,37704
2016-04-05 00:00:00,FEEDER CATTLE ,13476,10911,-492,330,2565,24387,39179
2016-04-12 00:00:00,FEEDER CATTLE ,13369,12496,-107,1585,873,25865,40306
2016-04-19 00:00:00,FEEDER CATTLE ,14426,13625,1057,1129,801,28051,41974
2016-04-26 00:00:00,FEEDER CATTLE ,16079,14852,1653,1227,1227,30931,44186
2016-03-01 00:00:00,FEEDER CATTLE ,13835,10022,325,-800,3813,23857,40972
2016-03-08 00:00:00,FEEDER CATTLE ,14480,10542,645,520,3938,25022,40546
2016-03-15 00:00:00,FEEDER CATTLE ,16345,11231,1865,689,5114,27576,42580
2016-03-22 00:00:00,FEEDER CATTLE ,16243,11485,-102,254,4758,27728,41832
2016-03-29 00:00:00,FEEDER CATTLE ,13968,10581,-2275,-904,3387,24549,38738
2016-02-02 00:00:00,FEEDER CATTLE ,12784,9837,-505,-457,2947,22621,37387
2016-02-09 00:00:00,FEEDER CATTLE ,13258,11510,474,1673,1748,24768,38608
2016-02-16 00:00:00,FEEDER CATTLE ,13202,10535,-56,-975,2667,23737,39377
2016-02-23 00:00:00,FEEDER CATTLE ,13510,10822,308,287,2688,24332,40145
2016-01-05 00:00:00,FEEDER CATTLE ,12915,9807,426,-476,3108,22722,35530
2016-01-12 00:00:00,FEEDER CATTLE ,13561,9899,646,92,3662,23460,37005
2016-01-19 00:00:00,FEEDER CATTLE ,13342,9622,-219,-277,3720,22964,36880
2016-01-26 00:00:00,FEEDER CATTLE ,13289,10294,-53,672,2995,23583,36849
2015-12-01 00:00:00,FEEDER CATTLE ,11891,11597,628,376,294,23488,34973
2015-12-08 00:00:00,FEEDER CATTLE ,13101,11284,1210,-313,1817,24385,34635
2015-12-15 00:00:00,FEEDER CATTLE ,13764,11507,663,223,2257,25271,35640
2015-12-22 00:00:00,FEEDER CATTLE ,12845,10704,-919,-803,2141,23549,34681
2015-12-29 00:00:00,FEEDER CATTLE ,12489,10283,-356,-421,2206,22772,34560
2015-11-03 00:00:00,FEEDER CATTLE ,10851,9678,102,159,1173,20529,34198
2015-11-10 00:00:00,FEEDER CATTLE ,10256,10886,-595,1208,-630,21142,34728
2015-11-17 00:00:00,FEEDER CATTLE ,11614,11795,1358,909,-181,23409,35149
2015-11-24 00:00:00,FEEDER CATTLE ,11263,11221,-351,-574,42,22484,33664
2015-10-06 00:00:00,FEEDER CATTLE ,9626,10564,333,352,-938,20190,34932
2015-10-13 00:00:00,FEEDER CATTLE ,9546,10423,-80,-141,-877,19969,35041
2015-10-20 00:00:00,FEEDER CATTLE ,9651,10116,105,-307,-465,19767,33766
2015-10-27 00:00:00,FEEDER CATTLE ,10749,9519,1098,-597,1230,20268,34313
2015-09-01 00:00:00,FEEDER CATTLE ,10508,9536,-3263,-1154,972,20044,34320
2015-09-08 00:00:00,FEEDER CATTLE ,10932,9898,424,362,1034,20830,35844
2015-09-15 00:00:00,FEEDER CATTLE ,10175,9652,-757,-246,523,19827,36558
2015-09-22 00:00:00,FEEDER CATTLE ,10196,10439,21,787,-243,20635,38008
2015-09-29 00:00:00,FEEDER CATTLE ,9293,10212,-903,-227,-919,19505,35702
2015-08-04 00:00:00,FEEDER CATTLE ,15724,9061,117,486,6663,24785,42493
2015-08-11 00:00:00,FEEDER CATTLE ,15616,9458,-108,397,6158,25074,42074
2015-08-18 00:00:00,FEEDER CATTLE ,16361,10017,745,559,6344,26378,43275
2015-08-25 00:00:00,FEEDER CATTLE ,13771,10690,-2590,673,3081,24461,41363
2015-07-07 00:00:00,FEEDER CATTLE ,16559,8792,-519,-38,7767,25351,43125
2015-07-14 00:00:00,FEEDER CATTLE ,14876,8298,-1683,-494,6578,23174,42628
2015-07-21 00:00:00,FEEDER CATTLE ,15704,8394,828,96,7310,24098,42992
2015-07-28 00:00:00,FEEDER CATTLE ,15607,8575,-97,181,7032,24182,41862
2015-06-02 00:00:00,FEEDER CATTLE ,17948,9031,1804,872,8917,26979,41208
2015-06-09 00:00:00,FEEDER CATTLE ,18064,9946,116,915,8118,28010,42901
2015-06-16 00:00:00,FEEDER CATTLE ,18234,10690,170,744,7544,28924,44762
2015-06-23 00:00:00,FEEDER CATTLE ,19728,10999,1494,309,8729,30727,46704
2015-06-30 00:00:00,FEEDER CATTLE ,17078,8830,-2650,-2169,8248,25908,43410
2015-05-05 00:00:00,FEEDER CATTLE ,12871,8718,-51,452,4153,21589,38443
2015-05-12 00:00:00,FEEDER CATTLE ,14448,8486,1577,-232,5962,22934,37919
2015-05-19 00:00:00,FEEDER CATTLE ,15570,8426,1122,-60,7144,23996,38931
2015-05-26 00:00:00,FEEDER CATTLE ,16144,8159,574,-267,7985,24303,38630
2015-04-07 00:00:00,FEEDER CATTLE ,14010,10380,955,193,3630,24390,41392
2015-04-14 00:00:00,FEEDER CATTLE ,13106,8631,-904,-1749,4475,21737,39896
2015-04-21 00:00:00,FEEDER CATTLE ,13379,8104,273,-527,5275,21483,38531
2015-04-28 00:00:00,FEEDER CATTLE ,12922,8266,-457,162,4656,21188,37967
2015-03-03 00:00:00,FEEDER CATTLE ,10597,9056,816,344,1541,19653,39793
2015-03-10 00:00:00,FEEDER CATTLE ,12058,10515,1461,1459,1543,22573,40547
2015-03-17 00:00:00,FEEDER CATTLE ,12890,10361,832,-154,2529,23251,41662
2015-03-24 00:00:00,FEEDER CATTLE ,13076,11184,186,823,1892,24260,42131
2015-03-31 00:00:00,FEEDER CATTLE ,13055,10187,-21,-997,2868,23242,40786
2015-02-03 00:00:00,FEEDER CATTLE ,10072,8405,-2063,-88,1667,18477,36983
2015-02-10 00:00:00,FEEDER CATTLE ,9371,8853,-701,448,518,18224,36659
2015-02-17 00:00:00,FEEDER CATTLE ,9578,9354,207,501,224,18932,38487
2015-02-24 00:00:00,FEEDER CATTLE ,9781,8712,203,-642,1069,18493,39531
2015-01-06 00:00:00,FEEDER CATTLE ,10808,8170,-900,403,2638,18978,40489
2015-01-13 00:00:00,FEEDER CATTLE ,11535,7891,727,-279,3644,19426,41785
2015-01-20 00:00:00,FEEDER CATTLE ,11875,8190,340,299,3685,20065,41516
2015-01-27 00:00:00,FEEDER CATTLE ,12135,8493,260,303,3642,20628,41292
2014-12-09 00:00:00,FEEDER CATTLE ,15813,11300,538,513,4513,27113,45441
2014-12-16 00:00:00,FEEDER CATTLE ,14424,9794,-1389,-1506,4630,24218,44209
2014-12-23 00:00:00,FEEDER CATTLE ,12514,7883,-1910,-1911,4631,20397,39855
2014-12-30 00:00:00,FEEDER CATTLE ,11708,7767,-806,-116,3941,19475,39349
2014-11-04 00:00:00,FEEDER CATTLE ,14338,9951,-994,502,4387,24289,44931
2014-11-11 00:00:00,FEEDER CATTLE ,14882,10025,544,74,4857,24907,46472
2014-11-18 00:00:00,FEEDER CATTLE ,15057,10713,175,688,4344,25770,46861
2014-10-07 00:00:00,FEEDER CATTLE ,14378,10247,-960,-221,4131,24625,45166
2014-10-14 00:00:00,FEEDER CATTLE ,14669,9812,291,-435,4857,24481,44825
2014-10-21 00:00:00,FEEDER CATTLE ,14548,9020,-121,-792,5528,23568,44617
2014-10-28 00:00:00,FEEDER CATTLE ,15332,9449,784,429,5883,24781,46768
2014-09-02 00:00:00,FEEDER CATTLE ,15133,10285,-862,98,4848,25418,41396
2014-09-09 00:00:00,FEEDER CATTLE ,16313,11214,1180,929,5099,27527,43880
2014-09-16 00:00:00,FEEDER CATTLE ,16084,11288,-229,74,4796,27372,45034
2014-09-23 00:00:00,FEEDER CATTLE ,16739,11736,655,448,5003,28475,45990
2014-09-30 00:00:00,FEEDER CATTLE ,15338,10468,-1401,-1268,4870,25806,44174
2014-08-05 00:00:00,FEEDER CATTLE ,15931,9619,743,1304,6312,25550,47245
2014-08-12 00:00:00,FEEDER CATTLE ,15891,9019,-40,-600,6872,24910,45465
2014-08-19 00:00:00,FEEDER CATTLE ,15963,9777,72,758,6186,25740,45548
2014-08-26 00:00:00,FEEDER CATTLE ,15995,10187,32,410,5808,26182,43853
2014-07-01 00:00:00,FEEDER CATTLE ,16451,9275,-661,-162,7176,25726,50784
2014-07-08 00:00:00,FEEDER CATTLE ,15388,9302,-1063,27,6086,24690,51331
2014-07-15 00:00:00,FEEDER CATTLE ,16324,9754,936,452,6570,26078,49681
2014-07-22 00:00:00,FEEDER CATTLE ,15504,8660,-820,-1094,6844,24164,49281
2014-07-29 00:00:00,FEEDER CATTLE ,15188,8315,-316,-345,6873,23503,48419
2014-06-03 00:00:00,FEEDER CATTLE ,19801,6756,466,-67,13045,26557,46892
2014-06-10 00:00:00,FEEDER CATTLE ,19021,8445,-780,1689,10576,27466,48614
2014-06-17 00:00:00,FEEDER CATTLE ,18128,9102,-893,657,9026,27230,48936
2014-06-24 00:00:00,FEEDER CATTLE ,17112,9437,-1016,335,7675,26549,50262
2014-05-06 00:00:00,FEEDER CATTLE ,19508,7082,545,940,12426,26590,44598
2014-05-13 00:00:00,FEEDER CATTLE ,20529,7734,1021,652,12795,28263,45784
2014-05-20 00:00:00,FEEDER CATTLE ,20916,7455,387,-279,13461,28371,48052
2014-05-27 00:00:00,FEEDER CATTLE ,19335,6823,-1581,-632,12512,26158,45563
2014-04-01 00:00:00,FEEDER CATTLE ,19079,5639,-1271,-1680,13440,24718,47262
2014-04-08 00:00:00,FEEDER CATTLE ,18491,5092,-588,-547,13399,23583,46730
2014-04-15 00:00:00,FEEDER CATTLE ,19377,5376,886,284,14001,24753,45650
2014-04-22 00:00:00,FEEDER CATTLE ,18053,5315,-1324,-61,12738,23368,41098
2014-04-29 00:00:00,FEEDER CATTLE ,18963,6142,910,827,12821,25105,42186
2014-03-04 00:00:00,FEEDER CATTLE ,18386,7876,-1013,-759,10510,26262,48549
2014-03-11 00:00:00,FEEDER CATTLE ,18581,7817,195,-59,10764,26398,49246
2014-03-18 00:00:00,FEEDER CATTLE ,19096,7002,515,-815,12094,26098,49370
2014-03-25 00:00:00,FEEDER CATTLE ,20350,7319,1254,317,13031,27669,50597
2014-02-04 00:00:00,FEEDER CATTLE ,17609,8650,-807,-627,8959,26259,48599
2014-02-11 00:00:00,FEEDER CATTLE ,18492,9256,883,606,9236,27748,46892
2014-02-18 00:00:00,FEEDER CATTLE ,19487,9275,995,19,10212,28762,48377
2014-02-25 00:00:00,FEEDER CATTLE ,19399,8635,-88,-640,10764,28034,48818
2014-01-07 00:00:00,FEEDER CATTLE ,16990,8478,-61,886,8512,25468,48794
2014-01-14 00:00:00,FEEDER CATTLE ,16968,9026,-22,548,7942,25994,49864
2014-01-21 00:00:00,FEEDER CATTLE ,17935,9130,967,104,8805,27065,51643
2014-01-28 00:00:00,FEEDER CATTLE ,18416,9277,481,147,9139,27693,52739
2013-12-03 00:00:00,FEEDER CATTLE ,13371,6606,1328,301,6765,19977,38447
2013-12-10 00:00:00,FEEDER CATTLE ,14145,6745,774,139,7400,20890,40180
2013-12-17 00:00:00,FEEDER CATTLE ,16801,7996,2656,1251,8805,24797,45059
2013-12-24 00:00:00,FEEDER CATTLE ,16995,7952,194,-44,9043,24947,45673
2013-11-05 00:00:00,FEEDER CATTLE ,13262,5753,-2153,250,7509,19015,36534
2013-11-12 00:00:00,FEEDER CATTLE ,13052,6423,-210,670,6629,19475,37361
2013-11-19 00:00:00,FEEDER CATTLE ,13284,6941,232,518,6343,20225,38068
2013-11-26 00:00:00,FEEDER CATTLE ,12043,6305,-1241,-636,5738,18348,36167
2013-10-01 00:00:00,FEEDER CATTLE ,11915,4963,1037,-711,6952,16878,32784
2013-10-08 00:00:00,FEEDER CATTLE ,13611,5008,1696,45,8603,18619,34972
2013-10-15 00:00:00,FEEDER CATTLE ,15097,5053,1486,45,10044,20150,36708
2013-10-22 00:00:00,FEEDER CATTLE ,15839,4957,742,-96,10882,20796,38595
2013-10-29 00:00:00,FEEDER CATTLE ,15415,5503,-424,546,9912,20918,39006
2013-09-03 00:00:00,FEEDER CATTLE ,8507,6050,482,-491,2457,14557,32580
2013-09-10 00:00:00,FEEDER CATTLE ,8751,5924,244,-126,2827,14675,30166
2013-09-17 00:00:00,FEEDER CATTLE ,8955,5909,204,-15,3046,14864,29078
2013-09-24 00:00:00,FEEDER CATTLE ,10878,5674,1923,-235,5204,16552,31738
2013-08-06 00:00:00,FEEDER CATTLE ,9079,6856,387,-762,2223,15935,35317
2013-08-13 00:00:00,FEEDER CATTLE ,9511,7544,432,688,1967,17055,36359
2013-08-20 00:00:00,FEEDER CATTLE ,9259,6774,-252,-770,2485,16033,36865
2013-08-27 00:00:00,FEEDER CATTLE ,8025,6541,-1234,-233,1484,14566,35338
2013-07-02 00:00:00,FEEDER CATTLE ,8100,10840,493,-2990,-2740,18940,32714
2013-07-09 00:00:00,FEEDER CATTLE ,8081,10411,-19,-429,-2330,18492,32253
2013-07-16 00:00:00,FEEDER CATTLE ,8564,9346,483,-1065,-782,17910,32827
2013-07-23 00:00:00,FEEDER CATTLE ,8633,8413,69,-933,220,17046,33638
2013-07-30 00:00:00,FEEDER CATTLE ,8692,7618,59,-795,1074,16310,34242
2013-06-04 00:00:00,FEEDER CATTLE ,7413,13944,-350,-27,-6531,21357,31910
2013-06-11 00:00:00,FEEDER CATTLE ,7379,14135,-34,191,-6756,21514,32068
2013-06-18 00:00:00,FEEDER CATTLE ,7440,14607,61,472,-7167,22047,32976
2013-06-25 00:00:00,FEEDER CATTLE ,7607,13830,167,-777,-6223,21437,32407
2013-05-07 00:00:00,FEEDER CATTLE ,8746,14961,-1033,500,-6215,23707,34331
2013-05-14 00:00:00,FEEDER CATTLE ,7969,15665,-777,704,-7696,23634,34811
2013-05-21 00:00:00,FEEDER CATTLE ,7852,15467,-117,-198,-7615,23319,35054
2013-05-28 00:00:00,FEEDER CATTLE ,7763,13971,-89,-1496,-6208,21734,31707
2013-04-02 00:00:00,FEEDER CATTLE ,10321,13450,1691,-1404,-3129,23771,38782
2013-04-09 00:00:00,FEEDER CATTLE ,10216,12909,-105,-541,-2693,23125,37164
2013-04-16 00:00:00,FEEDER CATTLE ,10078,13624,-138,715,-3546,23702,37678
2013-04-23 00:00:00,FEEDER CATTLE ,10259,16648,181,3024,-6389,26907,39356
2013-04-30 00:00:00,FEEDER CATTLE ,9779,14461,-480,-2187,-4682,24240,35530
2013-03-05 00:00:00,FEEDER CATTLE ,9857,15751,69,998,-5894,25608,39641
2013-03-12 00:00:00,FEEDER CATTLE ,9570,16401,-287,650,-6831,25971,41185
2013-03-26 00:00:00,FEEDER CATTLE ,8630,14854,-854,-438,-6224,23484,43033
2013-02-05 00:00:00,FEEDER CATTLE ,10815,10056,2222,-26,759,20871,32960
2013-02-12 00:00:00,FEEDER CATTLE ,10960,11807,145,1751,-847,22767,36828
2013-02-19 00:00:00,FEEDER CATTLE ,10930,13925,-30,2118,-2995,24855,39278
2013-02-26 00:00:00,FEEDER CATTLE ,9788,14753,-1142,828,-4965,24541,39057
2013-01-08 00:00:00,FEEDER CATTLE ,10444,9515,580,674,929,19959,32526
2013-01-15 00:00:00,FEEDER CATTLE ,8425,8620,-2019,-895,-195,17045,31148
2013-01-22 00:00:00,FEEDER CATTLE ,7324,8757,-1101,137,-1433,16081,30568
2013-01-29 00:00:00,FEEDER CATTLE ,8593,10082,1269,1325,-1489,18675,32183
2012-12-04 00:00:00,FEEDER CATTLE ,8615,11140,-13,684,-2525,19755,28007
2012-12-11 00:00:00,FEEDER CATTLE ,8357,7592,-258,-3548,765,15949,26616
2012-12-18 00:00:00,FEEDER CATTLE ,9497,6713,1140,-879,2784,16210,29026
2012-12-24 00:00:00,FEEDER CATTLE ,9789,7803,292,1090,1986,17592,29949
2012-12-31 00:00:00,FEEDER CATTLE ,9864,8841,75,1038,1023,18705,30246
2012-11-06 00:00:00,FEEDER CATTLE ,8178,8777,82,694,-599,16955,25451
2012-11-13 00:00:00,FEEDER CATTLE ,8733,10316,555,1539,-1583,19049,26877
2012-11-20 00:00:00,FEEDER CATTLE ,8993,11228,260,912,-2235,20221,26399
2012-11-27 00:00:00,FEEDER CATTLE ,8628,10456,-365,-772,-1828,19084,25872
2012-10-02 00:00:00,FEEDER CATTLE ,7211,9024,-860,-1158,-1813,16235,30345
2012-10-09 00:00:00,FEEDER CATTLE ,7060,9595,-151,571,-2535,16655,29270
2012-10-16 00:00:00,FEEDER CATTLE ,7735,10049,675,454,-2314,17784,29140
2012-10-23 00:00:00,FEEDER CATTLE ,7525,7761,-210,-2288,-236,15286,26607
2012-10-30 00:00:00,FEEDER CATTLE ,8096,8083,571,322,13,16179,25223
2012-09-04 00:00:00,FEEDER CATTLE ,7435,10183,-1713,-2272,-2748,17618,34897
2012-09-11 00:00:00,FEEDER CATTLE ,6679,9384,-756,-799,-2705,16063,33331
2012-09-18 00:00:00,FEEDER CATTLE ,6493,9504,-186,120,-3011,15997,32911
2012-09-25 00:00:00,FEEDER CATTLE ,8071,10182,1578,678,-2111,18253,33243
2012-08-07 00:00:00,FEEDER CATTLE ,9258,10631,31,502,-1373,19889,36092
2012-08-14 00:00:00,FEEDER CATTLE ,9227,10698,-31,67,-1471,19925,35726
2012-08-21 00:00:00,FEEDER CATTLE ,9176,11741,-51,1043,-2565,20917,36574
2012-08-28 00:00:00,FEEDER CATTLE ,9148,12455,-28,714,-3307,21603,38411
2012-07-03 00:00:00,FEEDER CATTLE ,9681,8941,-662,811,740,18622,36145
2012-07-10 00:00:00,FEEDER CATTLE ,10226,9113,545,172,1113,19339,36446
2012-07-17 00:00:00,FEEDER CATTLE ,9350,9636,-876,523,-286,18986,37391
2012-07-24 00:00:00,FEEDER CATTLE ,8745,10285,-605,649,-1540,19030,35857
2012-07-31 00:00:00,FEEDER CATTLE ,9227,10129,482,-156,-902,19356,36765
2012-06-05 00:00:00,FEEDER CATTLE ,14153,8520,-505,-537,5633,22673,38923
2012-06-12 00:00:00,FEEDER CATTLE ,14911,7796,758,-724,7115,22707,40123
2012-06-19 00:00:00,FEEDER CATTLE ,12169,7445,-2742,-351,4724,19614,36913
2012-06-26 00:00:00,FEEDER CATTLE ,10343,8130,-1826,685,2213,18473,36040
2012-05-01 00:00:00,FEEDER CATTLE ,14498,9798,283,1249,4700,24296,40940
2012-05-08 00:00:00,FEEDER CATTLE ,16168,10339,1670,541,5829,26507,42006
2012-05-15 00:00:00,FEEDER CATTLE ,16177,10456,9,117,5721,26633,40454
2012-05-22 00:00:00,FEEDER CATTLE ,16839,10748,662,292,6091,27587,41583
2012-05-29 00:00:00,FEEDER CATTLE ,14658,9057,-2181,-1691,5601,23715,38874
2012-04-03 00:00:00,FEEDER CATTLE ,16309,5246,-3829,-1069,11063,21555,41355
2012-04-10 00:00:00,FEEDER CATTLE ,13922,5673,-2387,427,8249,19595,40562
2012-04-17 00:00:00,FEEDER CATTLE ,14693,7453,771,1780,7240,22146,40413
2012-04-24 00:00:00,FEEDER CATTLE ,14215,8549,-478,1096,5666,22764,41099
2012-03-06 00:00:00,FEEDER CATTLE ,25290,7893,7,-256,17397,33183,55124
2012-03-13 00:00:00,FEEDER CATTLE ,22826,7645,-2464,-248,15181,30471,53578
2012-03-20 00:00:00,FEEDER CATTLE ,20626,6659,-2200,-986,13967,27285,50777
2012-03-27 00:00:00,FEEDER CATTLE ,20138,6315,-488,-344,13823,26453,49535
2012-02-07 00:00:00,FEEDER CATTLE ,21809,6916,699,1,14893,28725,47757
2012-02-14 00:00:00,FEEDER CATTLE ,22593,7476,784,560,15117,30069,50591
2012-02-21 00:00:00,FEEDER CATTLE ,24430,8121,1837,645,16309,32551,54748
2012-02-28 00:00:00,FEEDER CATTLE ,25283,8149,853,28,17134,33432,56207
2012-01-03 00:00:00,FEEDER CATTLE ,15126,4943,1115,397,10183,20069,34896
2012-01-10 00:00:00,FEEDER CATTLE ,16362,6264,1236,1321,10098,22626,37681
2012-01-17 00:00:00,FEEDER CATTLE ,18408,6544,2046,280,11864,24952,39995
2012-01-24 00:00:00,FEEDER CATTLE ,20531,7100,2123,556,13431,27631,43304
2012-01-31 00:00:00,FEEDER CATTLE ,21110,6915,579,-185,14195,28025,44705
2011-12-06 00:00:00,FEEDER CATTLE ,12676,4213,-1082,-473,8463,16889,31152
2011-12-13 00:00:00,FEEDER CATTLE ,12605,4252,-71,39,8353,16857,30048
2011-12-20 00:00:00,FEEDER CATTLE ,12868,4524,263,272,8344,17392,30297
2011-12-27 00:00:00,FEEDER CATTLE ,14011,4546,1143,22,9465,18557,32581
2011-11-01 00:00:00,FEEDER CATTLE ,13827,3956,-1440,-773,9871,17783,32196
2011-11-08 00:00:00,FEEDER CATTLE ,13663,4125,-164,169,9538,17788,33736
2011-11-15 00:00:00,FEEDER CATTLE ,14103,4244,440,119,9859,18347,33959
2011-11-22 00:00:00,FEEDER CATTLE ,13800,4213,-303,-31,9587,18013,32505
2011-11-29 00:00:00,FEEDER CATTLE ,13758,4686,-42,473,9072,18444,31760
2011-10-04 00:00:00,FEEDER CATTLE ,13647,5445,247,-1674,8202,19092,34723
2011-10-11 00:00:00,FEEDER CATTLE ,13940,5825,293,380,8115,19765,33501
2011-10-18 00:00:00,FEEDER CATTLE ,14926,5175,986,-650,9751,20101,36060
2011-10-25 00:00:00,FEEDER CATTLE ,15267,4729,341,-446,10538,19996,36066
2011-09-06 00:00:00,FEEDER CATTLE ,10274,6984,-16,-17,3290,17258,31828
2011-09-13 00:00:00,FEEDER CATTLE ,11329,6843,1055,-141,4486,18172,32546
2011-09-20 00:00:00,FEEDER CATTLE ,12812,6587,1483,-256,6225,19399,36068
2011-09-27 00:00:00,FEEDER CATTLE ,13400,7119,588,532,6281,20519,36693
2011-08-02 00:00:00,FEEDER CATTLE ,13802,6197,-494,-39,7605,19999,38227
2011-08-09 00:00:00,FEEDER CATTLE ,11141,5944,-2661,-253,5197,17085,33487
2011-08-16 00:00:00,FEEDER CATTLE ,11592,6318,451,374,5274,17910,33829
2011-08-23 00:00:00,FEEDER CATTLE ,11778,7070,186,752,4708,18848,34159
2011-08-30 00:00:00,FEEDER CATTLE ,10290,7001,-1488,-69,3289,17291,31436
2011-07-05 00:00:00,FEEDER CATTLE ,14708,5764,1569,-59,8944,20472,38485
2011-07-12 00:00:00,FEEDER CATTLE ,16187,5987,1479,223,10200,22174,41567
2011-07-19 00:00:00,FEEDER CATTLE ,15161,5838,-1026,-149,9323,20999,40476
2011-07-26 00:00:00,FEEDER CATTLE ,14296,6236,-865,398,8060,20532,39567
2011-06-07 00:00:00,FEEDER CATTLE ,12841,6453,-144,405,6388,19294,35302
2011-06-14 00:00:00,FEEDER CATTLE ,12875,6313,34,-140,6562,19188,35335
2011-06-21 00:00:00,FEEDER CATTLE ,12418,6266,-457,-47,6152,18684,36015
2011-06-28 00:00:00,FEEDER CATTLE ,13139,5823,721,-443,7316,18962,37104
2011-05-03 00:00:00,FEEDER CATTLE ,19625,5849,-345,687,13776,25474,41853
2011-05-10 00:00:00,FEEDER CATTLE ,16846,4665,-2779,-1184,12181,21511,38933
2011-05-17 00:00:00,FEEDER CATTLE ,17002,4965,156,300,12037,21967,38128
2011-05-24 00:00:00,FEEDER CATTLE ,14759,5400,-2243,435,9359,20159,36029
2011-05-31 00:00:00,FEEDER CATTLE ,12985,6048,-1774,648,6937,19033,34259
2011-04-05 00:00:00,FEEDER CATTLE ,20770,4714,1195,19,16056,25484,43148
2011-04-12 00:00:00,FEEDER CATTLE ,20560,4893,-210,179,15667,25453,42891
2011-04-19 00:00:00,FEEDER CATTLE ,20059,5487,-501,594,14572,25546,41805
2011-04-26 00:00:00,FEEDER CATTLE ,19970,5162,-89,-325,14808,25132,40870
2011-03-01 00:00:00,FEEDER CATTLE ,20594,5519,289,231,15075,26113,50018
2011-03-08 00:00:00,FEEDER CATTLE ,20595,5919,1,400,14676,26514,48448
2011-03-15 00:00:00,FEEDER CATTLE ,19909,4447,-686,-1472,15462,24356,45701
2011-03-22 00:00:00,FEEDER CATTLE ,17708,4203,-2201,-244,13505,21911,41194
2011-03-29 00:00:00,FEEDER CATTLE ,19575,4695,1867,492,14880,24270,42997
2011-02-01 00:00:00,FEEDER CATTLE ,21043,6288,-1672,-648,14755,27331,52705
2011-02-08 00:00:00,FEEDER CATTLE ,19846,5713,-1197,-575,14133,25559,50448
2011-02-15 00:00:00,FEEDER CATTLE ,20104,5355,258,-358,14749,25459,49716
2011-02-22 00:00:00,FEEDER CATTLE ,20305,5288,201,-67,15017,25593,51176
2011-01-04 00:00:00,FEEDER CATTLE ,20460,6550,1020,-428,13910,27010,49136
2011-01-11 00:00:00,FEEDER CATTLE ,21611,6592,1151,42,15019,28203,50673
2011-01-18 00:00:00,FEEDER CATTLE ,22434,7224,823,632,15210,29658,53444
2011-01-25 00:00:00,FEEDER CATTLE ,22715,6936,281,-288,15779,29651,53897
2010-12-07 00:00:00,FEEDER CATTLE ,16676,6637,1120,-262,10039,23313,38400
2010-12-14 00:00:00,FEEDER CATTLE ,17438,6899,762,262,10539,24337,40066
2010-12-21 00:00:00,FEEDER CATTLE ,18764,7151,1326,252,11613,25915,43851
2010-12-28 00:00:00,FEEDER CATTLE ,19440,6978,676,-173,12462,26418,47185
2010-11-02 00:00:00,FEEDER CATTLE ,8365,7129,-1458,-2519,1236,15494,25826
2010-11-09 00:00:00,FEEDER CATTLE ,8803,7131,438,2,1672,15934,26901
2010-11-16 00:00:00,FEEDER CATTLE ,10402,6927,1599,-204,3475,17329,29189
2010-11-23 00:00:00,FEEDER CATTLE ,12281,6853,1879,-74,5428,19134,32377
2010-11-30 00:00:00,FEEDER CATTLE ,15556,6899,3275,46,8657,22455,37221
2010-10-05 00:00:00,FEEDER CATTLE ,11961,7220,510,262,4741,19181,30272
2010-10-12 00:00:00,FEEDER CATTLE ,10499,9043,-1462,1823,1456,19542,29050
2010-10-19 00:00:00,FEEDER CATTLE ,9974,9660,-525,617,314,19634,30039
2010-10-26 00:00:00,FEEDER CATTLE ,9823,9648,-151,-12,175,19471,29401
2010-09-07 00:00:00,FEEDER CATTLE ,14922,7140,-1152,-251,7782,22062,35157
2010-09-14 00:00:00,FEEDER CATTLE ,14263,7565,-659,425,6698,21828,34646
2010-09-21 00:00:00,FEEDER CATTLE ,13222,7249,-1041,-316,5973,20471,34612
2010-09-28 00:00:00,FEEDER CATTLE ,11451,6958,-1771,-291,4493,18409,30943
2010-08-03 00:00:00,FEEDER CATTLE ,14632,7034,-1075,-246,7598,21666,37585
2010-08-10 00:00:00,FEEDER CATTLE ,12137,7025,-2495,-9,5112,19162,33697
2010-08-17 00:00:00,FEEDER CATTLE ,11839,6739,-298,-286,5100,18578,32276
2010-08-24 00:00:00,FEEDER CATTLE ,15280,7529,3441,790,7751,22809,37306
2010-08-31 00:00:00,FEEDER CATTLE ,16074,7391,794,-138,8683,23465,37347
2010-07-06 00:00:00,FEEDER CATTLE ,14955,7323,188,148,7632,22278,37298
2010-07-13 00:00:00,FEEDER CATTLE ,16089,7102,1134,-221,8987,23191,38846
2010-07-20 00:00:00,FEEDER CATTLE ,16046,7172,-43,70,8874,23218,37244
2010-07-27 00:00:00,FEEDER CATTLE ,15707,7280,-339,108,8427,22987,37257
2010-06-01 00:00:00,FEEDER CATTLE ,14815,6379,-672,1217,8436,21194,32500
2010-06-08 00:00:00,FEEDER CATTLE ,14255,6800,-560,421,7455,21055,32539
2010-06-15 00:00:00,FEEDER CATTLE ,14155,6590,-100,-210,7565,20745,33485
2010-06-22 00:00:00,FEEDER CATTLE ,13879,6942,-276,352,6937,20821,35085
2010-06-29 00:00:00,FEEDER CATTLE ,14767,7175,888,233,7592,21942,36920
2010-05-04 00:00:00,FEEDER CATTLE ,23544,6527,-391,277,17017,30071,44244
2010-05-11 00:00:00,FEEDER CATTLE ,21329,6007,-2215,-520,15322,27336,41830
2010-05-18 00:00:00,FEEDER CATTLE ,19703,6293,-1626,286,13410,25996,38797
2010-05-25 00:00:00,FEEDER CATTLE ,15487,5162,-4216,-1131,10325,20649,34838
2010-04-06 00:00:00,FEEDER CATTLE ,22873,7664,1319,845,15209,30537,42740
2010-04-13 00:00:00,FEEDER CATTLE ,23230,6984,357,-680,16246,30214,43097
2010-04-20 00:00:00,FEEDER CATTLE ,23699,7154,469,170,16545,30853,43466
2010-04-27 00:00:00,FEEDER CATTLE ,23935,6250,236,-904,17685,30185,44845
2010-03-02 00:00:00,FEEDER CATTLE ,15683,5316,849,-74,10367,20999,37563
2010-03-09 00:00:00,FEEDER CATTLE ,17226,5215,1543,-101,12011,22441,38582
2010-03-16 00:00:00,FEEDER CATTLE ,18739,4869,1513,-346,13870,23608,39043
2010-03-23 00:00:00,FEEDER CATTLE ,20945,6263,2206,1394,14682,27208,41713
2010-03-30 00:00:00,FEEDER CATTLE ,21554,6819,609,556,14735,28373,40985
2010-02-02 00:00:00,FEEDER CATTLE ,12616,5278,-590,-1351,7338,17894,32378
2010-02-09 00:00:00,FEEDER CATTLE ,12951,5351,335,73,7600,18302,30254
2010-02-16 00:00:00,FEEDER CATTLE ,13639,5307,688,-44,8332,18946,33245
2010-02-23 00:00:00,FEEDER CATTLE ,14834,5390,1195,83,9444,20224,36164
2010-01-05 00:00:00,FEEDER CATTLE ,10422,9412,721,-1490,1010,19834,29612
2010-01-12 00:00:00,FEEDER CATTLE ,11002,7706,580,-1706,3296,18708,30465
2010-01-19 00:00:00,FEEDER CATTLE ,11857,7561,855,-145,4296,19418,31648
2010-01-26 00:00:00,FEEDER CATTLE ,13206,6629,1349,-932,6577,19835,34630
2009-12-01 00:00:00,FEEDER CATTLE ,12389,12929,310,744,-540,25318,27976
2009-12-08 00:00:00,FEEDER CATTLE ,11685,12713,-704,-216,-1028,24398,29437
2009-12-15 00:00:00,FEEDER CATTLE ,10756,12738,-929,25,-1982,23494,30639
2009-12-22 00:00:00,FEEDER CATTLE ,9704,11749,-1052,-989,-2045,21453,30267
2009-12-29 00:00:00,FEEDER CATTLE ,9701,10902,-3,-847,-1201,20603,30124
2009-11-03 00:00:00,FEEDER CATTLE ,11294,10322,234,-214,972,21616,25741
2009-11-09 00:00:00,FEEDER CATTLE ,11250,9791,-44,-531,1459,21041,25444
2009-11-17 00:00:00,FEEDER CATTLE ,12041,11815,791,2024,226,23856,26328
2009-11-24 00:00:00,FEEDER CATTLE ,12079,12185,38,370,-106,24264,26211
2009-10-06 00:00:00,FEEDER CATTLE ,9236,10137,-102,966,-901,19373,27347
2009-10-13 00:00:00,FEEDER CATTLE ,9542,10629,306,492,-1087,20171,27546
2009-10-20 00:00:00,FEEDER CATTLE ,9913,10629,371,0,-716,20542,26425
2009-10-27 00:00:00,FEEDER CATTLE ,11060,10536,1147,-93,524,21596,26538
2009-09-01 00:00:00,FEEDER CATTLE ,8645,7244,292,1531,1401,15889,25497
2009-09-08 00:00:00,FEEDER CATTLE ,8625,8331,-20,1087,294,16956,26656
2009-09-15 00:00:00,FEEDER CATTLE ,9295,7501,670,-830,1794,16796,26304
2009-09-22 00:00:00,FEEDER CATTLE ,9875,9279,580,1778,596,19154,27320
2009-09-29 00:00:00,FEEDER CATTLE ,9338,9171,-537,-108,167,18509,26672
2009-08-04 00:00:00,FEEDER CATTLE ,10489,3173,-315,333,7316,13662,26172
2009-08-11 00:00:00,FEEDER CATTLE ,8701,3181,-1788,8,5520,11882,22833
2009-08-18 00:00:00,FEEDER CATTLE ,7796,4397,-905,1216,3399,12193,23479
2009-08-25 00:00:00,FEEDER CATTLE ,8353,5713,557,1316,2640,14066,23880
2009-07-07 00:00:00,FEEDER CATTLE ,9960,2450,907,-976,7510,12410,24802
2009-07-14 00:00:00,FEEDER CATTLE ,10667,2742,707,292,7925,13409,25742
2009-07-21 00:00:00,FEEDER CATTLE ,11092,2665,425,-77,8427,13757,27321
2009-07-28 00:00:00,FEEDER CATTLE ,10804,2840,-288,175,7964,13644,27165
2009-06-02 00:00:00,FEEDER CATTLE ,7524,1838,327,-196,5686,9362,22440
2009-06-09 00:00:00,FEEDER CATTLE ,7012,4410,-512,2572,2602,11422,21519
2009-06-16 00:00:00,FEEDER CATTLE ,7498,5647,486,1237,1851,13145,22257
2009-06-23 00:00:00,FEEDER CATTLE ,8234,5318,736,-329,2916,13552,23656
2009-06-30 00:00:00,FEEDER CATTLE ,9053,3426,819,-1892,5627,12479,24143
2009-05-05 00:00:00,FEEDER CATTLE ,5215,3567,-482,-106,1648,8782,20311
2009-05-12 00:00:00,FEEDER CATTLE ,5651,3077,436,-490,2574,8728,21633
2009-05-19 00:00:00,FEEDER CATTLE ,6362,2558,711,-519,3804,8920,21903
2009-05-26 00:00:00,FEEDER CATTLE ,7197,2034,835,-524,5163,9231,21935
2009-04-07 00:00:00,FEEDER CATTLE ,3848,3622,310,37,226,7470,18575
2009-04-14 00:00:00,FEEDER CATTLE ,5045,2852,1197,-770,2193,7897,19151
2009-04-21 00:00:00,FEEDER CATTLE ,5490,2944,445,92,2546,8434,19974
2009-04-28 00:00:00,FEEDER CATTLE ,5697,3673,207,729,2024,9370,20226
2009-03-03 00:00:00,FEEDER CATTLE ,6160,4821,127,836,1339,10981,22192
2009-03-10 00:00:00,FEEDER CATTLE ,6260,5035,100,214,1225,11295,23783
2009-03-17 00:00:00,FEEDER CATTLE ,5462,4561,-798,-474,901,10023,23045
2009-03-24 00:00:00,FEEDER CATTLE ,5488,4555,26,-6,933,10043,21637
2009-03-31 00:00:00,FEEDER CATTLE ,3538,3585,-1950,-970,-47,7123,18676
2009-02-03 00:00:00,FEEDER CATTLE ,5453,6582,-406,-173,-1129,12035,20976
2009-02-10 00:00:00,FEEDER CATTLE ,5644,4612,191,-1970,1032,10256,22160
2009-02-17 00:00:00,FEEDER CATTLE ,6086,3606,442,-1006,2480,9692,21854
2009-02-24 00:00:00,FEEDER CATTLE ,6033,3985,-53,379,2048,10018,21786
2009-01-06 00:00:00,FEEDER CATTLE ,6721,6638,-617,-445,83,13359,20328
2009-01-13 00:00:00,FEEDER CATTLE ,5914,7101,-807,463,-1187,13015,20710
2009-01-20 00:00:00,FEEDER CATTLE ,5820,7138,-94,37,-1318,12958,21226
2009-01-27 00:00:00,FEEDER CATTLE ,5859,6755,39,-383,-896,12614,21379
2008-12-02 00:00:00,FEEDER CATTLE ,7088,8018,6,170,-930,15106,20290
2008-12-09 00:00:00,FEEDER CATTLE ,6917,7903,-171,-115,-986,14820,21160
2008-12-16 00:00:00,FEEDER CATTLE ,6790,8038,-127,135,-1248,14828,20863
2008-12-22 00:00:00,FEEDER CATTLE ,6935,7314,145,-724,-379,14249,20169
2008-12-30 00:00:00,FEEDER CATTLE ,7338,7083,403,-231,255,14421,20379
2008-11-04 00:00:00,FEEDER CATTLE ,8104,7801,-63,-1369,303,15905,19266
2008-11-11 00:00:00,FEEDER CATTLE ,7961,7320,-143,-481,641,15281,19020
2008-11-18 00:00:00,FEEDER CATTLE ,7629,7473,-332,153,156,15102,19976
2008-11-25 00:00:00,FEEDER CATTLE ,7082,7848,-547,375,-766,14930,19552
2008-10-07 00:00:00,FEEDER CATTLE ,7980,10231,-453,-680,-2251,18211,25088
2008-10-14 00:00:00,FEEDER CATTLE ,7640,9674,-340,-557,-2034,17314,23706
2008-10-21 00:00:00,FEEDER CATTLE ,8072,9726,432,52,-1654,17798,22519
2008-10-28 00:00:00,FEEDER CATTLE ,8167,9170,95,-556,-1003,17337,21109
2008-09-02 00:00:00,FEEDER CATTLE ,10312,8372,-1346,767,1940,18684,30026
2008-09-09 00:00:00,FEEDER CATTLE ,9430,8959,-882,587,471,18389,27901
2008-09-16 00:00:00,FEEDER CATTLE ,9162,9915,-268,956,-753,19077,26824
2008-09-23 00:00:00,FEEDER CATTLE ,8386,10688,-776,773,-2302,19074,26784
2008-09-30 00:00:00,FEEDER CATTLE ,8433,10911,47,223,-2478,19344,26313
2008-08-05 00:00:00,FEEDER CATTLE ,12705,6465,793,-428,6240,19170,35329
2008-08-12 00:00:00,FEEDER CATTLE ,12370,5944,-335,-521,6426,18314,34630
2008-08-19 00:00:00,FEEDER CATTLE ,12389,6586,19,642,5803,18975,33591
2008-08-26 00:00:00,FEEDER CATTLE ,11658,7605,-731,1019,4053,19263,32905
2008-07-01 00:00:00,FEEDER CATTLE ,8798,6526,226,607,2272,15324,32631
2008-07-08 00:00:00,FEEDER CATTLE ,9499,7548,701,1022,1951,17047,32405
2008-07-15 00:00:00,FEEDER CATTLE ,9756,7824,257,276,1932,17580,33531
2008-07-22 00:00:00,FEEDER CATTLE ,11056,7159,1300,-665,3897,18215,34364
2008-07-29 00:00:00,FEEDER CATTLE ,11912,6893,856,-266,5019,18805,32461
2008-06-03 00:00:00,FEEDER CATTLE ,9433,4963,-1030,-305,4470,14396,32023
2008-06-10 00:00:00,FEEDER CATTLE ,9660,5287,227,324,4373,14947,32266
2008-06-17 00:00:00,FEEDER CATTLE ,8845,6051,-815,764,2794,14896,33023
2008-06-24 00:00:00,FEEDER CATTLE ,8572,5919,-273,-132,2653,14491,32477
2008-05-06 00:00:00,FEEDER CATTLE ,12303,8426,-2433,252,3877,20729,31432
2008-05-13 00:00:00,FEEDER CATTLE ,11118,8612,-1185,186,2506,19730,32437
2008-05-20 00:00:00,FEEDER CATTLE ,11588,7119,470,-1493,4469,18707,32702
2008-05-27 00:00:00,FEEDER CATTLE ,10463,5268,-1125,-1851,5195,15731,31077
2008-04-01 00:00:00,FEEDER CATTLE ,20704,10965,112,271,9739,31669,37833
2008-04-08 00:00:00,FEEDER CATTLE ,19657,11514,-1047,549,8143,31171,38310
2008-04-15 00:00:00,FEEDER CATTLE ,19150,10953,-507,-561,8197,30103,37655
2008-04-22 00:00:00,FEEDER CATTLE ,17965,10466,-1185,-487,7499,28431,36651
2008-04-29 00:00:00,FEEDER CATTLE ,14736,8174,-3229,-2292,6562,22910,33243
2008-03-04 00:00:00,FEEDER CATTLE ,19726,9461,-188,1110,10265,29187,39146
2008-03-11 00:00:00,FEEDER CATTLE ,19838,10755,112,1294,9083,30593,38415
2008-03-18 00:00:00,FEEDER CATTLE ,20583,11296,745,541,9287,31879,38740
2008-03-25 00:00:00,FEEDER CATTLE ,20592,10694,9,-602,9898,31286,37561
2008-02-05 00:00:00,FEEDER CATTLE ,20729,7772,228,-149,12957,28501,40356
2008-02-12 00:00:00,FEEDER CATTLE ,20540,7993,-189,221,12547,28533,40300
2008-02-19 00:00:00,FEEDER CATTLE ,21115,8293,575,300,12822,29408,40634
2008-02-26 00:00:00,FEEDER CATTLE ,19914,8351,-1201,58,11563,28265,39767
2008-01-08 00:00:00,FEEDER CATTLE ,19708,7106,1996,907,12602,26814,34757
2008-01-15 00:00:00,FEEDER CATTLE ,19167,7185,-541,79,11982,26352,37587
2008-01-22 00:00:00,FEEDER CATTLE ,19688,7196,521,11,12492,26884,38422
2008-01-29 00:00:00,FEEDER CATTLE ,20501,7921,813,725,12580,28422,40457
2007-12-04 00:00:00,FEEDER CATTLE ,13945,3795,462,4,10150,17740,27605
2007-12-11 00:00:00,FEEDER CATTLE ,14711,4716,766,921,9995,19427,28488
2007-12-18 00:00:00,FEEDER CATTLE ,15469,5142,758,426,10327,20611,30562
2007-12-24 00:00:00,FEEDER CATTLE ,16881,5817,1412,675,11064,22698,31662
2007-12-31 00:00:00,FEEDER CATTLE ,17712,6199,831,382,11513,23911,32814
2007-11-06 00:00:00,FEEDER CATTLE ,12096,4696,614,439,7400,16792,26452
2007-11-13 00:00:00,FEEDER CATTLE ,11878,4674,-218,-22,7204,16552,26495
2007-11-20 00:00:00,FEEDER CATTLE ,13089,3998,1211,-676,9091,17087,26123
2007-11-27 00:00:00,FEEDER CATTLE ,13483,3791,394,-207,9692,17274,27017
2007-10-02 00:00:00,FEEDER CATTLE ,12719,3015,852,-541,9704,15734,26749
2007-10-09 00:00:00,FEEDER CATTLE ,12722,3452,3,437,9270,16174,26013
2007-10-16 00:00:00,FEEDER CATTLE ,11893,3325,-829,-127,8568,15218,25741
2007-10-23 00:00:00,FEEDER CATTLE ,12420,4279,527,954,8141,16699,26275
2007-10-30 00:00:00,FEEDER CATTLE ,11482,4257,-938,-22,7225,15739,25563
2007-09-04 00:00:00,FEEDER CATTLE ,12350,2795,471,-481,9555,15145,29769
2007-09-11 00:00:00,FEEDER CATTLE ,13083,2608,733,-187,10475,15691,30438
2007-09-18 00:00:00,FEEDER CATTLE ,12558,3247,-525,639,9311,15805,28314
2007-09-25 00:00:00,FEEDER CATTLE ,11867,3556,-691,309,8311,15423,28695
2007-08-07 00:00:00,FEEDER CATTLE ,12677,4948,338,-246,7729,17625,30165
2007-08-14 00:00:00,FEEDER CATTLE ,11234,4601,-1443,-347,6633,15835,28245
2007-08-21 00:00:00,FEEDER CATTLE ,11219,3769,-15,-832,7450,14988,27522
2007-08-28 00:00:00,FEEDER CATTLE ,11879,3276,660,-493,8603,15155,29356
2007-07-03 00:00:00,FEEDER CATTLE ,7972,5473,-16,-227,2499,13445,23510
2007-07-10 00:00:00,FEEDER CATTLE ,9185,5008,1213,-465,4177,14193,25557
2007-07-17 00:00:00,FEEDER CATTLE ,11078,4993,1893,-15,6085,16071,29180
2007-07-24 00:00:00,FEEDER CATTLE ,11254,4851,176,-142,6403,16105,31124
2007-07-31 00:00:00,FEEDER CATTLE ,12339,5194,1085,343,7145,17533,32197
2007-06-05 00:00:00,FEEDER CATTLE ,7993,3786,-199,671,4207,11779,21007
2007-06-12 00:00:00,FEEDER CATTLE ,7853,4825,-140,1039,3028,12678,21730
2007-06-19 00:00:00,FEEDER CATTLE ,7897,5532,44,707,2365,13429,22011
2007-06-26 00:00:00,FEEDER CATTLE ,7988,5700,91,168,2288,13688,22777
2007-05-01 00:00:00,FEEDER CATTLE ,8918,3504,-47,-402,5414,12422,24283
2007-05-08 00:00:00,FEEDER CATTLE ,8051,3376,-867,-128,4675,11427,22075
2007-05-15 00:00:00,FEEDER CATTLE ,8291,2596,240,-780,5695,10887,22694
2007-05-22 00:00:00,FEEDER CATTLE ,9063,2947,772,351,6116,12010,23430
2007-05-29 00:00:00,FEEDER CATTLE ,8192,3115,-871,168,5077,11307,21006
2007-04-03 00:00:00,FEEDER CATTLE ,9386,5123,231,-989,4263,14509,31623
2007-04-10 00:00:00,FEEDER CATTLE ,9907,4375,521,-748,5532,14282,29968
2007-04-17 00:00:00,FEEDER CATTLE ,8667,3568,-1240,-807,5099,12235,26875
2007-04-24 00:00:00,FEEDER CATTLE ,8965,3906,298,338,5059,12871,26853
2007-03-06 00:00:00,FEEDER CATTLE ,10100,6251,-48,-1047,3849,16351,35846
2007-03-13 00:00:00,FEEDER CATTLE ,9681,6194,-419,-57,3487,15875,34341
2007-03-20 00:00:00,FEEDER CATTLE ,9814,5539,133,-655,4275,15353,33877
2007-03-27 00:00:00,FEEDER CATTLE ,9155,6112,-659,573,3043,15267,33711
2007-02-06 00:00:00,FEEDER CATTLE ,10242,9381,776,513,861,19623,33872
2007-02-13 00:00:00,FEEDER CATTLE ,11561,8706,1319,-675,2855,20267,35734
2007-02-20 00:00:00,FEEDER CATTLE ,10810,7712,-751,-994,3098,18522,35924
2007-02-27 00:00:00,FEEDER CATTLE ,10148,7298,-662,-414,2850,17446,36499
2007-01-03 00:00:00,FEEDER CATTLE ,6979,7885,92,132,-906,14864,28128
2007-01-09 00:00:00,FEEDER CATTLE ,7344,8166,365,281,-822,15510,28093
2007-01-16 00:00:00,FEEDER CATTLE ,7722,8324,378,158,-602,16046,29384
2007-01-23 00:00:00,FEEDER CATTLE ,8652,8853,930,529,-201,17505,30903
2007-01-30 00:00:00,FEEDER CATTLE ,9466,8868,814,15,598,18334,31174
2006-12-05 00:00:00,FEEDER CATTLE ,6688,8052,224,368,-1364,14740,27444
2006-12-12 00:00:00,FEEDER CATTLE ,6581,7667,-107,-385,-1086,14248,29020
2006-12-19 00:00:00,FEEDER CATTLE ,6803,7838,222,171,-1035,14641,28287
2006-12-26 00:00:00,FEEDER CATTLE ,6887,7753,84,-85,-866,14640,27245
2006-11-07 00:00:00,FEEDER CATTLE ,6115,8961,413,1263,-2846,15076,24889
2006-11-14 00:00:00,FEEDER CATTLE ,6475,9240,360,279,-2765,15715,25475
2006-11-21 00:00:00,FEEDER CATTLE ,6333,7894,-142,-1346,-1561,14227,25204
2006-11-28 00:00:00,FEEDER CATTLE ,6464,7684,131,-210,-1220,14148,26298
2006-10-03 00:00:00,FEEDER CATTLE ,6809,6168,-1814,508,641,12977,24841
2006-10-10 00:00:00,FEEDER CATTLE ,7313,6812,504,644,501,14125,23665
2006-10-17 00:00:00,FEEDER CATTLE ,6359,6180,-954,-632,179,12539,23282
2006-10-24 00:00:00,FEEDER CATTLE ,7037,7536,678,1356,-499,14573,24056
2006-10-31 00:00:00,FEEDER CATTLE ,5702,7698,-1335,162,-1996,13400,21523
2006-09-05 00:00:00,FEEDER CATTLE ,10268,3620,-2103,108,6648,13888,29760
2006-09-12 00:00:00,FEEDER CATTLE ,10565,3981,297,361,6584,14546,29436
2006-09-19 00:00:00,FEEDER CATTLE ,9528,5074,-1037,1093,4454,14602,29044
2006-09-26 00:00:00,FEEDER CATTLE ,8623,5660,-905,586,2963,14283,26065
2006-08-01 00:00:00,FEEDER CATTLE ,12755,4477,-157,248,8278,17232,31673
2006-08-08 00:00:00,FEEDER CATTLE ,12403,4807,-352,330,7596,17210,32151
2006-08-15 00:00:00,FEEDER CATTLE ,13354,4515,951,-292,8839,17869,32759
2006-08-22 00:00:00,FEEDER CATTLE ,13077,3918,-277,-597,9159,16995,32397
2006-08-29 00:00:00,FEEDER CATTLE ,12371,3512,-706,-406,8859,15883,32307
2006-07-03 00:00:00,FEEDER CATTLE ,13198,5184,1287,80,8014,18382,29566
2006-07-11 00:00:00,FEEDER CATTLE ,12408,4705,-790,-479,7703,17113,29898
2006-07-18 00:00:00,FEEDER CATTLE ,12198,4779,-210,74,7419,16977,30695
2006-07-25 00:00:00,FEEDER CATTLE ,12912,4229,714,-550,8683,17141,30944
2006-06-06 00:00:00,FEEDER CATTLE ,10426,5800,713,-683,4626,16226,25760
2006-06-13 00:00:00,FEEDER CATTLE ,10683,5461,257,-339,5222,16144,26379
2006-06-20 00:00:00,FEEDER CATTLE ,10705,4825,22,-636,5880,15530,25563
2006-06-27 00:00:00,FEEDER CATTLE ,11911,5104,1206,279,6807,17015,27473
2006-05-02 00:00:00,FEEDER CATTLE ,11339,7383,-1258,-998,3956,18722,27825
2006-05-09 00:00:00,FEEDER CATTLE ,9819,7301,-1520,-82,2518,17120,27571
2006-05-16 00:00:00,FEEDER CATTLE ,10721,7242,902,-59,3479,17963,28749
2006-05-23 00:00:00,FEEDER CATTLE ,10450,7646,-271,404,2804,18096,27086
2006-05-30 00:00:00,FEEDER CATTLE ,9713,6483,-737,-1163,3230,16196,24707
2006-04-04 00:00:00,FEEDER CATTLE ,12775,7507,-2068,395,5268,20282,33499
2006-04-11 00:00:00,FEEDER CATTLE ,12579,8202,-196,695,4377,20781,32117
2006-04-18 00:00:00,FEEDER CATTLE ,12410,8972,-169,770,3438,21382,32929
2006-04-25 00:00:00,FEEDER CATTLE ,12597,8381,187,-591,4216,20978,31661
2006-03-07 00:00:00,FEEDER CATTLE ,14414,6025,1294,358,8389,20439,37178
2006-03-14 00:00:00,FEEDER CATTLE ,13365,7316,-1049,1291,6049,20681,36320
2006-03-21 00:00:00,FEEDER CATTLE ,14324,6446,959,-870,7878,20770,36170
2006-03-28 00:00:00,FEEDER CATTLE ,14843,7112,519,666,7731,21955,37238
2006-02-07 00:00:00,FEEDER CATTLE ,11973,3827,-1003,88,8146,15800,33559
2006-02-14 00:00:00,FEEDER CATTLE ,11917,4522,-56,695,7395,16439,34845
2006-02-21 00:00:00,FEEDER CATTLE ,12351,5049,434,527,7302,17400,35571
2006-02-28 00:00:00,FEEDER CATTLE ,13120,5667,769,618,7453,18787,35758
2006-01-03 00:00:00,FEEDER CATTLE ,14571,3163,271,162,11408,17734,34174
2006-01-10 00:00:00,FEEDER CATTLE ,14903,3329,332,166,11574,18232,34580
2006-01-17 00:00:00,FEEDER CATTLE ,14553,3608,-350,279,10945,18161,33169
2006-01-24 00:00:00,FEEDER CATTLE ,14913,3654,360,46,11259,18567,32987
2006-01-31 00:00:00,FEEDER CATTLE ,12976,3739,-1937,85,9237,16715,31548
2005-12-06 00:00:00,FEEDER CATTLE ,14520,3557,1699,126,10963,18077,30100
2005-12-13 00:00:00,FEEDER CATTLE ,14283,2901,-237,-656,11382,17184,31053
2005-12-20 00:00:00,FEEDER CATTLE ,14657,2822,374,-79,11835,17479,31994
2005-12-27 00:00:00,FEEDER CATTLE ,14300,3001,-357,179,11299,17301,32042
2005-11-01 00:00:00,FEEDER CATTLE ,11163,3373,-563,-191,7790,14536,27532
2005-11-08 00:00:00,FEEDER CATTLE ,11958,3863,795,490,8095,15821,28240
2005-11-15 00:00:00,FEEDER CATTLE ,12508,3284,550,-579,9224,15792,27220
2005-11-22 00:00:00,FEEDER CATTLE ,10828,2860,-1680,-424,7968,13688,24242
2005-11-29 00:00:00,FEEDER CATTLE ,12821,3431,1993,571,9390,16252,27930
2005-10-04 00:00:00,FEEDER CATTLE ,11765,2479,-452,-506,9286,14244,30276
2005-10-11 00:00:00,FEEDER CATTLE ,12166,2384,401,-95,9782,14550,28802
2005-10-18 00:00:00,FEEDER CATTLE ,12134,3003,-32,619,9131,15137,27479
2005-10-25 00:00:00,FEEDER CATTLE ,11726,3564,-408,561,8162,15290,27279
2005-09-06 00:00:00,FEEDER CATTLE ,12415,4389,486,-518,8026,16804,26916
2005-09-13 00:00:00,FEEDER CATTLE ,13306,3494,891,-895,9812,16800,28119
2005-09-20 00:00:00,FEEDER CATTLE ,12181,2945,-1125,-549,9236,15126,29063
2005-09-27 00:00:00,FEEDER CATTLE ,12217,2985,36,40,9232,15202,30350
2005-08-02 00:00:00,FEEDER CATTLE ,7477,3978,204,-175,3499,11455,25137
2005-08-09 00:00:00,FEEDER CATTLE ,9219,3918,1742,-60,5301,13137,27793
2005-08-16 00:00:00,FEEDER CATTLE ,10634,5100,1415,1182,5534,15734,29459
2005-08-23 00:00:00,FEEDER CATTLE ,11781,4993,1147,-107,6788,16774,29559
2005-07-05 00:00:00,FEEDER CATTLE ,9018,3742,1025,108,5276,12760,22645
2005-07-12 00:00:00,FEEDER CATTLE ,9950,3738,932,-4,6212,13688,23846
2005-07-19 00:00:00,FEEDER CATTLE ,7680,3956,-2270,218,3724,11636,23722
2005-07-26 00:00:00,FEEDER CATTLE ,7273,4153,-407,197,3120,11426,23723
2005-06-07 00:00:00,FEEDER CATTLE ,9916,4512,-418,372,5404,14428,23298
2005-06-14 00:00:00,FEEDER CATTLE ,8346,3726,-1570,-786,4620,12072,21853
2005-06-21 00:00:00,FEEDER CATTLE ,6922,4383,-1424,657,2539,11305,21181
2005-06-28 00:00:00,FEEDER CATTLE ,7993,3634,1071,-749,4359,11627,21238
2005-05-03 00:00:00,FEEDER CATTLE ,9876,3735,-492,-70,6141,13611,24602
2005-05-10 00:00:00,FEEDER CATTLE ,10012,3461,136,-274,6551,13473,24847
2005-05-17 00:00:00,FEEDER CATTLE ,11466,4148,1454,687,7318,15614,24739
2005-05-24 00:00:00,FEEDER CATTLE ,10855,4184,-611,36,6671,15039,24508
2005-05-31 00:00:00,FEEDER CATTLE ,10334,4140,-521,-44,6194,14474,21827
2005-04-05 00:00:00,FEEDER CATTLE ,10454,2700,721,346,7754,13154,28145
2005-04-12 00:00:00,FEEDER CATTLE ,10383,2769,-71,69,7614,13152,27925
2005-04-19 00:00:00,FEEDER CATTLE ,10580,3007,197,238,7573,13587,26898
2005-04-26 00:00:00,FEEDER CATTLE ,10368,3805,-212,798,6563,14173,27405
2005-03-01 00:00:00,FEEDER CATTLE ,7061,3763,300,21,3298,10824,23828
2005-03-08 00:00:00,FEEDER CATTLE ,8545,3160,1484,-603,5385,11705,25016
2005-03-15 00:00:00,FEEDER CATTLE ,10350,2749,1805,-411,7601,13099,26118
2005-03-22 00:00:00,FEEDER CATTLE ,10667,2785,317,36,7882,13452,26889
2005-03-29 00:00:00,FEEDER CATTLE ,9733,2354,-934,-431,7379,12087,26454
2005-02-01 00:00:00,FEEDER CATTLE ,6358,2950,-105,-273,3408,9308,19302
2005-02-08 00:00:00,FEEDER CATTLE ,5904,3278,-454,328,2626,9182,21926
2005-02-15 00:00:00,FEEDER CATTLE ,6673,3551,769,273,3122,10224,24115
2005-02-22 00:00:00,FEEDER CATTLE ,6761,3742,88,191,3019,10503,24132
2005-01-04 00:00:00,FEEDER CATTLE ,4590,3075,922,374,1515,7665,16972
2005-01-11 00:00:00,FEEDER CATTLE ,5424,2859,834,-216,2565,8283,18118
2005-01-18 00:00:00,FEEDER CATTLE ,5979,2792,555,-67,3187,8771,18877
2005-01-25 00:00:00,FEEDER CATTLE ,6463,3223,484,431,3240,9686,19949
2021-07-13,FEEDER CATTLE ,15331,9526,-569,551,5805,24857,45831
2021-07-06,FEEDER CATTLE ,15900,8975,243,8,6925,24875,46422
2021-06-01,FEEDER CATTLE ,16322,11589,-619,-994,4733,27911,41418
2021-06-08,FEEDER CATTLE ,15751,12362,-571,773,3389,28113,42225
2021-06-15,FEEDER CATTLE ,15540,10973,-211,-1389,4567,26513,42793
2021-06-22,FEEDER CATTLE ,15707,8996,167,-1977,6711,24703,43833
2021-06-29,FEEDER CATTLE ,15657,8967,-50,-29,6690,24624,43427
2021-05-04,FEEDER CATTLE ,17126,15578,-311,1094,1548,32704,46628
2021-05-11,FEEDER CATTLE ,17071,15277,-55,-301,1794,32348,44999
2021-05-18,FEEDER CATTLE ,17121,14336,50,-941,2785,31457,43766
2021-05-25,FEEDER CATTLE ,16941,12583,-180,-1753,4358,29524,42875
2021-04-06,FEEDER CATTLE ,19934,12381,-307,-1010,7553,32315,46349
2021-04-13,FEEDER CATTLE ,19040,12187,-894,-194,6853,31227,45535
2021-04-20,FEEDER CATTLE ,18658,14446,-382,2259,4212,33104,45690
2021-04-27,FEEDER CATTLE ,17437,14484,-1221,38,2953,31921,46812
2021-03-02,FEEDER CATTLE ,18296,16556,368,496,1740,34852,42375
2021-03-09,FEEDER CATTLE ,18614,16451,318,-105,2163,35065,44782
2021-03-16,FEEDER CATTLE ,19887,15501,1273,-950,4386,35388,47805
2021-03-23,FEEDER CATTLE ,18995,15342,-892,-159,3653,34337,48069
2021-03-30,FEEDER CATTLE ,20241,13391,1246,-1951,6850,33632,47407
2021-02-02,FEEDER CATTLE ,15631,14299,-342,1376,1332,29930,39968
2021-02-09,FEEDER CATTLE ,16348,14426,717,127,1922,30774,40797
2021-02-16,FEEDER CATTLE ,17073,14893,725,467,2180,31966,42467
2021-02-23,FEEDER CATTLE ,17928,16060,855,1167,1868,33988,42000
2021-01-05,FEEDER CATTLE ,13781,12883,-1033,1215,898,26664,42455
2021-01-12,FEEDER CATTLE ,14142,14049,361,1166,93,28191,41919
2021-01-19,FEEDER CATTLE ,14224,13850,82,-199,374,28074,40590
2021-01-26,FEEDER CATTLE ,15973,12923,1749,-927,3050,28896,40324
2020-12-01,FEEDER CATTLE ,13870,12602,168,-1428,1268,26472,38655
2020-12-08,FEEDER CATTLE ,14002,11796,132,-806,2206,25798,39829
2020-12-15,FEEDER CATTLE ,14633,11784,631,-12,2849,26417,42270
2020-12-21,FEEDER CATTLE ,15379,12116,746,332,3263,27495,45219
2020-12-29,FEEDER CATTLE ,14814,11668,-565,-448,3146,26482,44479
2020-11-03,FEEDER CATTLE ,13333,19025,199,-1174,-5692,32358,41054
2020-11-10,FEEDER CATTLE ,13937,15453,604,-3572,-1516,29390,35880
2020-11-17,FEEDER CATTLE ,13974,14669,37,-784,-695,28643,36456
2020-11-24,FEEDER CATTLE ,13702,14030,-272,-639,-328,27732,37157
2020-10-06,FEEDER CATTLE ,15028,15756,-425,2689,-728,30784,43761
2020-10-13,FEEDER CATTLE ,14671,16682,-357,926,-2011,31353,42118
2020-10-20,FEEDER CATTLE ,12921,20570,-1750,3888,-7649,33491,44113
2020-10-27,FEEDER CATTLE ,13134,20199,213,-371,-7065,33333,45210
2020-09-01,FEEDER CATTLE ,18072,11396,68,475,6676,29468,43417
2020-09-08,FEEDER CATTLE ,16799,12115,-1273,719,4684,28914,42042
2020-09-15,FEEDER CATTLE ,15740,12597,-1059,482,3143,28337,42410
2020-09-22,FEEDER CATTLE ,16029,13889,289,1292,2140,29918,44141
2020-09-29,FEEDER CATTLE ,15453,13067,-576,-822,2386,28520,42864
2020-08-04,FEEDER CATTLE ,16280,9039,1646,-37,7241,25319,41970
2020-08-11,FEEDER CATTLE ,16481,9402,201,363,7079,25883,43659
2020-08-18,FEEDER CATTLE ,17626,9627,1145,225,7999,27253,46293
2020-08-25,FEEDER CATTLE ,18004,10921,378,1294,7083,28925,45425
2020-07-07,FEEDER CATTLE ,12118,9939,123,570,2179,22057,37359
2020-07-14,FEEDER CATTLE ,12285,9777,167,-162,2508,22062,40985
2020-07-21,FEEDER CATTLE ,13493,8556,1208,-1221,4937,22049,40875
2020-07-28,FEEDER CATTLE ,14634,9076,1141,520,5558,23710,42900
2020-06-02,FEEDER CATTLE ,9911,8405,1938,771,1506,18316,30397
2020-06-09,FEEDER CATTLE ,9800,8968,-111,563,832,18768,32051
2020-06-16,FEEDER CATTLE ,10061,9861,261,893,200,19922,32997
2020-06-23,FEEDER CATTLE ,11038,9812,977,-49,1226,20850,35248
2020-06-30,FEEDER CATTLE ,11995,9369,957,-443,2626,21364,36744
2020-05-05,FEEDER CATTLE ,8791,8561,-1269,-825,230,17352,31756
2020-05-12,FEEDER CATTLE ,8437,7225,-354,-1336,1212,15662,30072
2020-05-19,FEEDER CATTLE ,8236,7347,-201,122,889,15583,29169
2020-05-26,FEEDER CATTLE ,7973,7634,-263,287,339,15607,28961
2020-04-07,FEEDER CATTLE ,10266,9368,-430,885,898,19634,34230
2020-04-14,FEEDER CATTLE ,10172,8847,-94,-521,1325,19019,31528
2020-04-21,FEEDER CATTLE ,10150,9237,-22,390,913,19387,32113
2020-04-28,FEEDER CATTLE ,10060,9386,-90,149,674,19446,33003
2020-03-03,FEEDER CATTLE ,14741,15459,-2156,-716,-718,30200,50286
2020-03-10,FEEDER CATTLE ,14094,14888,-647,-571,-794,28982,47462
2020-03-17,FEEDER CATTLE ,10923,11850,-3171,-3038,-927,22773,40124
2020-03-24,FEEDER CATTLE ,10146,9646,-777,-2204,500,19792,36924
2020-03-31,FEEDER CATTLE ,10696,8483,550,-1163,2213,19179,32767
2020-02-04,FEEDER CATTLE ,15738,16960,-1758,2265,-1222,32698,56960
2020-02-11,FEEDER CATTLE ,16414,17946,676,986,-1532,34360,57672
2020-02-18,FEEDER CATTLE ,16675,17387,261,-559,-712,34062,57266
2020-02-25,FEEDER CATTLE ,16897,16175,222,-1212,722,33072,53915
2020-01-07,FEEDER CATTLE ,18587,12505,1682,14,6082,31092,51424
2020-01-14,FEEDER CATTLE ,20005,12824,1418,319,7181,32829,54709
2020-01-21,FEEDER CATTLE ,20056,12744,51,-80,7312,32800,53479
2020-01-28,FEEDER CATTLE ,17496,14695,-2560,1951,2801,32191,53468
2019-12-03,FEEDER CATTLE ,16914,12933,146,703,3981,29847,47327
2019-12-10,FEEDER CATTLE ,16466,12480,-448,-453,3986,28946,48327
2019-12-17,FEEDER CATTLE ,17602,11898,1136,-582,5704,29500,50343
2019-12-31,FEEDER CATTLE ,16905,12491,99,12,4414,29396,49679
2019-11-05,FEEDER CATTLE ,15657,13032,1315,1192,2625,28689,41300
2019-11-12,FEEDER CATTLE ,16352,12577,695,-455,3775,28929,43637
2019-11-19,FEEDER CATTLE ,16893,11769,541,-808,5124,28662,44864
2019-11-26,FEEDER CATTLE ,16768,12230,-125,461,4538,28998,45333
2019-10-01,FEEDER CATTLE ,15250,14327,-789,-1400,923,29577,41773
2019-10-08,FEEDER CATTLE ,14038,13830,-1212,-497,208,27868,42751
2019-10-15,FEEDER CATTLE ,14650,12654,612,-1176,1996,27304,41649
2019-10-22,FEEDER CATTLE ,14003,12353,-647,-301,1650,26356,39620
2019-10-29,FEEDER CATTLE ,14342,11840,339,-513,2502,26182,39976
2019-09-03,FEEDER CATTLE ,15554,17843,1089,761,-2289,33397,48067
2019-09-10,FEEDER CATTLE ,15417,18446,-137,603,-3029,33863,48344
2019-09-17,FEEDER CATTLE ,16213,17636,796,-810,-1423,33849,47269
2019-09-24,FEEDER CATTLE ,16039,15727,-174,-1909,312,31766,46228
2019-08-06,FEEDER CATTLE ,14752,17333,-201,1804,-2581,32085,47956
2019-08-13,FEEDER CATTLE ,14325,17577,-427,244,-3252,31902,48067
2019-08-20,FEEDER CATTLE ,14318,16634,-7,-943,-2316,30952,47233
2019-08-27,FEEDER CATTLE ,14465,17082,147,448,-2617,31547,47369
2019-07-02,FEEDER CATTLE ,15046,17637,106,78,-2591,32683,49579
2019-07-09,FEEDER CATTLE ,14556,17012,-490,-625,-2456,31568,49641
2019-07-16,FEEDER CATTLE ,14635,16729,79,-283,-2094,31364,48256
2019-07-23,FEEDER CATTLE ,14705,16645,70,-84,-1940,31350,47437
2019-07-30,FEEDER CATTLE ,14953,15529,248,-1116,-576,30482,47058
2019-06-04,FEEDER CATTLE ,15016,16512,-1241,-1991,-1496,31528,49518
2019-06-11,FEEDER CATTLE ,15358,16502,342,-10,-1144,31860,48144
2019-06-25,FEEDER CATTLE ,14940,17559,-6,905,-2619,32499,49507
2019-05-07,FEEDER CATTLE ,16941,14461,-716,1689,2480,31402,48562
2019-05-14,FEEDER CATTLE ,17161,16526,220,2065,635,33687,50131
2019-05-21,FEEDER CATTLE ,17315,18889,154,2363,-1574,36204,50836
2019-05-28,FEEDER CATTLE ,16257,18503,-1058,-386,-2246,34760,49698
2019-04-02,FEEDER CATTLE ,17852,11760,-3322,-2041,6092,29612,50526
2019-04-09,FEEDER CATTLE ,17471,10919,-381,-841,6552,28390,49960
2019-04-16,FEEDER CATTLE ,18817,11614,1346,695,7203,30431,54179
2019-04-23,FEEDER CATTLE ,18999,11103,182,-511,7896,30102,53423
2019-04-30,FEEDER CATTLE ,17657,12772,-1342,1669,4885,30429,49960
2019-03-05,FEEDER CATTLE ,18236,17366,1656,653,870,35602,55331
2019-03-12,FEEDER CATTLE ,18688,17270,452,-96,1418,35958,53982
2019-03-19,FEEDER CATTLE ,19277,14943,589,-2327,4334,34220,51535
2019-03-26,FEEDER CATTLE ,21174,13801,1897,-1142,7373,34975,53743
2019-02-05,FEEDER CATTLE ,15365,16360,-828,-128,-995,31725,48951
2019-02-12,FEEDER CATTLE ,15955,16381,590,21,-426,32336,48800
2019-02-19,FEEDER CATTLE ,16701,17161,746,780,-460,33862,50342
2019-02-26,FEEDER CATTLE ,16580,16713,-121,-448,-133,33293,51066
2019-01-08,FEEDER CATTLE ,16085,15814,-1337,367,271,31899,50100
2019-01-15,FEEDER CATTLE ,15379,15172,-706,-642,207,30551,50719
2019-01-22,FEEDER CATTLE ,15941,16940,562,1768,-999,32881,51643
2019-01-29,FEEDER CATTLE ,16193,16488,252,-452,-295,32681,51393
2018-12-04,FEEDER CATTLE ,16575,19857,-1376,-193,-3282,36432,49892
2018-12-11,FEEDER CATTLE ,16529,18942,-46,-915,-2413,35471,49231
2018-12-18,FEEDER CATTLE ,16908,16696,379,-2246,212,33604,49527
2018-12-24,FEEDER CATTLE ,16053,15486,-855,-1210,567,31539,48605
2018-12-31,FEEDER CATTLE ,17422,15447,1369,-39,1975,32869,48054
2018-11-06,FEEDER CATTLE ,19196,20995,-1141,313,-1799,40191,49475
2018-11-13,FEEDER CATTLE ,18101,20965,-1095,-30,-2864,39066,49128
2018-11-27,FEEDER CATTLE ,17951,20050,581,9,-2099,38001,48905
2018-10-02,FEEDER CATTLE ,21683,18634,1787,1657,3049,40317,57350
2018-10-09,FEEDER CATTLE ,22954,19318,1271,684,3636,42272,57347
2018-10-16,FEEDER CATTLE ,21143,19777,-1811,459,1366,40920,56004
2018-10-23,FEEDER CATTLE ,20744,20823,-399,1046,-79,41567,52588
2018-10-30,FEEDER CATTLE ,20337,20682,-407,-141,-345,41019,48932
2018-07-24,FEEDER CATTLE ,16656,15442,3073,1086,1214,32098,53253
2018-07-31,FEEDER CATTLE ,16250,15066,-406,-376,1184,31316,54746
2018-06-05,FEEDER CATTLE ,13537,13571,440,-755,-34,27108,43060
2018-05-01,FEEDER CATTLE ,13368,15148,-2543,-1123,-1780,28516,43808
2018-05-08,FEEDER CATTLE ,13265,14349,-103,-799,-1084,27614,44420
2018-05-15,FEEDER CATTLE ,14243,15382,978,1033,-1139,29625,46068
2018-05-29,FEEDER CATTLE ,13097,14326,-956,-1824,-1229,27423,45079
2018-04-03,FEEDER CATTLE ,18764,16857,-929,123,1907,35621,54113
2018-04-10,FEEDER CATTLE ,17945,16364,-819,-493,1581,34309,50549
2018-04-17,FEEDER CATTLE ,16072,15659,-1873,-705,413,31731,49750
2018-04-24,FEEDER CATTLE ,17008,16271,936,612,737,33279,48473
2018-03-06,FEEDER CATTLE ,20904,13182,-1914,-166,7722,34086,56157
2018-03-13,FEEDER CATTLE ,18608,12880,-2296,-302,5728,31488,51925
2018-03-20,FEEDER CATTLE ,18890,14815,282,1935,4075,33705,52567
2018-03-27,FEEDER CATTLE ,19693,16734,803,1919,2959,36427,54643
2018-02-06,FEEDER CATTLE ,26575,13936,2359,548,12639,40511,56314
2018-02-13,FEEDER CATTLE ,24407,12929,-2168,-1007,11478,37336,55397
2018-02-20,FEEDER CATTLE ,25263,13799,856,870,11464,39062,57667
2018-02-27,FEEDER CATTLE ,22818,13348,-2445,-451,9470,36166,57960
2018-01-02,FEEDER CATTLE ,21971,13112,-15,-399,8859,35083,51748
2018-01-09,FEEDER CATTLE ,22939,13739,968,627,9200,36678,51570
2018-01-16,FEEDER CATTLE ,23094,13913,155,174,9181,37007,52400
2018-01-23,FEEDER CATTLE ,23448,13833,354,-80,9615,37281,53691
2018-01-30,FEEDER CATTLE ,24216,13388,768,-445,10828,37604,54301
2017-12-05,FEEDER CATTLE ,28028,14045,-275,775,13983,42073,57376
2017-12-12,FEEDER CATTLE ,24868,13301,-3160,-744,11567,38169,53822
2017-12-19,FEEDER CATTLE ,23523,13589,-1345,288,9934,37112,54157
2017-12-26,FEEDER CATTLE ,21986,13511,-1537,-78,8475,35497,52650
2017-11-07,FEEDER CATTLE ,33930,17491,1649,858,16439,51421,65612
2017-11-14,FEEDER CATTLE ,32735,15698,-1195,-1793,17037,48433,62000
2017-11-21,FEEDER CATTLE ,28302,13713,-4433,-1985,14589,42015,56497
2017-11-28,FEEDER CATTLE ,28303,13270,1,-443,15033,41573,56361
2017-10-03,FEEDER CATTLE ,28243,13131,-216,-394,15112,41374,59557
2017-10-10,FEEDER CATTLE ,29891,13813,1648,682,16078,43704,59332
2017-10-17,FEEDER CATTLE ,30845,14125,954,312,16720,44970,60746
2017-10-24,FEEDER CATTLE ,30955,13937,110,-188,17018,44892,62895
2017-10-31,FEEDER CATTLE ,32281,16633,1326,2696,15648,48914,63489
2017-09-05,FEEDER CATTLE ,22325,9357,-1189,-1306,12968,31682,50346
2017-09-12,FEEDER CATTLE ,23019,9369,694,12,13650,32388,51499
2017-09-19,FEEDER CATTLE ,26010,11538,2991,2169,14472,37548,54152
2017-09-26,FEEDER CATTLE ,28459,13525,2449,1987,14934,41984,59765
2017-08-01,FEEDER CATTLE ,25506,11449,-1256,-397,14057,36955,59019
2017-08-08,FEEDER CATTLE ,25383,11428,-123,-21,13955,36811,61011
2017-08-15,FEEDER CATTLE ,23393,10469,-1990,-959,12924,33862,56650
2017-08-22,FEEDER CATTLE ,22989,10990,-404,521,11999,33979,54629
2017-08-29,FEEDER CATTLE ,23514,10663,525,-327,12851,34177,53200
2017-07-03,FEEDER CATTLE ,26521,11301,-87,282,15220,37822,57273
2017-07-11,FEEDER CATTLE ,25895,11299,-626,-2,14596,37194,58761
2017-07-18,FEEDER CATTLE ,26897,10658,1002,-641,16239,37555,60374
2017-07-25,FEEDER CATTLE ,26762,11846,-135,1188,14916,38608,60547
2017-06-06,FEEDER CATTLE ,27086,12518,1288,745,14568,39604,57455
2017-06-13,FEEDER CATTLE ,26911,12561,-175,43,14350,39472,57203
2017-06-20,FEEDER CATTLE ,25739,10871,-1172,-1690,14868,36610,54708
2017-06-27,FEEDER CATTLE ,26608,11019,869,148,15589,37627,56313
2017-05-02,FEEDER CATTLE ,28208,12799,-297,758,15409,41007,59185
2017-05-09,FEEDER CATTLE ,28168,14020,-40,1221,14148,42188,59364
2017-05-16,FEEDER CATTLE ,26673,12372,-1495,-1648,14301,39045,56980
2017-05-23,FEEDER CATTLE ,26925,12837,252,465,14088,39762,58558
2017-05-30,FEEDER CATTLE ,25798,11773,-1127,-1064,14025,37571,54964
2017-04-04,FEEDER CATTLE ,27557,10673,1148,-364,16884,38230,57891
2017-04-11,FEEDER CATTLE ,27969,11105,412,432,16864,39074,59296
2017-04-18,FEEDER CATTLE ,28160,11026,191,-79,17134,39186,60183
2017-04-25,FEEDER CATTLE ,28505,12041,345,1015,16464,40546,58423
2017-03-07,FEEDER CATTLE ,18617,12776,-391,523,5841,31393,50008
2017-03-14,FEEDER CATTLE ,19999,11447,1382,-1329,8552,31446,49791
2017-03-21,FEEDER CATTLE ,23213,10888,3214,-559,12325,34101,55188
2017-03-28,FEEDER CATTLE ,26409,11037,3196,149,15372,37446,57771
2017-02-07,FEEDER CATTLE ,20962,12052,-1402,116,8910,33014,48696
2017-02-14,FEEDER CATTLE ,20049,12851,-913,799,7198,32900,51212
2017-02-21,FEEDER CATTLE ,19844,12468,-205,-383,7376,32312,50956
2017-02-28,FEEDER CATTLE ,19008,12253,-836,-215,6755,31261,50958
2017-01-03,FEEDER CATTLE ,8565,6420,0,0,2145,14985,45994
2017-01-10,FEEDER CATTLE ,21738,13765,227,-210,7973,35503,48416
2017-01-17,FEEDER CATTLE ,22727,12981,989,-784,9746,35708,50497
2017-01-24,FEEDER CATTLE ,23959,12978,1232,-3,10981,36937,52053
2017-01-31,FEEDER CATTLE ,22364,11936,-1595,-1042,10428,34300,49614
2016-12-06,FEEDER CATTLE ,19143,15244,83,-368,3899,34387,46152
2016-12-13,FEEDER CATTLE ,20407,14679,1264,-565,5728,35086,44415
2016-12-20,FEEDER CATTLE ,20580,14115,173,-564,6465,34695,43627
2016-12-27,FEEDER CATTLE ,20793,13862,213,-253,6931,34655,44751
2016-11-01,FEEDER CATTLE ,18119,17443,-1204,-1131,676,35562,42142
2016-11-08,FEEDER CATTLE ,17348,17473,-771,30,-125,34821,42066
2016-11-15,FEEDER CATTLE ,18576,16888,1228,-585,1688,35464,43337
2016-11-22,FEEDER CATTLE ,18749,15505,173,-1383,3244,34254,43410
2016-11-29,FEEDER CATTLE ,19060,15612,311,107,3448,34672,44967
2016-10-04,FEEDER CATTLE ,18331,18006,474,28,325,36337,43223
2016-10-11,FEEDER CATTLE ,18481,18523,150,517,-42,37004,42511
2016-10-18,FEEDER CATTLE ,18790,18261,309,-262,529,37051,43831
2016-10-25,FEEDER CATTLE ,19323,18574,533,313,749,37897,43585
2016-09-06,FEEDER CATTLE ,16384,14735,330,1532,1649,31119,42055
2016-09-13,FEEDER CATTLE ,16317,15289,-67,554,1028,31606,41330
2016-09-20,FEEDER CATTLE ,17239,16222,922,933,1017,33461,43446
2016-09-27,FEEDER CATTLE ,17857,17978,618,1756,-121,35835,44354
2016-08-02,FEEDER CATTLE ,16484,14894,604,-455,1590,31378,44997
2016-08-09,FEEDER CATTLE ,16956,13372,472,-1522,3584,30328,45485
2016-08-16,FEEDER CATTLE ,16158,12108,-798,-1264,4050,28266,44251
2016-08-23,FEEDER CATTLE ,17248,11772,1090,-336,5476,29020,42493
2016-08-30,FEEDER CATTLE ,16054,13203,-1194,1431,2851,29257,40598
2016-07-05,FEEDER CATTLE ,15718,15473,-29,-500,245,31191,42730
2016-07-12,FEEDER CATTLE ,16222,15737,504,264,485,31959,43139
2016-07-19,FEEDER CATTLE ,16162,15723,-60,-14,439,31885,43486
2016-07-26,FEEDER CATTLE ,15880,15349,-282,-374,531,31229,43490
2016-06-07,FEEDER CATTLE ,15029,15494,258,392,-465,30523,38926
2016-06-14,FEEDER CATTLE ,15616,16404,587,910,-788,32020,40247
2016-06-21,FEEDER CATTLE ,16154,17109,538,705,-955,33263,41425
2016-06-28,FEEDER CATTLE ,15747,15973,-407,-1136,-226,31720,41714
2016-05-03,FEEDER CATTLE ,15563,15301,-516,449,262,30864,43486
2016-05-10,FEEDER CATTLE ,15847,15226,284,-75,621,31073,42055
2016-05-17,FEEDER CATTLE ,15482,14661,-365,-565,821,30143,40396
2016-05-24,FEEDER CATTLE ,15136,15488,-346,827,-352,30624,40301
2016-05-31,FEEDER CATTLE ,14771,15102,-365,-386,-331,29873,37704
2016-04-05,FEEDER CATTLE ,13476,10911,-492,330,2565,24387,39179
2016-04-12,FEEDER CATTLE ,13369,12496,-107,1585,873,25865,40306
2016-04-19,FEEDER CATTLE ,14426,13625,1057,1129,801,28051,41974
2016-04-26,FEEDER CATTLE ,16079,14852,1653,1227,1227,30931,44186
2016-03-01,FEEDER CATTLE ,13835,10022,325,-800,3813,23857,40972
2016-03-08,FEEDER CATTLE ,14480,10542,645,520,3938,25022,40546
2016-03-15,FEEDER CATTLE ,16345,11231,1865,689,5114,27576,42580
2016-03-22,FEEDER CATTLE ,16243,11485,-102,254,4758,27728,41832
2016-03-29,FEEDER CATTLE ,13968,10581,-2275,-904,3387,24549,38738
2016-02-02,FEEDER CATTLE ,12784,9837,-505,-457,2947,22621,37387
2016-02-09,FEEDER CATTLE ,13258,11510,474,1673,1748,24768,38608
2016-02-16,FEEDER CATTLE ,13202,10535,-56,-975,2667,23737,39377
2016-02-23,FEEDER CATTLE ,13510,10822,308,287,2688,24332,40145
2016-01-05,FEEDER CATTLE ,12915,9807,426,-476,3108,22722,35530
2016-01-12,FEEDER CATTLE ,13561,9899,646,92,3662,23460,37005
2016-01-19,FEEDER CATTLE ,13342,9622,-219,-277,3720,22964,36880
2016-01-26,FEEDER CATTLE ,13289,10294,-53,672,2995,23583,36849
2015-12-01,FEEDER CATTLE ,11891,11597,628,376,294,23488,34973
2015-12-08,FEEDER CATTLE ,13101,11284,1210,-313,1817,24385,34635
2015-12-15,FEEDER CATTLE ,13764,11507,663,223,2257,25271,35640
2015-12-22,FEEDER CATTLE ,12845,10704,-919,-803,2141,23549,34681
2015-12-29,FEEDER CATTLE ,12489,10283,-356,-421,2206,22772,34560
2015-11-03,FEEDER CATTLE ,10851,9678,102,159,1173,20529,34198
2015-11-10,FEEDER CATTLE ,10256,10886,-595,1208,-630,21142,34728
2015-11-17,FEEDER CATTLE ,11614,11795,1358,909,-181,23409,35149
2015-11-24,FEEDER CATTLE ,11263,11221,-351,-574,42,22484,33664
2015-10-06,FEEDER CATTLE ,9626,10564,333,352,-938,20190,34932
2015-10-13,FEEDER CATTLE ,9546,10423,-80,-141,-877,19969,35041
2015-10-20,FEEDER CATTLE ,9651,10116,105,-307,-465,19767,33766
2015-10-27,FEEDER CATTLE ,10749,9519,1098,-597,1230,20268,34313
2015-09-01,FEEDER CATTLE ,10508,9536,-3263,-1154,972,20044,34320
2015-09-08,FEEDER CATTLE ,10932,9898,424,362,1034,20830,35844
2015-09-15,FEEDER CATTLE ,10175,9652,-757,-246,523,19827,36558
2015-09-22,FEEDER CATTLE ,10196,10439,21,787,-243,20635,38008
2015-09-29,FEEDER CATTLE ,9293,10212,-903,-227,-919,19505,35702
2015-08-04,FEEDER CATTLE ,15724,9061,117,486,6663,24785,42493
2015-08-11,FEEDER CATTLE ,15616,9458,-108,397,6158,25074,42074
2015-08-18,FEEDER CATTLE ,16361,10017,745,559,6344,26378,43275
2015-08-25,FEEDER CATTLE ,13771,10690,-2590,673,3081,24461,41363
2015-07-07,FEEDER CATTLE ,16559,8792,-519,-38,7767,25351,43125
2015-07-14,FEEDER CATTLE ,14876,8298,-1683,-494,6578,23174,42628
2015-07-21,FEEDER CATTLE ,15704,8394,828,96,7310,24098,42992
2015-07-28,FEEDER CATTLE ,15607,8575,-97,181,7032,24182,41862
2015-06-02,FEEDER CATTLE ,17948,9031,1804,872,8917,26979,41208
2015-06-09,FEEDER CATTLE ,18064,9946,116,915,8118,28010,42901
2015-06-16,FEEDER CATTLE ,18234,10690,170,744,7544,28924,44762
2015-06-23,FEEDER CATTLE ,19728,10999,1494,309,8729,30727,46704
2015-06-30,FEEDER CATTLE ,17078,8830,-2650,-2169,8248,25908,43410
2015-05-05,FEEDER CATTLE ,12871,8718,-51,452,4153,21589,38443
2015-05-12,FEEDER CATTLE ,14448,8486,1577,-232,5962,22934,37919
2015-05-19,FEEDER CATTLE ,15570,8426,1122,-60,7144,23996,38931
2015-05-26,FEEDER CATTLE ,16144,8159,574,-267,7985,24303,38630
2015-04-07,FEEDER CATTLE ,14010,10380,955,193,3630,24390,41392
2015-04-14,FEEDER CATTLE ,13106,8631,-904,-1749,4475,21737,39896
2015-04-21,FEEDER CATTLE ,13379,8104,273,-527,5275,21483,38531
2015-04-28,FEEDER CATTLE ,12922,8266,-457,162,4656,21188,37967
2015-03-03,FEEDER CATTLE ,10597,9056,816,344,1541,19653,39793
2015-03-10,FEEDER CATTLE ,12058,10515,1461,1459,1543,22573,40547
2015-03-17,FEEDER CATTLE ,12890,10361,832,-154,2529,23251,41662
2015-03-24,FEEDER CATTLE ,13076,11184,186,823,1892,24260,42131
2015-03-31,FEEDER CATTLE ,13055,10187,-21,-997,2868,23242,40786
2015-02-03,FEEDER CATTLE ,10072,8405,-2063,-88,1667,18477,36983
2015-02-10,FEEDER CATTLE ,9371,8853,-701,448,518,18224,36659
2015-02-17,FEEDER CATTLE ,9578,9354,207,501,224,18932,38487
2015-02-24,FEEDER CATTLE ,9781,8712,203,-642,1069,18493,39531
2015-01-06,FEEDER CATTLE ,10808,8170,-900,403,2638,18978,40489
2015-01-13,FEEDER CATTLE ,11535,7891,727,-279,3644,19426,41785
2015-01-20,FEEDER CATTLE ,11875,8190,340,299,3685,20065,41516
2015-01-27,FEEDER CATTLE ,12135,8493,260,303,3642,20628,41292
2014-12-09,FEEDER CATTLE ,15813,11300,538,513,4513,27113,45441
2014-12-16,FEEDER CATTLE ,14424,9794,-1389,-1506,4630,24218,44209
2014-12-23,FEEDER CATTLE ,12514,7883,-1910,-1911,4631,20397,39855
2014-12-30,FEEDER CATTLE ,11708,7767,-806,-116,3941,19475,39349
2014-11-04,FEEDER CATTLE ,14338,9951,-994,502,4387,24289,44931
2014-11-11,FEEDER CATTLE ,14882,10025,544,74,4857,24907,46472
2014-11-18,FEEDER CATTLE ,15057,10713,175,688,4344,25770,46861
2014-10-07,FEEDER CATTLE ,14378,10247,-960,-221,4131,24625,45166
2014-10-14,FEEDER CATTLE ,14669,9812,291,-435,4857,24481,44825
2014-10-21,FEEDER CATTLE ,14548,9020,-121,-792,5528,23568,44617
2014-10-28,FEEDER CATTLE ,15332,9449,784,429,5883,24781,46768
2014-09-02,FEEDER CATTLE ,15133,10285,-862,98,4848,25418,41396
2014-09-09,FEEDER CATTLE ,16313,11214,1180,929,5099,27527,43880
2014-09-16,FEEDER CATTLE ,16084,11288,-229,74,4796,27372,45034
2014-09-23,FEEDER CATTLE ,16739,11736,655,448,5003,28475,45990
2014-09-30,FEEDER CATTLE ,15338,10468,-1401,-1268,4870,25806,44174
2014-08-05,FEEDER CATTLE ,15931,9619,743,1304,6312,25550,47245
2014-08-12,FEEDER CATTLE ,15891,9019,-40,-600,6872,24910,45465
2014-08-19,FEEDER CATTLE ,15963,9777,72,758,6186,25740,45548
2014-08-26,FEEDER CATTLE ,15995,10187,32,410,5808,26182,43853
2014-07-01,FEEDER CATTLE ,16451,9275,-661,-162,7176,25726,50784
2014-07-08,FEEDER CATTLE ,15388,9302,-1063,27,6086,24690,51331
2014-07-15,FEEDER CATTLE ,16324,9754,936,452,6570,26078,49681
2014-07-22,FEEDER CATTLE ,15504,8660,-820,-1094,6844,24164,49281
2014-07-29,FEEDER CATTLE ,15188,8315,-316,-345,6873,23503,48419
2014-06-03,FEEDER CATTLE ,19801,6756,466,-67,13045,26557,46892
2014-06-10,FEEDER CATTLE ,19021,8445,-780,1689,10576,27466,48614
2014-06-17,FEEDER CATTLE ,18128,9102,-893,657,9026,27230,48936
2014-06-24,FEEDER CATTLE ,17112,9437,-1016,335,7675,26549,50262
2014-05-06,FEEDER CATTLE ,19508,7082,545,940,12426,26590,44598
2014-05-13,FEEDER CATTLE ,20529,7734,1021,652,12795,28263,45784
2014-05-20,FEEDER CATTLE ,20916,7455,387,-279,13461,28371,48052
2014-05-27,FEEDER CATTLE ,19335,6823,-1581,-632,12512,26158,45563
2014-04-01,FEEDER CATTLE ,19079,5639,-1271,-1680,13440,24718,47262
2014-04-08,FEEDER CATTLE ,18491,5092,-588,-547,13399,23583,46730
2014-04-15,FEEDER CATTLE ,19377,5376,886,284,14001,24753,45650
2014-04-22,FEEDER CATTLE ,18053,5315,-1324,-61,12738,23368,41098
2014-04-29,FEEDER CATTLE ,18963,6142,910,827,12821,25105,42186
2014-03-04,FEEDER CATTLE ,18386,7876,-1013,-759,10510,26262,48549
2014-03-11,FEEDER CATTLE ,18581,7817,195,-59,10764,26398,49246
2014-03-18,FEEDER CATTLE ,19096,7002,515,-815,12094,26098,49370
2014-03-25,FEEDER CATTLE ,20350,7319,1254,317,13031,27669,50597
2014-02-04,FEEDER CATTLE ,17609,8650,-807,-627,8959,26259,48599
2014-02-11,FEEDER CATTLE ,18492,9256,883,606,9236,27748,46892
2014-02-18,FEEDER CATTLE ,19487,9275,995,19,10212,28762,48377
2014-02-25,FEEDER CATTLE ,19399,8635,-88,-640,10764,28034,48818
2014-01-07,FEEDER CATTLE ,16990,8478,-61,886,8512,25468,48794
2014-01-14,FEEDER CATTLE ,16968,9026,-22,548,7942,25994,49864
2014-01-21,FEEDER CATTLE ,17935,9130,967,104,8805,27065,51643
2014-01-28,FEEDER CATTLE ,18416,9277,481,147,9139,27693,52739
2013-12-03,FEEDER CATTLE ,13371,6606,1328,301,6765,19977,38447
2013-12-10,FEEDER CATTLE ,14145,6745,774,139,7400,20890,40180
2013-12-17,FEEDER CATTLE ,16801,7996,2656,1251,8805,24797,45059
2013-12-24,FEEDER CATTLE ,16995,7952,194,-44,9043,24947,45673
2013-11-05,FEEDER CATTLE ,13262,5753,-2153,250,7509,19015,36534
2013-11-12,FEEDER CATTLE ,13052,6423,-210,670,6629,19475,37361
2013-11-19,FEEDER CATTLE ,13284,6941,232,518,6343,20225,38068
2013-11-26,FEEDER CATTLE ,12043,6305,-1241,-636,5738,18348,36167
2013-10-01,FEEDER CATTLE ,11915,4963,1037,-711,6952,16878,32784
2013-10-08,FEEDER CATTLE ,13611,5008,1696,45,8603,18619,34972
2013-10-15,FEEDER CATTLE ,15097,5053,1486,45,10044,20150,36708
2013-10-22,FEEDER CATTLE ,15839,4957,742,-96,10882,20796,38595
2013-10-29,FEEDER CATTLE ,15415,5503,-424,546,9912,20918,39006
2013-09-03,FEEDER CATTLE ,8507,6050,482,-491,2457,14557,32580
2013-09-10,FEEDER CATTLE ,8751,5924,244,-126,2827,14675,30166
2013-09-17,FEEDER CATTLE ,8955,5909,204,-15,3046,14864,29078
2013-09-24,FEEDER CATTLE ,10878,5674,1923,-235,5204,16552,31738
2013-08-06,FEEDER CATTLE ,9079,6856,387,-762,2223,15935,35317
2013-08-13,FEEDER CATTLE ,9511,7544,432,688,1967,17055,36359
2013-08-20,FEEDER CATTLE ,9259,6774,-252,-770,2485,16033,36865
2013-08-27,FEEDER CATTLE ,8025,6541,-1234,-233,1484,14566,35338
2013-07-02,FEEDER CATTLE ,8100,10840,493,-2990,-2740,18940,32714
2013-07-09,FEEDER CATTLE ,8081,10411,-19,-429,-2330,18492,32253
2013-07-16,FEEDER CATTLE ,8564,9346,483,-1065,-782,17910,32827
2013-07-23,FEEDER CATTLE ,8633,8413,69,-933,220,17046,33638
2013-07-30,FEEDER CATTLE ,8692,7618,59,-795,1074,16310,34242
2013-06-04,FEEDER CATTLE ,7413,13944,-350,-27,-6531,21357,31910
2019-12-24,FEEDER CATTLE ,16806,12479,-796,581,4327,29285,50844
2013-06-25,FEEDER CATTLE ,7607,13830,167,-777,-6223,21437,32407
2013-05-07,FEEDER CATTLE ,8746,14961,-1033,500,-6215,23707,34331
2013-05-14,FEEDER CATTLE ,7969,15665,-777,704,-7696,23634,34811
2013-05-21,FEEDER CATTLE ,7852,15467,-117,-198,-7615,23319,35054
2013-05-28,FEEDER CATTLE ,7763,13971,-89,-1496,-6208,21734,31707
2013-04-02,FEEDER CATTLE ,10321,13450,1691,-1404,-3129,23771,38782
2013-04-09,FEEDER CATTLE ,10216,12909,-105,-541,-2693,23125,37164
2013-04-16,FEEDER CATTLE ,10078,13624,-138,715,-3546,23702,37678
2013-04-23,FEEDER CATTLE ,10259,16648,181,3024,-6389,26907,39356
2013-04-30,FEEDER CATTLE ,9779,14461,-480,-2187,-4682,24240,35530
2013-03-05,FEEDER CATTLE ,9857,15751,69,998,-5894,25608,39641
2013-03-12,FEEDER CATTLE ,9570,16401,-287,650,-6831,25971,41185
2013-03-26,FEEDER CATTLE ,8630,14854,-854,-438,-6224,23484,43033
2013-02-05,FEEDER CATTLE ,10815,10056,2222,-26,759,20871,32960
2013-02-12,FEEDER CATTLE ,10960,11807,145,1751,-847,22767,36828
2013-02-19,FEEDER CATTLE ,10930,13925,-30,2118,-2995,24855,39278
2013-02-26,FEEDER CATTLE ,9788,14753,-1142,828,-4965,24541,39057
2013-01-08,FEEDER CATTLE ,10444,9515,580,674,929,19959,32526
2013-01-15,FEEDER CATTLE ,8425,8620,-2019,-895,-195,17045,31148
2013-01-22,FEEDER CATTLE ,7324,8757,-1101,137,-1433,16081,30568
2013-01-29,FEEDER CATTLE ,8593,10082,1269,1325,-1489,18675,32183
2012-12-04,FEEDER CATTLE ,8615,11140,-13,684,-2525,19755,28007
2012-12-11,FEEDER CATTLE ,8357,7592,-258,-3548,765,15949,26616
2012-12-18,FEEDER CATTLE ,9497,6713,1140,-879,2784,16210,29026
2012-12-24,FEEDER CATTLE ,9789,7803,292,1090,1986,17592,29949
2012-12-31,FEEDER CATTLE ,9864,8841,75,1038,1023,18705,30246
2012-11-06,FEEDER CATTLE ,8178,8777,82,694,-599,16955,25451
2012-11-13,FEEDER CATTLE ,8733,10316,555,1539,-1583,19049,26877
2012-11-20,FEEDER CATTLE ,8993,11228,260,912,-2235,20221,26399
2012-11-27,FEEDER CATTLE ,8628,10456,-365,-772,-1828,19084,25872
2012-10-02,FEEDER CATTLE ,7211,9024,-860,-1158,-1813,16235,30345
2012-10-09,FEEDER CATTLE ,7060,9595,-151,571,-2535,16655,29270
2012-10-16,FEEDER CATTLE ,7735,10049,675,454,-2314,17784,29140
2012-10-23,FEEDER CATTLE ,7525,7761,-210,-2288,-236,15286,26607
2012-10-30,FEEDER CATTLE ,8096,8083,571,322,13,16179,25223
2012-09-04,FEEDER CATTLE ,7435,10183,-1713,-2272,-2748,17618,34897
2012-09-11,FEEDER CATTLE ,6679,9384,-756,-799,-2705,16063,33331
2012-09-18,FEEDER CATTLE ,6493,9504,-186,120,-3011,15997,32911
2012-09-25,FEEDER CATTLE ,8071,10182,1578,678,-2111,18253,33243
2012-08-07,FEEDER CATTLE ,9258,10631,31,502,-1373,19889,36092
2012-08-14,FEEDER CATTLE ,9227,10698,-31,67,-1471,19925,35726
2012-08-21,FEEDER CATTLE ,9176,11741,-51,1043,-2565,20917,36574
2012-08-28,FEEDER CATTLE ,9148,12455,-28,714,-3307,21603,38411
2012-07-03,FEEDER CATTLE ,9681,8941,-662,811,740,18622,36145
2012-07-10,FEEDER CATTLE ,10226,9113,545,172,1113,19339,36446
2012-07-17,FEEDER CATTLE ,9350,9636,-876,523,-286,18986,37391
2012-07-24,FEEDER CATTLE ,8745,10285,-605,649,-1540,19030,35857
2012-07-31,FEEDER CATTLE ,9227,10129,482,-156,-902,19356,36765
2012-06-05,FEEDER CATTLE ,14153,8520,-505,-537,5633,22673,38923
2012-06-12,FEEDER CATTLE ,14911,7796,758,-724,7115,22707,40123
2012-06-19,FEEDER CATTLE ,12169,7445,-2742,-351,4724,19614,36913
2012-06-26,FEEDER CATTLE ,10343,8130,-1826,685,2213,18473,36040
2012-05-01,FEEDER CATTLE ,14498,9798,283,1249,4700,24296,40940
2012-05-08,FEEDER CATTLE ,16168,10339,1670,541,5829,26507,42006
2012-05-15,FEEDER CATTLE ,16177,10456,9,117,5721,26633,40454
2012-05-22,FEEDER CATTLE ,16839,10748,662,292,6091,27587,41583
2012-05-29,FEEDER CATTLE ,14658,9057,-2181,-1691,5601,23715,38874
2012-04-03,FEEDER CATTLE ,16309,5246,-3829,-1069,11063,21555,41355
2012-04-10,FEEDER CATTLE ,13922,5673,-2387,427,8249,19595,40562
2012-04-17,FEEDER CATTLE ,14693,7453,771,1780,7240,22146,40413
2012-04-24,FEEDER CATTLE ,14215,8549,-478,1096,5666,22764,41099
2012-03-06,FEEDER CATTLE ,25290,7893,7,-256,17397,33183,55124
2012-03-13,FEEDER CATTLE ,22826,7645,-2464,-248,15181,30471,53578
2012-03-20,FEEDER CATTLE ,20626,6659,-2200,-986,13967,27285,50777
2012-03-27,FEEDER CATTLE ,20138,6315,-488,-344,13823,26453,49535
2012-02-07,FEEDER CATTLE ,21809,6916,699,1,14893,28725,47757
2012-02-14,FEEDER CATTLE ,22593,7476,784,560,15117,30069,50591
2012-02-21,FEEDER CATTLE ,24430,8121,1837,645,16309,32551,54748
2012-02-28,FEEDER CATTLE ,25283,8149,853,28,17134,33432,56207
2012-01-03,FEEDER CATTLE ,15126,4943,1115,397,10183,20069,34896
2012-01-10,FEEDER CATTLE ,16362,6264,1236,1321,10098,22626,37681
2012-01-17,FEEDER CATTLE ,18408,6544,2046,280,11864,24952,39995
2012-01-24,FEEDER CATTLE ,20531,7100,2123,556,13431,27631,43304
2012-01-31,FEEDER CATTLE ,21110,6915,579,-185,14195,28025,44705
2011-12-06,FEEDER CATTLE ,12676,4213,-1082,-473,8463,16889,31152
2011-12-13,FEEDER CATTLE ,12605,4252,-71,39,8353,16857,30048
2011-12-20,FEEDER CATTLE ,12868,4524,263,272,8344,17392,30297
2011-12-27,FEEDER CATTLE ,14011,4546,1143,22,9465,18557,32581
2011-11-01,FEEDER CATTLE ,13827,3956,-1440,-773,9871,17783,32196
2011-11-08,FEEDER CATTLE ,13663,4125,-164,169,9538,17788,33736
2011-11-15,FEEDER CATTLE ,14103,4244,440,119,9859,18347,33959
2011-11-22,FEEDER CATTLE ,13800,4213,-303,-31,9587,18013,32505
2011-11-29,FEEDER CATTLE ,13758,4686,-42,473,9072,18444,31760
2011-10-04,FEEDER CATTLE ,13647,5445,247,-1674,8202,19092,34723
2011-10-11,FEEDER CATTLE ,13940,5825,293,380,8115,19765,33501
2011-10-18,FEEDER CATTLE ,14926,5175,986,-650,9751,20101,36060
2011-10-25,FEEDER CATTLE ,15267,4729,341,-446,10538,19996,36066
2011-09-06,FEEDER CATTLE ,10274,6984,-16,-17,3290,17258,31828
2011-09-13,FEEDER CATTLE ,11329,6843,1055,-141,4486,18172,32546
2011-09-20,FEEDER CATTLE ,12812,6587,1483,-256,6225,19399,36068
2011-09-27,FEEDER CATTLE ,13400,7119,588,532,6281,20519,36693
2011-08-02,FEEDER CATTLE ,13802,6197,-494,-39,7605,19999,38227
2011-08-09,FEEDER CATTLE ,11141,5944,-2661,-253,5197,17085,33487
2011-08-16,FEEDER CATTLE ,11592,6318,451,374,5274,17910,33829
2011-08-23,FEEDER CATTLE ,11778,7070,186,752,4708,18848,34159
2011-08-30,FEEDER CATTLE ,10290,7001,-1488,-69,3289,17291,31436
2011-07-05,FEEDER CATTLE ,14708,5764,1569,-59,8944,20472,38485
2011-07-12,FEEDER CATTLE ,16187,5987,1479,223,10200,22174,41567
2011-07-19,FEEDER CATTLE ,15161,5838,-1026,-149,9323,20999,40476
2011-07-26,FEEDER CATTLE ,14296,6236,-865,398,8060,20532,39567
2011-06-07,FEEDER CATTLE ,12841,6453,-144,405,6388,19294,35302
2011-06-14,FEEDER CATTLE ,12875,6313,34,-140,6562,19188,35335
2011-06-21,FEEDER CATTLE ,12418,6266,-457,-47,6152,18684,36015
2011-06-28,FEEDER CATTLE ,13139,5823,721,-443,7316,18962,37104
2011-05-03,FEEDER CATTLE ,19625,5849,-345,687,13776,25474,41853
2011-05-10,FEEDER CATTLE ,16846,4665,-2779,-1184,12181,21511,38933
2011-05-17,FEEDER CATTLE ,17002,4965,156,300,12037,21967,38128
2011-05-24,FEEDER CATTLE ,14759,5400,-2243,435,9359,20159,36029
2011-05-31,FEEDER CATTLE ,12985,6048,-1774,648,6937,19033,34259
2011-04-05,FEEDER CATTLE ,20770,4714,1195,19,16056,25484,43148
2011-04-12,FEEDER CATTLE ,20560,4893,-210,179,15667,25453,42891
2011-04-19,FEEDER CATTLE ,20059,5487,-501,594,14572,25546,41805
2011-04-26,FEEDER CATTLE ,19970,5162,-89,-325,14808,25132,40870
2011-03-01,FEEDER CATTLE ,20594,5519,289,231,15075,26113,50018
2011-03-08,FEEDER CATTLE ,20595,5919,1,400,14676,26514,48448
2011-03-15,FEEDER CATTLE ,19909,4447,-686,-1472,15462,24356,45701
2011-03-22,FEEDER CATTLE ,17708,4203,-2201,-244,13505,21911,41194
2011-03-29,FEEDER CATTLE ,19575,4695,1867,492,14880,24270,42997
2011-02-01,FEEDER CATTLE ,21043,6288,-1672,-648,14755,27331,52705
2011-02-08,FEEDER CATTLE ,19846,5713,-1197,-575,14133,25559,50448
2011-02-15,FEEDER CATTLE ,20104,5355,258,-358,14749,25459,49716
2011-02-22,FEEDER CATTLE ,20305,5288,201,-67,15017,25593,51176
2011-01-04,FEEDER CATTLE ,20460,6550,1020,-428,13910,27010,49136
2011-01-11,FEEDER CATTLE ,21611,6592,1151,42,15019,28203,50673
2011-01-18,FEEDER CATTLE ,22434,7224,823,632,15210,29658,53444
2011-01-25,FEEDER CATTLE ,22715,6936,281,-288,15779,29651,53897
2010-12-07,FEEDER CATTLE ,16676,6637,1120,-262,10039,23313,38400
2010-12-14,FEEDER CATTLE ,17438,6899,762,262,10539,24337,40066
2010-12-21,FEEDER CATTLE ,18764,7151,1326,252,11613,25915,43851
2010-12-28,FEEDER CATTLE ,19440,6978,676,-173,12462,26418,47185
2010-11-02,FEEDER CATTLE ,8365,7129,-1458,-2519,1236,15494,25826
2010-11-09,FEEDER CATTLE ,8803,7131,438,2,1672,15934,26901
2010-11-16,FEEDER CATTLE ,10402,6927,1599,-204,3475,17329,29189
2010-11-23,FEEDER CATTLE ,12281,6853,1879,-74,5428,19134,32377
2010-11-30,FEEDER CATTLE ,15556,6899,3275,46,8657,22455,37221
2010-10-05,FEEDER CATTLE ,11961,7220,510,262,4741,19181,30272
2010-10-12,FEEDER CATTLE ,10499,9043,-1462,1823,1456,19542,29050
2010-10-19,FEEDER CATTLE ,9974,9660,-525,617,314,19634,30039
2010-10-26,FEEDER CATTLE ,9823,9648,-151,-12,175,19471,29401
2010-09-07,FEEDER CATTLE ,14922,7140,-1152,-251,7782,22062,35157
2010-09-14,FEEDER CATTLE ,14263,7565,-659,425,6698,21828,34646
2010-09-21,FEEDER CATTLE ,13222,7249,-1041,-316,5973,20471,34612
2010-09-28,FEEDER CATTLE ,11451,6958,-1771,-291,4493,18409,30943
2010-08-03,FEEDER CATTLE ,14632,7034,-1075,-246,7598,21666,37585
2010-08-10,FEEDER CATTLE ,12137,7025,-2495,-9,5112,19162,33697
2010-08-17,FEEDER CATTLE ,11839,6739,-298,-286,5100,18578,32276
2010-08-24,FEEDER CATTLE ,15280,7529,3441,790,7751,22809,37306
2010-08-31,FEEDER CATTLE ,16074,7391,794,-138,8683,23465,37347
2010-07-06,FEEDER CATTLE ,14955,7323,188,148,7632,22278,37298
2010-07-13,FEEDER CATTLE ,16089,7102,1134,-221,8987,23191,38846
2010-07-20,FEEDER CATTLE ,16046,7172,-43,70,8874,23218,37244
2010-07-27,FEEDER CATTLE ,15707,7280,-339,108,8427,22987,37257
2010-06-01,FEEDER CATTLE ,14815,6379,-672,1217,8436,21194,32500
2010-06-08,FEEDER CATTLE ,14255,6800,-560,421,7455,21055,32539
2010-06-15,FEEDER CATTLE ,14155,6590,-100,-210,7565,20745,33485
2010-06-22,FEEDER CATTLE ,13879,6942,-276,352,6937,20821,35085
2010-06-29,FEEDER CATTLE ,14767,7175,888,233,7592,21942,36920
2010-05-04,FEEDER CATTLE ,23544,6527,-391,277,17017,30071,44244
2010-05-11,FEEDER CATTLE ,21329,6007,-2215,-520,15322,27336,41830
2010-05-18,FEEDER CATTLE ,19703,6293,-1626,286,13410,25996,38797
2010-05-25,FEEDER CATTLE ,15487,5162,-4216,-1131,10325,20649,34838
2010-04-06,FEEDER CATTLE ,22873,7664,1319,845,15209,30537,42740
2010-04-13,FEEDER CATTLE ,23230,6984,357,-680,16246,30214,43097
2010-04-20,FEEDER CATTLE ,23699,7154,469,170,16545,30853,43466
2010-04-27,FEEDER CATTLE ,23935,6250,236,-904,17685,30185,44845
2010-03-02,FEEDER CATTLE ,15683,5316,849,-74,10367,20999,37563
2010-03-09,FEEDER CATTLE ,17226,5215,1543,-101,12011,22441,38582
2010-03-16,FEEDER CATTLE ,18739,4869,1513,-346,13870,23608,39043
2010-03-23,FEEDER CATTLE ,20945,6263,2206,1394,14682,27208,41713
2010-03-30,FEEDER CATTLE ,21554,6819,609,556,14735,28373,40985
2010-02-02,FEEDER CATTLE ,12616,5278,-590,-1351,7338,17894,32378
2010-02-09,FEEDER CATTLE ,12951,5351,335,73,7600,18302,30254
2010-02-16,FEEDER CATTLE ,13639,5307,688,-44,8332,18946,33245
2010-02-23,FEEDER CATTLE ,14834,5390,1195,83,9444,20224,36164
2010-01-05,FEEDER CATTLE ,10422,9412,721,-1490,1010,19834,29612
2010-01-12,FEEDER CATTLE ,11002,7706,580,-1706,3296,18708,30465
2010-01-19,FEEDER CATTLE ,11857,7561,855,-145,4296,19418,31648
2010-01-26,FEEDER CATTLE ,13206,6629,1349,-932,6577,19835,34630
2009-12-01,FEEDER CATTLE ,12389,12929,310,744,-540,25318,27976
2009-12-08,FEEDER CATTLE ,11685,12713,-704,-216,-1028,24398,29437
2009-12-15,FEEDER CATTLE ,10756,12738,-929,25,-1982,23494,30639
2009-12-22,FEEDER CATTLE ,9704,11749,-1052,-989,-2045,21453,30267
2009-12-29,FEEDER CATTLE ,9701,10902,-3,-847,-1201,20603,30124
2009-11-03,FEEDER CATTLE ,11294,10322,234,-214,972,21616,25741
2009-11-09,FEEDER CATTLE ,11250,9791,-44,-531,1459,21041,25444
2009-11-17,FEEDER CATTLE ,12041,11815,791,2024,226,23856,26328
2009-11-24,FEEDER CATTLE ,12079,12185,38,370,-106,24264,26211
2009-10-06,FEEDER CATTLE ,9236,10137,-102,966,-901,19373,27347
2009-10-13,FEEDER CATTLE ,9542,10629,306,492,-1087,20171,27546
2009-10-20,FEEDER CATTLE ,9913,10629,371,0,-716,20542,26425
2009-10-27,FEEDER CATTLE ,11060,10536,1147,-93,524,21596,26538
2009-09-01,FEEDER CATTLE ,8645,7244,292,1531,1401,15889,25497
2009-09-08,FEEDER CATTLE ,8625,8331,-20,1087,294,16956,26656
2009-09-15,FEEDER CATTLE ,9295,7501,670,-830,1794,16796,26304
2009-09-22,FEEDER CATTLE ,9875,9279,580,1778,596,19154,27320
2009-09-29,FEEDER CATTLE ,9338,9171,-537,-108,167,18509,26672
2009-08-04,FEEDER CATTLE ,10489,3173,-315,333,7316,13662,26172
2009-08-11,FEEDER CATTLE ,8701,3181,-1788,8,5520,11882,22833
2009-08-18,FEEDER CATTLE ,7796,4397,-905,1216,3399,12193,23479
2009-08-25,FEEDER CATTLE ,8353,5713,557,1316,2640,14066,23880
2009-07-07,FEEDER CATTLE ,9960,2450,907,-976,7510,12410,24802
2009-07-14,FEEDER CATTLE ,10667,2742,707,292,7925,13409,25742
2009-07-21,FEEDER CATTLE ,11092,2665,425,-77,8427,13757,27321
2009-07-28,FEEDER CATTLE ,10804,2840,-288,175,7964,13644,27165
2009-06-02,FEEDER CATTLE ,7524,1838,327,-196,5686,9362,22440
2009-06-09,FEEDER CATTLE ,7012,4410,-512,2572,2602,11422,21519
2009-06-16,FEEDER CATTLE ,7498,5647,486,1237,1851,13145,22257
2009-06-23,FEEDER CATTLE ,8234,5318,736,-329,2916,13552,23656
2009-06-30,FEEDER CATTLE ,9053,3426,819,-1892,5627,12479,24143
2009-05-05,FEEDER CATTLE ,5215,3567,-482,-106,1648,8782,20311
2009-05-12,FEEDER CATTLE ,5651,3077,436,-490,2574,8728,21633
2009-05-19,FEEDER CATTLE ,6362,2558,711,-519,3804,8920,21903
2009-05-26,FEEDER CATTLE ,7197,2034,835,-524,5163,9231,21935
2009-04-07,FEEDER CATTLE ,3848,3622,310,37,226,7470,18575
2009-04-14,FEEDER CATTLE ,5045,2852,1197,-770,2193,7897,19151
2009-04-21,FEEDER CATTLE ,5490,2944,445,92,2546,8434,19974
2009-04-28,FEEDER CATTLE ,5697,3673,207,729,2024,9370,20226
2009-03-03,FEEDER CATTLE ,6160,4821,127,836,1339,10981,22192
2009-03-10,FEEDER CATTLE ,6260,5035,100,214,1225,11295,23783
2009-03-17,FEEDER CATTLE ,5462,4561,-798,-474,901,10023,23045
2009-03-24,FEEDER CATTLE ,5488,4555,26,-6,933,10043,21637
2009-03-31,FEEDER CATTLE ,3538,3585,-1950,-970,-47,7123,18676
2009-02-03,FEEDER CATTLE ,5453,6582,-406,-173,-1129,12035,20976
2009-02-10,FEEDER CATTLE ,5644,4612,191,-1970,1032,10256,22160
2009-02-17,FEEDER CATTLE ,6086,3606,442,-1006,2480,9692,21854
2009-02-24,FEEDER CATTLE ,6033,3985,-53,379,2048,10018,21786
2009-01-06,FEEDER CATTLE ,6721,6638,-617,-445,83,13359,20328
2009-01-13,FEEDER CATTLE ,5914,7101,-807,463,-1187,13015,20710
2009-01-20,FEEDER CATTLE ,5820,7138,-94,37,-1318,12958,21226
2009-01-27,FEEDER CATTLE ,5859,6755,39,-383,-896,12614,21379
2008-12-02,FEEDER CATTLE ,7088,8018,6,170,-930,15106,20290
2008-12-09,FEEDER CATTLE ,6917,7903,-171,-115,-986,14820,21160
2008-12-16,FEEDER CATTLE ,6790,8038,-127,135,-1248,14828,20863
2008-12-22,FEEDER CATTLE ,6935,7314,145,-724,-379,14249,20169
2008-12-30,FEEDER CATTLE ,7338,7083,403,-231,255,14421,20379
2008-11-04,FEEDER CATTLE ,8104,7801,-63,-1369,303,15905,19266
2008-11-11,FEEDER CATTLE ,7961,7320,-143,-481,641,15281,19020
2008-11-18,FEEDER CATTLE ,7629,7473,-332,153,156,15102,19976
2008-11-25,FEEDER CATTLE ,7082,7848,-547,375,-766,14930,19552
2008-10-07,FEEDER CATTLE ,7980,10231,-453,-680,-2251,18211,25088
2008-10-14,FEEDER CATTLE ,7640,9674,-340,-557,-2034,17314,23706
2008-10-21,FEEDER CATTLE ,8072,9726,432,52,-1654,17798,22519
2008-10-28,FEEDER CATTLE ,8167,9170,95,-556,-1003,17337,21109
2008-09-02,FEEDER CATTLE ,10312,8372,-1346,767,1940,18684,30026
2008-09-09,FEEDER CATTLE ,9430,8959,-882,587,471,18389,27901
2008-09-16,FEEDER CATTLE ,9162,9915,-268,956,-753,19077,26824
2008-09-23,FEEDER CATTLE ,8386,10688,-776,773,-2302,19074,26784
2008-09-30,FEEDER CATTLE ,8433,10911,47,223,-2478,19344,26313
2008-08-05,FEEDER CATTLE ,12705,6465,793,-428,6240,19170,35329
2008-08-12,FEEDER CATTLE ,12370,5944,-335,-521,6426,18314,34630
2008-08-19,FEEDER CATTLE ,12389,6586,19,642,5803,18975,33591
2008-08-26,FEEDER CATTLE ,11658,7605,-731,1019,4053,19263,32905
2008-07-01,FEEDER CATTLE ,8798,6526,226,607,2272,15324,32631
2008-07-08,FEEDER CATTLE ,9499,7548,701,1022,1951,17047,32405
2008-07-15,FEEDER CATTLE ,9756,7824,257,276,1932,17580,33531
2008-07-22,FEEDER CATTLE ,11056,7159,1300,-665,3897,18215,34364
2008-07-29,FEEDER CATTLE ,11912,6893,856,-266,5019,18805,32461
2008-06-03,FEEDER CATTLE ,9433,4963,-1030,-305,4470,14396,32023
2008-06-10,FEEDER CATTLE ,9660,5287,227,324,4373,14947,32266
2008-06-17,FEEDER CATTLE ,8845,6051,-815,764,2794,14896,33023
2008-06-24,FEEDER CATTLE ,8572,5919,-273,-132,2653,14491,32477
2008-05-06,FEEDER CATTLE ,12303,8426,-2433,252,3877,20729,31432
2008-05-13,FEEDER CATTLE ,11118,8612,-1185,186,2506,19730,32437
2008-05-20,FEEDER CATTLE ,11588,7119,470,-1493,4469,18707,32702
2008-05-27,FEEDER CATTLE ,10463,5268,-1125,-1851,5195,15731,31077
2008-04-01,FEEDER CATTLE ,20704,10965,112,271,9739,31669,37833
2008-04-08,FEEDER CATTLE ,19657,11514,-1047,549,8143,31171,38310
2008-04-15,FEEDER CATTLE ,19150,10953,-507,-561,8197,30103,37655
2008-04-22,FEEDER CATTLE ,17965,10466,-1185,-487,7499,28431,36651
2008-04-29,FEEDER CATTLE ,14736,8174,-3229,-2292,6562,22910,33243
2008-03-04,FEEDER CATTLE ,19726,9461,-188,1110,10265,29187,39146
2008-03-11,FEEDER CATTLE ,19838,10755,112,1294,9083,30593,38415
2008-03-18,FEEDER CATTLE ,20583,11296,745,541,9287,31879,38740
2008-03-25,FEEDER CATTLE ,20592,10694,9,-602,9898,31286,37561
2008-02-05,FEEDER CATTLE ,20729,7772,228,-149,12957,28501,40356
2008-02-12,FEEDER CATTLE ,20540,7993,-189,221,12547,28533,40300
2008-02-19,FEEDER CATTLE ,21115,8293,575,300,12822,29408,40634
2008-02-26,FEEDER CATTLE ,19914,8351,-1201,58,11563,28265,39767
2008-01-08,FEEDER CATTLE ,19708,7106,1996,907,12602,26814,34757
2008-01-15,FEEDER CATTLE ,19167,7185,-541,79,11982,26352,37587
2008-01-22,FEEDER CATTLE ,19688,7196,521,11,12492,26884,38422
2008-01-29,FEEDER CATTLE ,20501,7921,813,725,12580,28422,40457
2007-12-04,FEEDER CATTLE ,13945,3795,462,4,10150,17740,27605
2007-12-11,FEEDER CATTLE ,14711,4716,766,921,9995,19427,28488
2007-12-18,FEEDER CATTLE ,15469,5142,758,426,10327,20611,30562
2007-12-24,FEEDER CATTLE ,16881,5817,1412,675,11064,22698,31662
2007-12-31,FEEDER CATTLE ,17712,6199,831,382,11513,23911,32814
2007-11-06,FEEDER CATTLE ,12096,4696,614,439,7400,16792,26452
2007-11-13,FEEDER CATTLE ,11878,4674,-218,-22,7204,16552,26495
2007-11-20,FEEDER CATTLE ,13089,3998,1211,-676,9091,17087,26123
2007-11-27,FEEDER CATTLE ,13483,3791,394,-207,9692,17274,27017
2007-10-02,FEEDER CATTLE ,12719,3015,852,-541,9704,15734,26749
2007-10-09,FEEDER CATTLE ,12722,3452,3,437,9270,16174,26013
2007-10-16,FEEDER CATTLE ,11893,3325,-829,-127,8568,15218,25741
2007-10-23,FEEDER CATTLE ,12420,4279,527,954,8141,16699,26275
2007-10-30,FEEDER CATTLE ,11482,4257,-938,-22,7225,15739,25563
2007-09-04,FEEDER CATTLE ,12350,2795,471,-481,9555,15145,29769
2007-09-11,FEEDER CATTLE ,13083,2608,733,-187,10475,15691,30438
2007-09-18,FEEDER CATTLE ,12558,3247,-525,639,9311,15805,28314
2007-09-25,FEEDER CATTLE ,11867,3556,-691,309,8311,15423,28695
2007-08-07,FEEDER CATTLE ,12677,4948,338,-246,7729,17625,30165
2007-08-14,FEEDER CATTLE ,11234,4601,-1443,-347,6633,15835,28245
2007-08-21,FEEDER CATTLE ,11219,3769,-15,-832,7450,14988,27522
2007-08-28,FEEDER CATTLE ,11879,3276,660,-493,8603,15155,29356
2007-07-03,FEEDER CATTLE ,7972,5473,-16,-227,2499,13445,23510
2007-07-10,FEEDER CATTLE ,9185,5008,1213,-465,4177,14193,25557
2007-07-17,FEEDER CATTLE ,11078,4993,1893,-15,6085,16071,29180
2007-07-24,FEEDER CATTLE ,11254,4851,176,-142,6403,16105,31124
2007-07-31,FEEDER CATTLE ,12339,5194,1085,343,7145,17533,32197
2007-06-05,FEEDER CATTLE ,7993,3786,-199,671,4207,11779,21007
2007-06-12,FEEDER CATTLE ,7853,4825,-140,1039,3028,12678,21730
2007-06-19,FEEDER CATTLE ,7897,5532,44,707,2365,13429,22011
2007-06-26,FEEDER CATTLE ,7988,5700,91,168,2288,13688,22777
2007-05-01,FEEDER CATTLE ,8918,3504,-47,-402,5414,12422,24283
2007-05-08,FEEDER CATTLE ,8051,3376,-867,-128,4675,11427,22075
2007-05-15,FEEDER CATTLE ,8291,2596,240,-780,5695,10887,22694
2007-05-22,FEEDER CATTLE ,9063,2947,772,351,6116,12010,23430
2007-05-29,FEEDER CATTLE ,8192,3115,-871,168,5077,11307,21006
2007-04-03,FEEDER CATTLE ,9386,5123,231,-989,4263,14509,31623
2007-04-10,FEEDER CATTLE ,9907,4375,521,-748,5532,14282,29968
2007-04-17,FEEDER CATTLE ,8667,3568,-1240,-807,5099,12235,26875
2007-04-24,FEEDER CATTLE ,8965,3906,298,338,5059,12871,26853
2007-03-06,FEEDER CATTLE ,10100,6251,-48,-1047,3849,16351,35846
2007-03-13,FEEDER CATTLE ,9681,6194,-419,-57,3487,15875,34341
2007-03-20,FEEDER CATTLE ,9814,5539,133,-655,4275,15353,33877
2007-03-27,FEEDER CATTLE ,9155,6112,-659,573,3043,15267,33711
2007-02-06,FEEDER CATTLE ,10242,9381,776,513,861,19623,33872
2007-02-13,FEEDER CATTLE ,11561,8706,1319,-675,2855,20267,35734
2007-02-20,FEEDER CATTLE ,10810,7712,-751,-994,3098,18522,35924
2007-02-27,FEEDER CATTLE ,10148,7298,-662,-414,2850,17446,36499
2007-01-03,FEEDER CATTLE ,6979,7885,92,132,-906,14864,28128
2007-01-09,FEEDER CATTLE ,7344,8166,365,281,-822,15510,28093
2007-01-16,FEEDER CATTLE ,7722,8324,378,158,-602,16046,29384
2007-01-23,FEEDER CATTLE ,8652,8853,930,529,-201,17505,30903
2007-01-30,FEEDER CATTLE ,9466,8868,814,15,598,18334,31174
2006-12-05,FEEDER CATTLE ,6688,8052,224,368,-1364,14740,27444
2006-12-12,FEEDER CATTLE ,6581,7667,-107,-385,-1086,14248,29020
2006-12-19,FEEDER CATTLE ,6803,7838,222,171,-1035,14641,28287
2006-12-26,FEEDER CATTLE ,6887,7753,84,-85,-866,14640,27245
2006-11-07,FEEDER CATTLE ,6115,8961,413,1263,-2846,15076,24889
2006-11-14,FEEDER CATTLE ,6475,9240,360,279,-2765,15715,25475
2006-11-21,FEEDER CATTLE ,6333,7894,-142,-1346,-1561,14227,25204
2006-11-28,FEEDER CATTLE ,6464,7684,131,-210,-1220,14148,26298
2006-10-03,FEEDER CATTLE ,6809,6168,-1814,508,641,12977,24841
2006-10-10,FEEDER CATTLE ,7313,6812,504,644,501,14125,23665
2006-10-17,FEEDER CATTLE ,6359,6180,-954,-632,179,12539,23282
2006-10-24,FEEDER CATTLE ,7037,7536,678,1356,-499,14573,24056
2006-10-31,FEEDER CATTLE ,5702,7698,-1335,162,-1996,13400,21523
2006-09-05,FEEDER CATTLE ,10268,3620,-2103,108,6648,13888,29760
2006-09-12,FEEDER CATTLE ,10565,3981,297,361,6584,14546,29436
2006-09-19,FEEDER CATTLE ,9528,5074,-1037,1093,4454,14602,29044
2006-09-26,FEEDER CATTLE ,8623,5660,-905,586,2963,14283,26065
2006-08-01,FEEDER CATTLE ,12755,4477,-157,248,8278,17232,31673
2006-08-08,FEEDER CATTLE ,12403,4807,-352,330,7596,17210,32151
2006-08-15,FEEDER CATTLE ,13354,4515,951,-292,8839,17869,32759
2006-08-22,FEEDER CATTLE ,13077,3918,-277,-597,9159,16995,32397
2006-08-29,FEEDER CATTLE ,12371,3512,-706,-406,8859,15883,32307
2006-07-03,FEEDER CATTLE ,13198,5184,1287,80,8014,18382,29566
2006-07-11,FEEDER CATTLE ,12408,4705,-790,-479,7703,17113,29898
2006-07-18,FEEDER CATTLE ,12198,4779,-210,74,7419,16977,30695
2006-07-25,FEEDER CATTLE ,12912,4229,714,-550,8683,17141,30944
2006-06-06,FEEDER CATTLE ,10426,5800,713,-683,4626,16226,25760
2006-06-13,FEEDER CATTLE ,10683,5461,257,-339,5222,16144,26379
2006-06-20,FEEDER CATTLE ,10705,4825,22,-636,5880,15530,25563
2006-06-27,FEEDER CATTLE ,11911,5104,1206,279,6807,17015,27473
2006-05-02,FEEDER CATTLE ,11339,7383,-1258,-998,3956,18722,27825
2006-05-09,FEEDER CATTLE ,9819,7301,-1520,-82,2518,17120,27571
2006-05-16,FEEDER CATTLE ,10721,7242,902,-59,3479,17963,28749
2006-05-23,FEEDER CATTLE ,10450,7646,-271,404,2804,18096,27086
2006-05-30,FEEDER CATTLE ,9713,6483,-737,-1163,3230,16196,24707
2006-04-04,FEEDER CATTLE ,12775,7507,-2068,395,5268,20282,33499
2006-04-11,FEEDER CATTLE ,12579,8202,-196,695,4377,20781,32117
2006-04-18,FEEDER CATTLE ,12410,8972,-169,770,3438,21382,32929
2006-04-25,FEEDER CATTLE ,12597,8381,187,-591,4216,20978,31661
2006-03-07,FEEDER CATTLE ,14414,6025,1294,358,8389,20439,37178
2006-03-14,FEEDER CATTLE ,13365,7316,-1049,1291,6049,20681,36320
2006-03-21,FEEDER CATTLE ,14324,6446,959,-870,7878,20770,36170
2006-03-28,FEEDER CATTLE ,14843,7112,519,666,7731,21955,37238
2006-02-07,FEEDER CATTLE ,11973,3827,-1003,88,8146,15800,33559
2006-02-14,FEEDER CATTLE ,11917,4522,-56,695,7395,16439,34845
2006-02-21,FEEDER CATTLE ,12351,5049,434,527,7302,17400,35571
2006-02-28,FEEDER CATTLE ,13120,5667,769,618,7453,18787,35758
2006-01-03,FEEDER CATTLE ,14571,3163,271,162,11408,17734,34174
2006-01-10,FEEDER CATTLE ,14903,3329,332,166,11574,18232,34580
2006-01-17,FEEDER CATTLE ,14553,3608,-350,279,10945,18161,33169
2006-01-24,FEEDER CATTLE ,14913,3654,360,46,11259,18567,32987
2006-01-31,FEEDER CATTLE ,12976,3739,-1937,85,9237,16715,31548
2005-12-06,FEEDER CATTLE ,14520,3557,1699,126,10963,18077,30100
2005-12-13,FEEDER CATTLE ,14283,2901,-237,-656,11382,17184,31053
2005-12-20,FEEDER CATTLE ,14657,2822,374,-79,11835,17479,31994
2005-12-27,FEEDER CATTLE ,14300,3001,-357,179,11299,17301,32042
2005-11-01,FEEDER CATTLE ,11163,3373,-563,-191,7790,14536,27532
2005-11-08,FEEDER CATTLE ,11958,3863,795,490,8095,15821,28240
2005-11-15,FEEDER CATTLE ,12508,3284,550,-579,9224,15792,27220
2005-11-22,FEEDER CATTLE ,10828,2860,-1680,-424,7968,13688,24242
2005-11-29,FEEDER CATTLE ,12821,3431,1993,571,9390,16252,27930
2005-10-04,FEEDER CATTLE ,11765,2479,-452,-506,9286,14244,30276
2005-10-11,FEEDER CATTLE ,12166,2384,401,-95,9782,14550,28802
2005-10-18,FEEDER CATTLE ,12134,3003,-32,619,9131,15137,27479
2005-10-25,FEEDER CATTLE ,11726,3564,-408,561,8162,15290,27279
2005-09-06,FEEDER CATTLE ,12415,4389,486,-518,8026,16804,26916
2005-09-13,FEEDER CATTLE ,13306,3494,891,-895,9812,16800,28119
2005-09-20,FEEDER CATTLE ,12181,2945,-1125,-549,9236,15126,29063
2005-09-27,FEEDER CATTLE ,12217,2985,36,40,9232,15202,30350
2005-08-02,FEEDER CATTLE ,7477,3978,204,-175,3499,11455,25137
2005-08-09,FEEDER CATTLE ,9219,3918,1742,-60,5301,13137,27793
2005-08-16,FEEDER CATTLE ,10634,5100,1415,1182,5534,15734,29459
2005-08-23,FEEDER CATTLE ,11781,4993,1147,-107,6788,16774,29559
2005-07-05,FEEDER CATTLE ,9018,3742,1025,108,5276,12760,22645
2005-07-12,FEEDER CATTLE ,9950,3738,932,-4,6212,13688,23846
2005-07-19,FEEDER CATTLE ,7680,3956,-2270,218,3724,11636,23722
2005-07-26,FEEDER CATTLE ,7273,4153,-407,197,3120,11426,23723
2005-06-07,FEEDER CATTLE ,9916,4512,-418,372,5404,14428,23298
2005-06-14,FEEDER CATTLE ,8346,3726,-1570,-786,4620,12072,21853
2005-06-21,FEEDER CATTLE ,6922,4383,-1424,657,2539,11305,21181
2005-06-28,FEEDER CATTLE ,7993,3634,1071,-749,4359,11627,21238
2005-05-03,FEEDER CATTLE ,9876,3735,-492,-70,6141,13611,24602
2005-05-10,FEEDER CATTLE ,10012,3461,136,-274,6551,13473,24847
2005-05-17,FEEDER CATTLE ,11466,4148,1454,687,7318,15614,24739
2005-05-24,FEEDER CATTLE ,10855,4184,-611,36,6671,15039,24508
2005-05-31,FEEDER CATTLE ,10334,4140,-521,-44,6194,14474,21827
2005-04-05,FEEDER CATTLE ,10454,2700,721,346,7754,13154,28145
2005-04-12,FEEDER CATTLE ,10383,2769,-71,69,7614,13152,27925
2005-04-19,FEEDER CATTLE ,10580,3007,197,238,7573,13587,26898
2005-04-26,FEEDER CATTLE ,10368,3805,-212,798,6563,14173,27405
2005-03-01,FEEDER CATTLE ,7061,3763,300,21,3298,10824,23828
2005-03-08,FEEDER CATTLE ,8545,3160,1484,-603,5385,11705,25016
2005-03-15,FEEDER CATTLE ,10350,2749,1805,-411,7601,13099,26118
2005-03-22,FEEDER CATTLE ,10667,2785,317,36,7882,13452,26889
2005-03-29,FEEDER CATTLE ,9733,2354,-934,-431,7379,12087,26454
2005-02-01,FEEDER CATTLE ,6358,2950,-105,-273,3408,9308,19302
2005-02-08,FEEDER CATTLE ,5904,3278,-454,328,2626,9182,21926
2005-02-15,FEEDER CATTLE ,6673,3551,769,273,3122,10224,24115
2005-02-22,FEEDER CATTLE ,6761,3742,88,191,3019,10503,24132
2005-01-04,FEEDER CATTLE ,4590,3075,922,374,1515,7665,16972
2005-01-11,FEEDER CATTLE ,5424,2859,834,-216,2565,8283,18118
2005-01-18,FEEDER CATTLE ,5979,2792,555,-67,3187,8771,18877
2005-01-25,FEEDER CATTLE ,6463,3223,484,431,3240,9686,19949
