Date,Symbol,Long,Short,Change Long,Change Short,Net positions,Total positions,Open interest
2021-03-09,BRITISH POUND STERLING ,61271,27360,-3867,-1696,33911,88631,181373
2021-03-02,BRITISH POUND STERLING ,65138,29056,-3128,-8232,36082,94194,169363
2021-02-02,BRITISH POUND STERLING ,53658,44042,6298,4647,9616,97700,161100
2021-02-09,BRITISH POUND STERLING ,60513,39395,6855,-4647,21118,99908,170161
2021-02-16,BRITISH POUND STERLING ,60269,38102,-244,-1293,22167,98371,171218
2021-02-23,BRITISH POUND STERLING ,68266,37288,7997,-814,30978,105554,176721
2021-01-05,BRITISH POUND STERLING ,35526,31861,-209,958,3665,67387,143209
2021-01-12,BRITISH POUND STERLING ,47935,34993,12409,3132,12942,82928,152924
2021-01-19,BRITISH POUND STERLING ,45904,32199,-2031,-2794,13705,78103,147096
2021-01-26,BRITISH POUND STERLING ,47360,39395,1456,7196,7965,86755,154558
2020-12-01,BRITISH POUND STERLING ,37087,44986,6249,-2982,-7899,82073,146966
2020-12-08,BRITISH POUND STERLING ,39344,33634,2257,-11352,5710,72978,164184
2020-12-15,BRITISH POUND STERLING ,35128,31060,-4216,-2574,4068,66188,142242
2020-12-21,BRITISH POUND STERLING ,37550,31518,2422,458,6032,69068,144606
2020-12-29,BRITISH POUND STERLING ,35735,30903,-1815,-615,4832,66638,139870
2020-11-03,BRITISH POUND STERLING ,27701,38928,-4098,469,-11227,66629,140437
2020-11-10,BRITISH POUND STERLING ,27872,45567,171,6639,-17695,73439,141346
2020-11-17,BRITISH POUND STERLING ,27454,47200,-418,1633,-19746,74654,139010
2020-11-24,BRITISH POUND STERLING ,30838,47968,3384,768,-17130,78806,142958
2020-10-06,BRITISH POUND STERLING ,40698,51996,1482,35,-11298,92694,156467
2020-10-13,BRITISH POUND STERLING ,36195,45997,-4503,-5999,-9802,82192,148279
2020-10-20,BRITISH POUND STERLING ,39836,41836,3641,-4161,-2000,81672,146356
2020-10-27,BRITISH POUND STERLING ,31799,38459,-8037,-3377,-6660,70258,139984
2020-09-01,BRITISH POUND STERLING ,49213,42901,3823,3111,6312,92114,186588
2020-09-08,BRITISH POUND STERLING ,46590,33860,-2623,-9041,12730,80450,197524
2020-09-15,BRITISH POUND STERLING ,43801,41508,-2789,7648,2293,85309,149989
2020-09-22,BRITISH POUND STERLING ,43487,40523,-314,-985,2964,84010,152613
2020-09-29,BRITISH POUND STERLING ,39216,51961,-4271,11438,-12745,91177,159049
2020-08-04,BRITISH POUND STERLING ,45977,60704,6648,-4034,-14727,106681,176728
2020-08-11,BRITISH POUND STERLING ,48053,50874,2076,-9830,-2821,98927,179071
2020-08-18,BRITISH POUND STERLING ,54310,47806,6257,-3068,6504,102116,187043
2020-08-25,BRITISH POUND STERLING ,45390,39790,-8920,-8016,5600,85180,175363
2020-07-07,BRITISH POUND STERLING ,39892,56300,5468,886,-16408,96192,180696
2020-07-14,BRITISH POUND STERLING ,43175,56761,3283,461,-13586,99936,179340
2020-07-21,BRITISH POUND STERLING ,46230,61310,3055,4549,-15080,107540,180337
2020-07-28,BRITISH POUND STERLING ,39329,64738,-6901,3428,-25409,104067,178912
2020-06-02,BRITISH POUND STERLING ,26970,63014,-12222,1565,-36044,89984,190138
2020-06-09,BRITISH POUND STERLING ,28893,52941,1923,-10073,-24048,81834,185606
2020-06-16,BRITISH POUND STERLING ,29378,45376,485,-7565,-15998,74754,166808
2020-06-23,BRITISH POUND STERLING ,29654,48170,276,2794,-18516,77824,170455
2020-06-30,BRITISH POUND STERLING ,34424,55414,4770,7244,-20990,89838,186144
2020-05-05,BRITISH POUND STERLING ,28096,40101,-3370,1954,-12005,68197,161083
2020-05-12,BRITISH POUND STERLING ,31525,45213,3429,5112,-13688,76738,166568
2020-05-19,BRITISH POUND STERLING ,35810,54799,4285,9586,-18989,90609,179734
2020-05-26,BRITISH POUND STERLING ,39192,61449,3382,6650,-22257,100641,188650
2020-04-07,BRITISH POUND STERLING ,31254,27561,-5895,-4595,3693,58815,150318
2020-04-14,BRITISH POUND STERLING ,30287,27055,-967,-506,3232,57342,153088
2020-04-21,BRITISH POUND STERLING ,29527,30907,-760,3852,-1380,60434,158788
2020-04-28,BRITISH POUND STERLING ,31466,38147,1939,7240,-6681,69613,162868
2020-03-03,BRITISH POUND STERLING ,76063,40901,3396,-2168,35162,116964,214672
2020-03-10,BRITISH POUND STERLING ,56077,29749,-19986,-11152,26328,85826,214185
2020-03-17,BRITISH POUND STERLING ,56575,37935,498,8186,18640,94510,182109
2020-03-24,BRITISH POUND STERLING ,46534,35650,-10041,-2285,10884,82184,179552
2020-03-31,BRITISH POUND STERLING ,37149,32156,-9385,-3494,4993,69305,165226
2020-02-04,BRITISH POUND STERLING ,59659,46672,-2228,2474,12987,106331,208165
2020-02-11,BRITISH POUND STERLING ,65006,43922,5347,-2750,21084,108928,212228
2020-02-18,BRITISH POUND STERLING ,72784,43526,7778,-396,29258,116310,216933
2020-02-25,BRITISH POUND STERLING ,72667,43069,-117,-457,29598,115736,211321
2020-01-07,BRITISH POUND STERLING ,67403,50893,2829,-1288,16510,118296,197490
2020-01-14,BRITISH POUND STERLING ,68816,37284,1413,-13609,31532,106100,196536
2020-01-21,BRITISH POUND STERLING ,64256,39334,-4560,2050,24922,103590,194625
2020-01-28,BRITISH POUND STERLING ,61887,44198,-2369,4864,17689,106085,203169
2019-12-03,BRITISH POUND STERLING ,47755,77805,9109,2583,-30050,125560,236714
2019-12-10,BRITISH POUND STERLING ,51920,74559,4165,-3246,-22639,126479,256553
2019-12-17,BRITISH POUND STERLING ,59311,65091,7391,-9468,-5780,124402,201586
2019-12-31,BRITISH POUND STERLING ,64574,52181,-4000,-7696,12393,116755,206784
2019-11-05,BRITISH POUND STERLING ,40984,70019,-2173,-5553,-29035,111003,206317
2019-11-12,BRITISH POUND STERLING ,40348,68481,-636,-1538,-28133,108829,209312
2019-11-19,BRITISH POUND STERLING ,39205,71108,-1143,2627,-31903,110313,218042
2019-11-26,BRITISH POUND STERLING ,38646,75222,-559,4114,-36576,113868,223181
2019-10-01,BRITISH POUND STERLING ,27916,105008,3470,-233,-77092,132924,238392
2019-10-08,BRITISH POUND STERLING ,29482,102701,1566,-2307,-73219,132183,246896
2019-10-15,BRITISH POUND STERLING ,25431,98383,-4051,-4318,-72952,123814,243309
2019-10-22,BRITISH POUND STERLING ,35749,88189,10318,-10194,-52440,123938,230224
2019-10-29,BRITISH POUND STERLING ,43157,75572,7408,-12617,-32415,118729,214406
2019-09-03,BRITISH POUND STERLING ,38695,123654,552,-3517,-84959,162349,272396
2019-09-10,BRITISH POUND STERLING ,37903,130136,-792,6482,-92233,168039,283161
2019-09-17,BRITISH POUND STERLING ,21332,107456,-16571,-22680,-86124,128788,230609
2019-09-24,BRITISH POUND STERLING ,24446,105241,3114,-2215,-80795,129687,236081
2019-08-06,BRITISH POUND STERLING ,44716,147418,3349,15901,-102702,192134,296904
2019-08-13,BRITISH POUND STERLING ,33405,129225,-11311,-18193,-95820,162630,273931
2019-08-20,BRITISH POUND STERLING ,33405,125823,0,-3402,-92418,159228,273481
2019-08-27,BRITISH POUND STERLING ,38143,127171,4738,1348,-89028,165314,273650
2019-07-02,BRITISH POUND STERLING ,33647,97891,1588,6895,-64244,131538,224591
2019-07-09,BRITISH POUND STERLING ,36232,109214,2585,11323,-72982,145446,247048
2019-07-16,BRITISH POUND STERLING ,35190,111547,-1042,2333,-76357,146737,253464
2019-07-23,BRITISH POUND STERLING ,31935,110518,-3255,-1029,-78583,142453,248063
2019-07-30,BRITISH POUND STERLING ,41367,131517,9432,20999,-90150,172884,275984
2019-06-04,BRITISH POUND STERLING ,41998,89760,-9798,5968,-47762,131758,220728
2019-06-11,BRITISH POUND STERLING ,33761,78562,-8237,-11198,-44801,112323,221181
2019-06-18,BRITISH POUND STERLING ,33155,85719,-606,7157,-52564,118874,210421
2019-06-25,BRITISH POUND STERLING ,32059,90996,-1096,5277,-58937,123055,207543
2019-05-07,BRITISH POUND STERLING ,45232,52111,-6345,-4134,-6879,97343,154991
2019-05-14,BRITISH POUND STERLING ,49332,52650,4100,539,-3318,101982,156893
2019-05-21,BRITISH POUND STERLING ,45638,71790,-3694,19140,-26152,117428,190191
2019-05-28,BRITISH POUND STERLING ,51796,83792,6158,12002,-31996,135588,213930
2019-04-02,BRITISH POUND STERLING ,39423,49354,5785,7134,-9931,88777,147431
2019-04-09,BRITISH POUND STERLING ,36260,42776,-3163,-6578,-6516,79036,142525
2019-04-16,BRITISH POUND STERLING ,45932,45010,9672,2234,922,90942,148202
2019-04-23,BRITISH POUND STERLING ,54522,56357,8590,11347,-1835,110879,157851
2019-04-30,BRITISH POUND STERLING ,51577,56245,-2945,-112,-4668,107822,161764
2019-03-05,BRITISH POUND STERLING ,34620,69549,-5123,-9457,-34929,104169,193497
2019-03-12,BRITISH POUND STERLING ,29927,66623,-4693,-2926,-36696,96550,191938
2019-03-19,BRITISH POUND STERLING ,30157,43931,230,-22692,-13774,74088,140283
2019-03-26,BRITISH POUND STERLING ,33638,42220,3481,-1711,-8582,75858,142957
2019-02-05,BRITISH POUND STERLING ,35111,68855,-4160,-5612,-33744,103966,196616
2019-02-12,BRITISH POUND STERLING ,30720,73664,-4391,4809,-42944,104384,194998
2019-02-19,BRITISH POUND STERLING ,33266,80794,2546,7130,-47528,114060,201904
2019-02-26,BRITISH POUND STERLING ,39743,79006,6477,-1788,-39263,118749,202065
2019-01-08,BRITISH POUND STERLING ,27670,87762,-8112,-4934,-60092,115432,210800
2019-01-15,BRITISH POUND STERLING ,31061,91537,3391,3775,-60476,122598,219326
2019-01-22,BRITISH POUND STERLING ,30050,82161,-1011,-9376,-52111,112211,210645
2019-01-29,BRITISH POUND STERLING ,39271,74467,9221,-7694,-35196,113738,206696
2018-12-04,BRITISH POUND STERLING ,43935,83685,6005,6605,-39750,127620,235704
2018-12-11,BRITISH POUND STERLING ,47649,90068,3714,6383,-42419,137717,255703
2018-12-18,BRITISH POUND STERLING ,29162,89885,-18487,-183,-60723,119047,204948
2018-12-24,BRITISH POUND STERLING ,35076,91555,5914,1670,-56479,126631,212023
2018-12-31,BRITISH POUND STERLING ,35782,92696,706,1141,-56914,128478,212470
2018-11-06,BRITISH POUND STERLING ,31670,88469,-4108,209,-56799,120139,227514
2018-11-13,BRITISH POUND STERLING ,38606,85713,6936,-2756,-47107,124319,229052
2018-11-20,BRITISH POUND STERLING ,37710,81188,-896,-4525,-43478,118898,227556
2018-11-27,BRITISH POUND STERLING ,37930,77080,220,-4108,-39150,115010,227895
2018-10-02,BRITISH POUND STERLING ,30786,90126,-3982,-11720,-59340,120912,210495
2018-10-09,BRITISH POUND STERLING ,30186,90693,-600,567,-60507,120879,210549
2018-10-16,BRITISH POUND STERLING ,32153,82506,1967,-8187,-50353,114659,210108
2018-10-23,BRITISH POUND STERLING ,33299,80296,1146,-2210,-46997,113595,221303
2018-10-30,BRITISH POUND STERLING ,35778,88260,2479,7964,-52482,124038,233339
2018-09-04,BRITISH POUND STERLING ,64040,133653,5378,-1937,-69613,197693,261700
2018-09-11,BRITISH POUND STERLING ,65982,127161,1942,-6492,-61179,193143,279503
2018-09-18,BRITISH POUND STERLING ,32856,112114,-33126,-15047,-79258,144970,229637
2018-09-29,BRITISH POUND STERLING ,34768,101846,1912,-10268,-67078,136614,225082
2018-08-07,BRITISH POUND STERLING ,43930,102782,8929,20395,-58852,146712,219746
2018-08-14,BRITISH POUND STERLING ,60028,120769,16098,17987,-60741,180797,245490
2018-08-21,BRITISH POUND STERLING ,68091,140429,8063,19660,-72338,208520,267219
2018-08-28,BRITISH POUND STERLING ,58662,135590,-9429,-4839,-76928,194252,260228
2018-07-03,BRITISH POUND STERLING ,43775,72556,2284,9484,-28781,116331,184402
2018-07-10,BRITISH POUND STERLING ,32043,72446,-11732,-110,-40403,104489,178633
2018-07-17,BRITISH POUND STERLING ,40841,79593,8798,7147,-38752,120434,187151
2018-07-24,BRITISH POUND STERLING ,32178,78921,-8663,-672,-46743,111099,191590
2018-07-31,BRITISH POUND STERLING ,35001,82387,2823,3466,-47386,117388,190296
2018-06-05,BRITISH POUND STERLING ,78577,71232,7520,9652,7345,149809,239409
2018-06-12,BRITISH POUND STERLING ,69254,58285,-9323,-12947,10969,127539,269609
2018-06-19,BRITISH POUND STERLING ,46892,66098,-22362,7813,-19206,112990,172592
2018-06-26,BRITISH POUND STERLING ,41491,63072,-5401,-3026,-21581,104563,169623
2018-05-01,BRITISH POUND STERLING ,84565,58193,-5621,5372,26372,142758,194859
2018-05-08,BRITISH POUND STERLING ,62194,53206,-22371,-4987,8988,115400,188802
2018-05-15,BRITISH POUND STERLING ,61361,55740,-833,2534,5621,117101,190648
2018-05-22,BRITISH POUND STERLING ,56329,50628,-5032,-5112,5701,106957,186517
2018-05-29,BRITISH POUND STERLING ,71057,61580,14728,10952,9477,132637,205778
2018-04-03,BRITISH POUND STERLING ,86643,46305,-3596,-9758,40338,132948,172017
2018-04-10,BRITISH POUND STERLING ,95267,52251,8624,5946,43016,147518,182784
2018-04-17,BRITISH POUND STERLING ,113252,65550,17985,13299,47702,178802,205523
2018-04-24,BRITISH POUND STERLING ,90186,52821,-23066,-12729,37365,143007,183826
2018-03-06,BRITISH POUND STERLING ,61368,56104,-1556,5867,5264,117472,197439
2018-03-13,BRITISH POUND STERLING ,67190,59163,5822,3059,8027,126353,206151
2018-03-20,BRITISH POUND STERLING ,71425,47618,4235,-11545,23807,119043,159183
2018-03-27,BRITISH POUND STERLING ,90239,56063,18814,8445,34176,146302,176947
2018-02-06,BRITISH POUND STERLING ,81698,53831,-13969,-10095,27867,135529,216402
2018-02-13,BRITISH POUND STERLING ,64164,49224,-17534,-4607,14940,113388,193326
2018-02-20,BRITISH POUND STERLING ,57953,50150,-6211,926,7803,108103,188118
2018-02-27,BRITISH POUND STERLING ,62924,50237,4971,87,12687,113161,196913
2018-01-02,BRITISH POUND STERLING ,93611,77376,17257,13698,16235,170987,211627
2018-01-09,BRITISH POUND STERLING ,85039,59547,-8572,-17829,25492,144586,203484
2018-01-16,BRITISH POUND STERLING ,84661,58457,-378,-1090,26204,143118,218209
2018-01-23,BRITISH POUND STERLING ,99369,66324,14708,7867,33045,165693,236432
2018-01-30,BRITISH POUND STERLING ,95667,63926,-3702,-2398,31741,159593,235080
2017-12-05,BRITISH POUND STERLING ,89270,82864,22721,20888,6406,172134,202693
2017-12-12,BRITISH POUND STERLING ,82611,71223,-6659,-11641,11388,153834,208102
2017-12-19,BRITISH POUND STERLING ,77109,56721,-5502,-14502,20388,133830,183783
2017-12-26,BRITISH POUND STERLING ,76354,63678,-755,6957,12676,140032,190393
2017-11-07,BRITISH POUND STERLING ,50403,59601,-15079,-4636,-9198,110004,177968
2017-11-14,BRITISH POUND STERLING ,53147,57680,2744,-1921,-4533,110827,176727
2017-11-21,BRITISH POUND STERLING ,58358,58658,5211,978,-300,117016,175839
2017-11-28,BRITISH POUND STERLING ,66549,61976,8191,3318,4573,128525,178230
2017-10-03,BRITISH POUND STERLING ,80325,60376,180,-14715,19949,140701,174867
2017-10-10,BRITISH POUND STERLING ,79610,64102,-715,3726,15508,143712,181570
2017-10-17,BRITISH POUND STERLING ,72871,67824,-6739,3722,5047,140695,186473
2017-10-24,BRITISH POUND STERLING ,66162,67647,-6709,-177,-1485,133809,188064
2017-10-31,BRITISH POUND STERLING ,65482,64237,-680,-3410,1245,129719,185123
2017-09-05,BRITISH POUND STERLING ,54454,107381,-5599,-4227,-52927,161835,219048
2017-09-12,BRITISH POUND STERLING ,68938,115023,14484,7642,-46085,183961,273720
2017-09-19,BRITISH POUND STERLING ,76556,86717,7618,-28306,-10161,163273,202582
2017-09-26,BRITISH POUND STERLING ,80145,75091,3589,-11626,5054,155236,195509
2017-08-01,BRITISH POUND STERLING ,58857,88309,6705,9960,-29452,147166,217430
2017-08-08,BRITISH POUND STERLING ,58617,83777,-240,-4532,-25160,142394,208091
2017-08-15,BRITISH POUND STERLING ,63810,95670,5193,11893,-31860,159480,213259
2017-08-22,BRITISH POUND STERLING ,61484,107384,-2326,11714,-45900,168868,216494
2017-08-29,BRITISH POUND STERLING ,60053,111608,-1431,4224,-51555,171661,224031
2017-07-03,BRITISH POUND STERLING ,54025,81792,10318,-1048,-27767,135817,201379
2017-07-11,BRITISH POUND STERLING ,46614,70752,-7411,-11040,-24138,117366,193648
2017-07-18,BRITISH POUND STERLING ,50883,67356,4269,-3396,-16473,118239,200185
2017-07-25,BRITISH POUND STERLING ,52152,78349,1269,10993,-26197,130501,200700
2017-06-06,BRITISH POUND STERLING ,40147,76863,-5427,1638,-36716,117010,248173
2017-06-13,BRITISH POUND STERLING ,40552,79993,405,3130,-39441,120545,269593
2017-06-20,BRITISH POUND STERLING ,50625,88229,10073,8236,-37604,138854,194700
2017-06-27,BRITISH POUND STERLING ,43707,82840,-6918,-5389,-39133,126547,187799
2017-05-02,BRITISH POUND STERLING ,54281,135645,231,-9587,-81364,189926,267230
2017-05-09,BRITISH POUND STERLING ,44910,91708,-9371,-43937,-46798,136618,257225
2017-05-16,BRITISH POUND STERLING ,48369,81364,3459,-10344,-32995,129733,256035
2017-05-23,BRITISH POUND STERLING ,49166,73033,797,-8331,-23867,122199,256257
2017-05-30,BRITISH POUND STERLING ,45574,75225,-3592,2192,-29651,120799,254039
2017-04-04,BRITISH POUND STERLING ,30741,130414,-4314,-8716,-99673,161155,241774
2017-04-11,BRITISH POUND STERLING ,31871,137772,1130,7358,-105901,169643,244188
2017-04-18,BRITISH POUND STERLING ,48348,147838,16477,10066,-99490,196186,261350
2017-04-25,BRITISH POUND STERLING ,54050,145232,5702,-2606,-91182,199282,261711
2017-03-07,BRITISH POUND STERLING ,61847,143284,18518,29284,-81437,205131,262512
2017-03-14,BRITISH POUND STERLING ,42367,149484,-19480,6200,-107117,191851,259945
2017-03-21,BRITISH POUND STERLING ,32586,140430,-9781,-9054,-107844,173016,252480
2017-03-28,BRITISH POUND STERLING ,35055,139130,2469,-1300,-104075,174185,246985
2017-02-07,BRITISH POUND STERLING ,38135,102674,-4097,-1330,-64539,140809,211013
2017-02-14,BRITISH POUND STERLING ,39039,104567,904,1893,-65528,143606,212044
2017-02-21,BRITISH POUND STERLING ,38253,104605,-786,38,-66352,142858,213713
2017-02-28,BRITISH POUND STERLING ,43329,114000,5076,9395,-70671,157329,226882
2017-01-03,BRITISH POUND STERLING ,8565,6420,0,0,2145,14985,225396
2017-01-10,BRITISH POUND STERLING ,56742,122573,1260,2349,-65831,179315,228050
2017-01-17,BRITISH POUND STERLING ,55242,121484,-1500,-1089,-66242,176726,228782
2017-01-24,BRITISH POUND STERLING ,51521,114693,-3721,-6791,-63172,166214,223681
2017-01-31,BRITISH POUND STERLING ,42232,104004,-9289,-10689,-61772,146236,211910
2016-12-06,BRITISH POUND STERLING ,43169,120407,-7637,-8534,-77238,163576,243671
2016-12-13,BRITISH POUND STERLING ,40515,112858,-2654,-7549,-72343,153373,237797
2016-12-20,BRITISH POUND STERLING ,44152,103502,3637,-9356,-59350,147654,205486
2016-12-27,BRITISH POUND STERLING ,50062,107161,5910,3659,-57099,157223,212492
2016-11-01,BRITISH POUND STERLING ,63739,146700,138,-863,-82961,210439,267564
2016-11-08,BRITISH POUND STERLING ,53211,143056,-10528,-3644,-89845,196267,253703
2016-11-15,BRITISH POUND STERLING ,54241,134554,1030,-8502,-80313,188795,248103
2016-11-22,BRITISH POUND STERLING ,54209,128527,-32,-6027,-74318,182736,242916
2016-11-29,BRITISH POUND STERLING ,50806,128941,-3403,414,-78135,179747,244257
2016-10-04,BRITISH POUND STERLING ,56760,154332,8583,18441,-97572,211092,262478
2016-10-11,BRITISH POUND STERLING ,50393,145863,-6367,-8469,-95470,196256,255590
2016-10-18,BRITISH POUND STERLING ,52575,144133,2182,-1730,-91558,196708,255194
2016-10-25,BRITISH POUND STERLING ,63601,147563,11026,3430,-83962,211164,267500
2016-09-06,BRITISH POUND STERLING ,38785,128754,-863,-3379,-89969,167539,255953
2016-09-13,BRITISH POUND STERLING ,40397,123218,1612,-5536,-82821,163615,252539
2016-09-20,BRITISH POUND STERLING ,69233,127919,28836,4701,-58686,197152,237759
2016-09-27,BRITISH POUND STERLING ,48177,135891,-21056,7972,-87714,184068,239025
2016-08-02,BRITISH POUND STERLING ,33375,115890,3556,5499,-82515,149265,233265
2016-08-09,BRITISH POUND STERLING ,35523,125605,2148,9715,-90082,161128,243430
2016-08-16,BRITISH POUND STERLING ,35890,130128,367,4523,-94238,166018,248568
2016-08-23,BRITISH POUND STERLING ,35850,130828,-40,700,-94978,166678,247711
2016-08-30,BRITISH POUND STERLING ,39648,132133,3798,1305,-92485,171781,248410
2016-07-05,BRITISH POUND STERLING ,45746,94777,2472,8792,-49031,140523,227939
2016-07-12,BRITISH POUND STERLING ,39999,100066,-5747,5289,-60067,140065,236611
2016-07-19,BRITISH POUND STERLING ,27959,102345,-12040,2279,-74386,130304,225589
2016-07-26,BRITISH POUND STERLING ,29819,110391,1860,8046,-80572,140210,231644
2016-06-07,BRITISH POUND STERLING ,36337,102636,-209,33239,-66299,138973,259238
2016-06-14,BRITISH POUND STERLING ,61706,98367,25369,-4269,-36661,160073,206389
2016-06-21,BRITISH POUND STERLING ,41707,93654,-19999,-4713,-51947,135361,199189
2016-06-28,BRITISH POUND STERLING ,43274,85985,1567,-7669,-42711,129259,206551
2016-05-03,BRITISH POUND STERLING ,46105,86513,5674,-2587,-40408,132618,248180
2016-05-10,BRITISH POUND STERLING ,37628,72563,-8477,-13950,-34935,110191,238519
2016-05-17,BRITISH POUND STERLING ,37533,75955,-95,3392,-38422,113488,239158
2016-05-24,BRITISH POUND STERLING ,38557,71392,1024,-4563,-32835,109949,244377
2016-05-31,BRITISH POUND STERLING ,36546,69397,-2011,-1995,-32851,105943,243685
2016-04-05,BRITISH POUND STERLING ,39574,86080,648,7126,-46506,125654,247586
2016-04-12,BRITISH POUND STERLING ,33848,85158,-5726,-922,-51310,119006,236169
2016-04-19,BRITISH POUND STERLING ,32765,87917,-1083,2759,-55152,120682,238195
2016-04-26,BRITISH POUND STERLING ,40431,89100,7666,1183,-48669,129531,243829
2016-03-01,BRITISH POUND STERLING ,38965,78343,3486,9796,-39378,117308,275825
2016-03-08,BRITISH POUND STERLING ,29364,78369,-9601,26,-49005,107733,299048
2016-03-15,BRITISH POUND STERLING ,62876,76495,33512,-1874,-13619,139371,253177
2016-03-22,BRITISH POUND STERLING ,38526,76249,-24350,-246,-37723,114775,246222
2016-03-29,BRITISH POUND STERLING ,38926,78954,400,2705,-40028,117880,250444
2016-02-02,BRITISH POUND STERLING ,32737,77755,-1959,-4478,-45018,110492,270680
2016-02-09,BRITISH POUND STERLING ,31025,67325,-1712,-10430,-36300,98350,255866
2016-02-16,BRITISH POUND STERLING ,36512,72767,5487,5442,-36255,109279,260649
2016-02-23,BRITISH POUND STERLING ,35479,68547,-1033,-4220,-33068,104026,257214
2016-01-05,BRITISH POUND STERLING ,44662,75158,4186,3660,-30496,119820,221993
2016-01-12,BRITISH POUND STERLING ,34294,64815,-10368,-10343,-30521,99109,238868
2016-01-19,BRITISH POUND STERLING ,37863,76442,3569,11627,-38579,114305,259589
2016-01-26,BRITISH POUND STERLING ,34696,82233,-3167,5791,-47537,116929,272798
2015-12-01,BRITISH POUND STERLING ,38403,66661,6081,2083,-28258,105064,187628
2015-12-08,BRITISH POUND STERLING ,41633,65535,3230,-1126,-23902,107168,200245
2015-12-15,BRITISH POUND STERLING ,39121,56041,-2512,-9494,-16920,95162,165845
2015-12-22,BRITISH POUND STERLING ,42075,68736,2954,12695,-26661,110811,194313
2015-12-29,BRITISH POUND STERLING ,40476,71498,-1599,2762,-31022,111974,204038
2015-11-03,BRITISH POUND STERLING ,45775,45587,-2211,1735,188,91362,151194
2015-11-10,BRITISH POUND STERLING ,39369,55139,-6406,9552,-15770,94508,172346
2015-11-17,BRITISH POUND STERLING ,35107,60367,-4262,5228,-25260,95474,175254
2015-11-24,BRITISH POUND STERLING ,32322,64578,-2785,4211,-32256,96900,172390
2015-10-06,BRITISH POUND STERLING ,47700,52233,-2115,371,-4533,99933,160373
2015-10-13,BRITISH POUND STERLING ,44765,52292,-2935,59,-7527,97057,152164
2015-10-20,BRITISH POUND STERLING ,53477,45940,8712,-6352,7537,99417,158043
2015-10-27,BRITISH POUND STERLING ,47986,43852,-5491,-2088,4134,91838,153453
2015-09-01,BRITISH POUND STERLING ,47801,59040,-10250,4288,-11239,106841,170032
2015-09-08,BRITISH POUND STERLING ,43509,61147,-4292,2107,-17638,104656,186994
2015-09-15,BRITISH POUND STERLING ,43206,46825,-303,-14322,-3619,90031,145704
2015-09-22,BRITISH POUND STERLING ,45001,43734,1795,-3091,1267,88735,146573
2015-09-29,BRITISH POUND STERLING ,49815,51862,4814,8128,-2047,101677,155821
2015-08-04,BRITISH POUND STERLING ,45748,52305,1953,-1278,-6557,98053,169224
2015-08-11,BRITISH POUND STERLING ,41751,52122,-3997,-183,-10371,93873,158247
2015-08-18,BRITISH POUND STERLING ,52030,56001,10279,3879,-3971,108031,172083
2015-08-25,BRITISH POUND STERLING ,58051,54752,6021,-1249,3299,112803,176962
2015-07-07,BRITISH POUND STERLING ,39583,62556,-14073,-3859,-22973,102139,168480
2015-07-14,BRITISH POUND STERLING ,32162,56361,-7421,-6195,-24199,88523,157073
2015-07-21,BRITISH POUND STERLING ,35141,56609,2979,248,-21468,91750,164779
2015-07-28,BRITISH POUND STERLING ,43795,53583,8654,-3026,-9788,97378,173295
2015-06-02,BRITISH POUND STERLING ,32769,58427,-1927,-1808,-25658,91196,175291
2015-06-09,BRITISH POUND STERLING ,31014,59291,-1755,864,-28277,90305,181049
2015-06-16,BRITISH POUND STERLING ,33877,59311,2863,20,-25434,93188,146635
2015-06-23,BRITISH POUND STERLING ,51530,73724,17653,14413,-22194,125254,178641
2015-06-30,BRITISH POUND STERLING ,53656,66415,2126,-7309,-12759,120071,181413
2015-05-05,BRITISH POUND STERLING ,34304,59062,1065,-8305,-24758,93366,173468
2015-05-12,BRITISH POUND STERLING ,37511,68280,3207,9218,-30769,105791,183586
2015-05-19,BRITISH POUND STERLING ,41132,64494,3621,-3786,-23362,105626,182607
2015-05-26,BRITISH POUND STERLING ,34696,60235,-6436,-4259,-25539,94931,176797
2015-04-07,BRITISH POUND STERLING ,37641,71942,2498,169,-34301,109583,185219
2015-04-14,BRITISH POUND STERLING ,33993,70038,-3648,-1904,-36045,104031,189513
2015-04-21,BRITISH POUND STERLING ,34830,64111,837,-5927,-29281,98941,175066
2015-04-28,BRITISH POUND STERLING ,33239,67367,-1591,3256,-34128,100606,171698
2015-03-03,BRITISH POUND STERLING ,44563,71471,-2178,2860,-26908,116034,165737
2015-03-10,BRITISH POUND STERLING ,48053,80644,3490,9173,-32591,128697,205166
2015-03-17,BRITISH POUND STERLING ,47155,85006,-898,4362,-37851,132161,188238
2015-03-24,BRITISH POUND STERLING ,35938,74495,-11217,-10511,-38557,110433,178140
2015-03-31,BRITISH POUND STERLING ,35143,71773,-795,-2722,-36630,106916,182514
2015-02-03,BRITISH POUND STERLING ,36220,78618,-2429,-5371,-42398,114838,182903
2015-02-10,BRITISH POUND STERLING ,36798,75401,578,-3217,-38603,112199,175966
2015-02-17,BRITISH POUND STERLING ,42999,71797,6201,-3604,-28798,114796,170627
2015-02-24,BRITISH POUND STERLING ,46741,68611,3742,-3186,-21870,115352,169784
2015-01-06,BRITISH POUND STERLING ,39156,64726,4084,10352,-25570,103882,161876
2015-01-13,BRITISH POUND STERLING ,41920,79060,2764,14334,-37140,120980,178563
2015-01-20,BRITISH POUND STERLING ,35319,81027,-6601,1967,-45708,116346,182860
2015-01-27,BRITISH POUND STERLING ,38649,83989,3330,2962,-45340,122638,185350
2014-12-09,BRITISH POUND STERLING ,37695,61297,-861,-8273,-23602,98992,192104
2014-12-16,BRITISH POUND STERLING ,37861,52413,166,-8884,-14552,90274,137581
2014-12-23,BRITISH POUND STERLING ,36615,51848,-1246,-565,-15233,88463,141455
2014-12-30,BRITISH POUND STERLING ,35072,54374,-1543,2526,-19302,89446,143660
2014-11-04,BRITISH POUND STERLING ,43289,50751,2571,3786,-7462,94040,144215
2014-11-11,BRITISH POUND STERLING ,40661,53552,-2628,2801,-12891,94213,151660
2014-11-18,BRITISH POUND STERLING ,42865,65694,2204,12142,-22829,108559,166966
2014-10-07,BRITISH POUND STERLING ,46503,47578,-7740,-3076,-1075,94081,129666
2014-10-14,BRITISH POUND STERLING ,43116,45953,-3387,-1625,-2837,89069,138471
2014-10-21,BRITISH POUND STERLING ,36567,41052,-6549,-4901,-4485,77619,135766
2014-10-28,BRITISH POUND STERLING ,40718,46965,4151,5913,-6247,87683,138661
2014-09-02,BRITISH POUND STERLING ,67538,58090,-3464,2555,9448,125628,238973
2014-09-09,BRITISH POUND STERLING ,81330,54603,13792,-3487,26727,135933,256591
2014-09-16,BRITISH POUND STERLING ,55617,62198,-25713,7595,-6581,117815,134560
2014-09-23,BRITISH POUND STERLING ,53691,54741,-1926,-7457,-1050,108432,134061
2014-09-30,BRITISH POUND STERLING ,54243,50654,552,-4087,3589,104897,132369
2014-08-05,BRITISH POUND STERLING ,66437,54316,-8933,3856,12121,120753,230801
2014-08-12,BRITISH POUND STERLING ,65348,46549,-1089,-7767,18799,111897,223719
2014-08-19,BRITISH POUND STERLING ,72230,58943,6882,12394,13287,131173,237291
2014-08-26,BRITISH POUND STERLING ,71002,55535,-1228,-3408,15467,126537,233435
2014-07-01,BRITISH POUND STERLING ,99929,43517,1831,-4830,56412,143446,255911
2014-07-08,BRITISH POUND STERLING ,86614,44975,-13315,1458,41639,131589,254788
2014-07-15,BRITISH POUND STERLING ,85983,47213,-631,2238,38770,133196,255115
2014-07-22,BRITISH POUND STERLING ,71792,44295,-14191,-2918,27497,116087,241155
2014-07-29,BRITISH POUND STERLING ,75370,50460,3578,6165,24910,125830,237411
2014-06-03,BRITISH POUND STERLING ,79476,44502,1038,1368,34974,123978,239604
2014-06-10,BRITISH POUND STERLING ,85202,49360,5726,4858,35842,134562,271602
2014-06-17,BRITISH POUND STERLING ,100434,47838,15232,-1522,52596,148272,250231
2014-06-24,BRITISH POUND STERLING ,98098,48347,-2336,509,49751,146445,254369
2014-05-06,BRITISH POUND STERLING ,83794,43148,-2119,1469,40646,126942,241264
2014-05-13,BRITISH POUND STERLING ,71168,39413,-12626,-3735,31755,110581,230333
2014-05-20,BRITISH POUND STERLING ,80009,46919,8841,7506,33090,126928,237637
2014-05-27,BRITISH POUND STERLING ,78438,43134,-1571,-3785,35304,121572,238440
2014-04-01,BRITISH POUND STERLING ,75969,42397,9218,5370,33572,118366,211437
2014-04-08,BRITISH POUND STERLING ,91642,45165,15673,2768,46477,136807,226667
2014-04-15,BRITISH POUND STERLING ,87472,36874,-4170,-8291,50598,124346,226688
2014-04-22,BRITISH POUND STERLING ,89692,41892,2220,5018,47800,131584,237055
2014-04-29,BRITISH POUND STERLING ,85913,41679,-3779,-213,44234,127592,236030
2014-03-04,BRITISH POUND STERLING ,71021,41416,-3537,-4340,29605,112437,254013
2014-03-11,BRITISH POUND STERLING ,64553,42554,-6468,1138,21999,107107,250867
2014-03-18,BRITISH POUND STERLING ,64141,38605,-412,-3949,25536,102746,208961
2014-03-25,BRITISH POUND STERLING ,66751,37027,2610,-1578,29724,103778,202115
2014-02-04,BRITISH POUND STERLING ,52098,41147,-11261,-40,10951,93245,202690
2014-02-11,BRITISH POUND STERLING ,53199,42527,1101,1380,10672,95726,204982
2014-02-18,BRITISH POUND STERLING ,76271,53948,23072,11421,22323,130219,241471
2014-02-25,BRITISH POUND STERLING ,74558,45756,-1713,-8192,28802,120314,257037
2014-01-07,BRITISH POUND STERLING ,54679,36501,-7405,-2802,18178,91180,194668
2014-01-14,BRITISH POUND STERLING ,54352,43192,-327,6691,11160,97544,201372
2014-01-21,BRITISH POUND STERLING ,56573,47853,2221,4661,8720,104426,208112
2014-01-28,BRITISH POUND STERLING ,63359,41187,6786,-6666,22172,104546,218738
2013-12-03,BRITISH POUND STERLING ,73962,55593,16993,-985,18369,129555,239371
2013-12-10,BRITISH POUND STERLING ,71015,52586,-2947,-3007,18429,123601,255604
2013-12-17,BRITISH POUND STERLING ,62285,44460,-8730,-8126,17825,106745,191648
2013-12-24,BRITISH POUND STERLING ,62593,48173,308,3713,14420,110766,198063
2013-11-05,BRITISH POUND STERLING ,51186,53578,-6605,5949,-2392,104764,172368
2013-11-12,BRITISH POUND STERLING ,43888,53191,-7298,-387,-9303,97079,171002
2013-11-19,BRITISH POUND STERLING ,53766,55431,9878,2240,-1665,109197,183449
2013-11-26,BRITISH POUND STERLING ,56969,56578,3203,1147,391,113547,214443
2013-10-01,BRITISH POUND STERLING ,47329,45833,-3407,-3729,1496,93162,172422
2013-10-08,BRITISH POUND STERLING ,58681,49910,11352,4077,8771,108591,184643
2013-10-15,BRITISH POUND STERLING ,60100,47869,1419,-2041,12231,107969,183979
2013-10-22,BRITISH POUND STERLING ,59437,45175,-663,-2694,14262,104612,181489
2013-10-29,BRITISH POUND STERLING ,57791,47629,-1646,2454,10162,105420,177427
2013-09-03,BRITISH POUND STERLING ,27943,70989,-2061,2759,-43046,98932,156870
2013-09-10,BRITISH POUND STERLING ,32921,71087,4978,98,-38166,104008,185433
2013-09-17,BRITISH POUND STERLING ,44124,50434,11203,-20653,-6310,94558,141735
2013-09-24,BRITISH POUND STERLING ,50736,49562,6612,-872,1174,100298,163719
2013-08-06,BRITISH POUND STERLING ,22097,68130,1942,-1488,-46033,90227,145387
2013-08-13,BRITISH POUND STERLING ,22209,68730,112,600,-46521,90939,145126
2013-08-20,BRITISH POUND STERLING ,26947,66469,4738,-2261,-39522,93416,138505
2013-08-27,BRITISH POUND STERLING ,30004,68230,3057,1761,-38226,98234,149328
2013-07-02,BRITISH POUND STERLING ,32562,63886,-1857,10038,-31324,96448,131817
2013-07-09,BRITISH POUND STERLING ,31311,65570,-1251,1684,-34259,96881,145033
2013-07-16,BRITISH POUND STERLING ,24634,62080,-6677,-3490,-37446,86714,151127
2013-07-23,BRITISH POUND STERLING ,19135,68788,-5499,6708,-49653,87923,148065
2013-06-04,BRITISH POUND STERLING ,26666,104404,-9555,-6342,-77738,131070,210499
2013-06-11,BRITISH POUND STERLING ,32755,86442,6089,-17962,-53687,119197,219176
2013-06-18,BRITISH POUND STERLING ,47377,67783,14622,-18659,-20406,115160,140550
2013-06-25,BRITISH POUND STERLING ,34419,53848,-12958,-13935,-19429,88267,123602
2013-05-07,BRITISH POUND STERLING ,31542,94628,464,4943,-63086,126170,190781
2013-05-14,BRITISH POUND STERLING ,36975,102330,5433,7702,-65355,139305,198068
2013-05-21,BRITISH POUND STERLING ,33380,110356,-3595,8026,-76976,143736,211098
2013-05-28,BRITISH POUND STERLING ,36221,110746,2841,390,-74525,146967,221612
2013-04-02,BRITISH POUND STERLING ,31815,96835,-6369,-7904,-65020,128650,208425
2013-04-09,BRITISH POUND STERLING ,27104,97073,-4711,238,-69969,124177,204827
2013-04-16,BRITISH POUND STERLING ,34020,95995,6916,-1078,-61975,130015,200884
2013-04-23,BRITISH POUND STERLING ,33989,94101,-31,-1894,-60112,128090,199465
2013-04-30,BRITISH POUND STERLING ,31078,89685,-2911,-4416,-58607,120763,189084
2013-03-05,BRITISH POUND STERLING ,36021,79870,4895,12614,-43849,115891,236181
2013-03-12,BRITISH POUND STERLING ,28833,78633,-7188,-1237,-49800,107466,297130
2013-03-26,BRITISH POUND STERLING ,38184,104739,-864,4211,-66555,142923,214636
2013-02-05,BRITISH POUND STERLING ,51959,50785,-6030,3418,1174,102744,165369
2013-02-12,BRITISH POUND STERLING ,38661,55437,-13298,4652,-16776,94098,167100
2013-02-19,BRITISH POUND STERLING ,40668,64033,2007,8596,-23365,104701,187027
2013-02-26,BRITISH POUND STERLING ,31126,67256,-9542,3223,-36130,98382,205183
2013-01-08,BRITISH POUND STERLING ,60523,34574,-8623,1736,25949,95097,165584
2013-01-15,BRITISH POUND STERLING ,63796,35458,3273,884,28338,99254,163295
2013-01-22,BRITISH POUND STERLING ,60201,42263,-3595,6805,17938,102464,160820
2013-01-29,BRITISH POUND STERLING ,57989,47367,-2212,5104,10622,105356,166060
2012-12-04,BRITISH POUND STERLING ,66050,38780,14943,-2049,27270,104830,178749
2012-12-11,BRITISH POUND STERLING ,64753,36799,-1297,-1981,27954,101552,183628
2012-12-18,BRITISH POUND STERLING ,79375,51339,14622,14540,28036,130714,188472
2012-12-24,BRITISH POUND STERLING ,74466,37145,-4909,-14194,37321,111611,181219
2012-12-31,BRITISH POUND STERLING ,69146,32838,-5320,-4307,36308,101984,174676
2012-11-06,BRITISH POUND STERLING ,57208,37929,-689,3435,19279,95137,164481
2012-11-13,BRITISH POUND STERLING ,45799,37571,-11409,-358,8228,83370,149173
2012-11-20,BRITISH POUND STERLING ,46546,45816,747,8245,730,92362,150722
2012-11-27,BRITISH POUND STERLING ,51107,40829,4561,-4987,10278,91936,157701
2012-10-02,BRITISH POUND STERLING ,64726,34632,3917,960,30094,99358,177746
2012-10-09,BRITISH POUND STERLING ,54190,31618,-10536,-3014,22572,85808,161457
2012-10-16,BRITISH POUND STERLING ,54010,34411,-180,2793,19599,88421,164454
2012-10-23,BRITISH POUND STERLING ,54879,36482,869,2071,18397,91361,155791
2012-10-30,BRITISH POUND STERLING ,57897,34494,3018,-1988,23403,92391,163917
2012-09-04,BRITISH POUND STERLING ,41834,48702,-573,8263,-6868,90536,133755
2012-09-11,BRITISH POUND STERLING ,49312,53678,7478,4976,-4366,102990,181682
2012-09-18,BRITISH POUND STERLING ,52597,38185,3285,-15493,14412,90782,151305
2012-09-25,BRITISH POUND STERLING ,60809,33672,8212,-4513,27137,94481,172103
2012-08-07,BRITISH POUND STERLING ,25764,34039,-5540,925,-8275,59803,115125
2012-08-14,BRITISH POUND STERLING ,32054,32342,6290,-1697,-288,64396,114042
2012-08-21,BRITISH POUND STERLING ,45984,38151,13930,5809,7833,84135,118550
2012-08-28,BRITISH POUND STERLING ,42407,40439,-3577,2288,1968,82846,117034
2012-07-03,BRITISH POUND STERLING ,32208,37561,-3088,1507,-5353,69769,108208
2012-07-10,BRITISH POUND STERLING ,32804,40426,596,2865,-7622,73230,117616
2012-07-17,BRITISH POUND STERLING ,33896,41349,1092,923,-7453,75245,116976
2012-07-24,BRITISH POUND STERLING ,29332,32266,-4564,-9083,-2934,61598,116143
2012-07-31,BRITISH POUND STERLING ,31304,33114,1972,848,-1810,64418,110770
2012-06-05,BRITISH POUND STERLING ,39042,41909,2990,7332,-2867,80951,184583
2012-06-12,BRITISH POUND STERLING ,28017,51129,-11025,9220,-23112,79146,178648
2012-06-19,BRITISH POUND STERLING ,32248,49401,4231,-1728,-17153,81649,121624
2012-06-26,BRITISH POUND STERLING ,35296,36054,3048,-13347,-758,71350,114561
2012-05-01,BRITISH POUND STERLING ,53121,36628,5686,-3271,16493,89749,188288
2012-05-08,BRITISH POUND STERLING ,59697,34358,6576,-2270,25339,94055,199801
2012-05-15,BRITISH POUND STERLING ,57471,32450,-2226,-1908,25021,89921,199270
2012-05-22,BRITISH POUND STERLING ,40842,29502,-16629,-2948,11340,70344,184497
2012-05-29,BRITISH POUND STERLING ,36052,34577,-4790,5075,1475,70629,181435
2012-04-03,BRITISH POUND STERLING ,29262,38069,2653,350,-8807,67331,142660
2012-04-10,BRITISH POUND STERLING ,29777,48561,515,10492,-18784,78338,145522
2012-04-17,BRITISH POUND STERLING ,33221,46272,3444,-2289,-13051,79493,157015
2012-04-24,BRITISH POUND STERLING ,47435,39899,14214,-6373,7536,87334,173368
2012-03-06,BRITISH POUND STERLING ,22308,59407,-4623,9241,-37099,81715,184104
2012-03-13,BRITISH POUND STERLING ,21924,63772,-384,4365,-41848,85696,202880
2012-03-20,BRITISH POUND STERLING ,25951,41803,4027,-21969,-15852,67754,141411
2012-03-27,BRITISH POUND STERLING ,26609,37719,658,-4084,-11110,64328,135147
2012-02-07,BRITISH POUND STERLING ,28161,61283,4463,11371,-33122,89444,195733
2012-02-14,BRITISH POUND STERLING ,29309,69908,1148,8625,-40599,99217,192071
2012-02-21,BRITISH POUND STERLING ,27617,58967,-1692,-10941,-31350,86584,186668
2012-02-28,BRITISH POUND STERLING ,26931,50166,-686,-8801,-23235,77097,176885
2012-01-03,BRITISH POUND STERLING ,27832,59731,2367,5094,-31899,87563,193595
2012-01-10,BRITISH POUND STERLING ,24044,59897,-3788,166,-35853,83941,199855
2012-01-17,BRITISH POUND STERLING ,23373,65007,-671,5110,-41634,88380,211418
2012-01-24,BRITISH POUND STERLING ,16103,47464,-7270,-17543,-31361,63567,190040
2012-01-31,BRITISH POUND STERLING ,23698,49912,7595,2448,-26214,73610,190849
2011-12-06,BRITISH POUND STERLING ,26311,69871,2808,-292,-43560,96182,209514
2011-12-13,BRITISH POUND STERLING ,23782,63291,-2529,-6580,-39509,87073,218203
2011-12-20,BRITISH POUND STERLING ,26533,52472,2751,-10819,-25939,79005,183972
2011-12-27,BRITISH POUND STERLING ,25465,54637,-1068,2165,-29172,80102,183119
2011-11-01,BRITISH POUND STERLING ,24396,71488,5479,2424,-47092,95884,169466
2011-11-08,BRITISH POUND STERLING ,22607,51729,-1789,-19759,-29122,74336,147978
2011-11-15,BRITISH POUND STERLING ,23355,56219,748,4490,-32864,79574,150702
2011-11-22,BRITISH POUND STERLING ,20691,57325,-2664,1106,-36634,78016,160287
2011-11-29,BRITISH POUND STERLING ,23503,70163,2812,12838,-46660,93666,190728
2011-10-04,BRITISH POUND STERLING ,14929,83653,641,5355,-68724,98582,175500
2011-10-11,BRITISH POUND STERLING ,15391,77363,462,-6290,-61972,92754,184709
2011-10-18,BRITISH POUND STERLING ,16946,70172,1555,-7191,-53226,87118,175827
2011-10-25,BRITISH POUND STERLING ,18917,69064,1971,-1108,-50147,87981,171560
2011-09-06,BRITISH POUND STERLING ,30543,43763,-705,12959,-13220,74306,110372
2011-09-13,BRITISH POUND STERLING ,33969,60162,3426,16399,-26193,94131,142120
2011-09-20,BRITISH POUND STERLING ,14106,73861,-19863,13699,-59755,87967,143678
2011-09-27,BRITISH POUND STERLING ,14288,78298,182,4437,-64010,92586,154682
2011-08-02,BRITISH POUND STERLING ,43266,38127,9954,6037,5139,81393,103172
2011-08-09,BRITISH POUND STERLING ,41290,41045,-1976,2918,245,82335,105544
2011-08-16,BRITISH POUND STERLING ,36193,39289,-5097,-1756,-3096,75482,100562
2011-08-23,BRITISH POUND STERLING ,40888,29927,4695,-9362,10961,70815,102177
2011-08-30,BRITISH POUND STERLING ,31248,30804,-9640,877,444,62052,96164
2011-07-05,BRITISH POUND STERLING ,28634,60303,706,14026,-31669,88937,118359
2011-07-12,BRITISH POUND STERLING ,27687,52488,-947,-7815,-24801,80175,121134
2011-07-19,BRITISH POUND STERLING ,26011,32725,-1676,-19763,-6714,58736,98291
2011-07-26,BRITISH POUND STERLING ,33312,32090,7301,-635,1222,65402,97415
2011-06-07,BRITISH POUND STERLING ,33554,35304,1270,1191,-1750,68858,113641
2011-06-14,BRITISH POUND STERLING ,36684,25458,3130,-9846,11226,62142,90719
2011-06-21,BRITISH POUND STERLING ,26763,38123,-9921,12665,-11360,64886,92824
2011-06-28,BRITISH POUND STERLING ,27928,46277,1165,8154,-18349,74205,102414
2011-05-03,BRITISH POUND STERLING ,59735,28928,2868,5644,30807,88663,124003
2011-05-10,BRITISH POUND STERLING ,41368,23250,-18367,-5678,18118,64618,108117
2011-05-17,BRITISH POUND STERLING ,30327,31255,-11041,8005,-928,61582,103753
2011-05-24,BRITISH POUND STERLING ,28090,42233,-2237,10978,-14143,70323,110336
2011-05-31,BRITISH POUND STERLING ,32284,34113,4194,-8120,-1829,66397,108085
2011-04-05,BRITISH POUND STERLING ,53796,21382,23719,-7952,32414,75178,111219
2011-04-12,BRITISH POUND STERLING ,53423,26752,-373,5370,26671,80175,120316
2011-04-19,BRITISH POUND STERLING ,50572,20397,-2851,-6355,30175,70969,108808
2011-04-26,BRITISH POUND STERLING ,56867,23284,6295,2887,33583,80151,118486
2011-03-01,BRITISH POUND STERLING ,52122,26313,-975,9225,25809,78435,126350
2011-03-08,BRITISH POUND STERLING ,54967,21061,2845,-5252,33906,76028,145352
2011-03-15,BRITISH POUND STERLING ,28580,28805,-26387,7744,-225,57385,98181
2011-03-22,BRITISH POUND STERLING ,53348,23624,24768,-5181,29724,76972,117974
2011-03-29,BRITISH POUND STERLING ,30077,29334,-23271,5710,743,59411,104506
2011-02-01,BRITISH POUND STERLING ,46923,24264,10895,-3876,22659,71187,108587
2011-02-08,BRITISH POUND STERLING ,49204,24729,2281,465,24475,73933,111363
2011-02-15,BRITISH POUND STERLING ,68885,16313,19681,-8416,52572,85198,132763
2011-02-22,BRITISH POUND STERLING ,53097,17088,-15788,775,36009,70185,123774
2011-01-04,BRITISH POUND STERLING ,17494,31627,-800,212,-14133,49121,84270
2011-01-11,BRITISH POUND STERLING ,21014,26104,3520,-5523,-5090,47118,86335
2011-01-18,BRITISH POUND STERLING ,31415,25621,10401,-483,5794,57036,90630
2011-01-25,BRITISH POUND STERLING ,36028,28140,4613,2519,7888,64168,96648
2010-12-07,BRITISH POUND STERLING ,14242,27162,-10167,-2111,-12920,41404,86269
2010-12-14,BRITISH POUND STERLING ,12205,20391,-2037,-6771,-8186,32596,67820
2010-12-21,BRITISH POUND STERLING ,14579,22011,2374,1620,-7432,36590,69207
2010-12-28,BRITISH POUND STERLING ,18294,31415,3715,9404,-13121,49709,82141
2010-11-02,BRITISH POUND STERLING ,39900,24718,6899,-3194,15182,64618,91819
2010-11-09,BRITISH POUND STERLING ,41915,20649,2015,-4069,21266,62564,96533
2010-11-16,BRITISH POUND STERLING ,45677,21906,3762,1257,23771,67583,98997
2010-11-23,BRITISH POUND STERLING ,35839,25642,-9838,3736,10197,61481,93914
2010-11-30,BRITISH POUND STERLING ,24409,29273,-11430,3631,-4864,53682,85587
2010-10-05,BRITISH POUND STERLING ,37064,27661,10339,-1258,9403,64725,86536
2010-10-12,BRITISH POUND STERLING ,39870,31804,2806,4143,8066,71674,92868
2010-10-19,BRITISH POUND STERLING ,34708,28912,-5162,-2892,5796,63620,90068
2010-10-26,BRITISH POUND STERLING ,33001,27912,-1707,-1000,5089,60913,86611
2010-09-07,BRITISH POUND STERLING ,21363,37431,-1689,-887,-16068,58794,145712
2010-09-14,BRITISH POUND STERLING ,21108,30235,-255,-7196,-9127,51343,74850
2010-09-21,BRITISH POUND STERLING ,17858,26847,-3250,-3388,-8989,44705,71318
2010-09-28,BRITISH POUND STERLING ,26725,28919,8867,2072,-2194,55644,77713
2010-08-03,BRITISH POUND STERLING ,31058,31308,13951,-3739,-250,62366,135454
2010-08-10,BRITISH POUND STERLING ,35915,30894,4857,-414,5021,66809,142227
2010-08-17,BRITISH POUND STERLING ,31467,35898,-4448,5004,-4431,67365,141441
2010-08-24,BRITISH POUND STERLING ,28511,32876,-2956,-3022,-4365,61387,139333
2010-08-31,BRITISH POUND STERLING ,23052,38318,-5459,5442,-15266,61370,144196
2010-07-06,BRITISH POUND STERLING ,18442,56519,816,4122,-38077,74961,123693
2010-07-13,BRITISH POUND STERLING ,15501,50172,-2941,-6347,-34671,65673,131680
2010-07-20,BRITISH POUND STERLING ,16448,43215,947,-6957,-26767,59663,124904
2010-07-27,BRITISH POUND STERLING ,17107,35047,659,-8168,-17940,52154,122570
2010-06-01,BRITISH POUND STERLING ,11809,82263,847,-3778,-70454,94072,149216
2010-06-08,BRITISH POUND STERLING ,14146,88826,2337,6563,-74680,102972,167076
2010-06-15,BRITISH POUND STERLING ,13081,61215,-1065,-27611,-48134,74296,119301
2010-06-22,BRITISH POUND STERLING ,15921,62267,2840,1052,-46346,78188,125471
2010-06-29,BRITISH POUND STERLING ,17626,52397,1705,-9870,-34771,70023,121233
2010-05-04,BRITISH POUND STERLING ,13062,78678,1428,12378,-65616,91740,133988
2010-05-11,BRITISH POUND STERLING ,10269,82457,-2793,3779,-72188,92726,142670
2010-05-18,BRITISH POUND STERLING ,10492,87237,223,4780,-76745,97729,152357
2010-05-25,BRITISH POUND STERLING ,10962,86041,470,-1196,-75079,97003,151212
2010-04-06,BRITISH POUND STERLING ,14281,73755,2316,-5283,-59474,88036,129290
2010-04-13,BRITISH POUND STERLING ,13390,70781,-891,-2974,-57391,84171,121947
2010-04-20,BRITISH POUND STERLING ,14258,63556,868,-7225,-49298,77814,121340
2010-04-27,BRITISH POUND STERLING ,11634,66300,-2624,2744,-54666,77934,119871
2010-03-02,BRITISH POUND STERLING ,13862,81411,-20,4645,-67549,95273,129123
2010-03-09,BRITISH POUND STERLING ,10417,73890,-3445,-7521,-63473,84307,148562
2010-03-16,BRITISH POUND STERLING ,11731,75718,1314,1828,-63987,87449,121551
2010-03-23,BRITISH POUND STERLING ,11349,82973,-382,7255,-71624,94322,130646
2010-03-30,BRITISH POUND STERLING ,11965,79038,616,-3935,-67073,91003,132818
2010-02-02,BRITISH POUND STERLING ,14611,48579,-464,6351,-33968,63190,95712
2010-02-09,BRITISH POUND STERLING ,14012,66768,-599,18189,-52756,80780,116362
2010-02-16,BRITISH POUND STERLING ,13922,70001,-90,3233,-56079,83923,119085
2010-02-23,BRITISH POUND STERLING ,13882,76766,-40,6765,-62884,90648,125106
2010-01-05,BRITISH POUND STERLING ,18031,51595,-449,3640,-33564,69626,92891
2010-01-12,BRITISH POUND STERLING ,15182,50649,-2849,-946,-35467,65831,89147
2010-01-19,BRITISH POUND STERLING ,21199,41370,6017,-9279,-20171,62569,83337
2010-01-26,BRITISH POUND STERLING ,15075,42228,-6124,858,-27153,57303,86475
2009-12-01,BRITISH POUND STERLING ,23468,34131,648,-44,-10663,57599,89615
2009-12-08,BRITISH POUND STERLING ,17059,33935,-6409,-196,-16876,50994,103496
2009-12-15,BRITISH POUND STERLING ,13810,37254,-3249,3319,-23444,51064,72177
2009-12-22,BRITISH POUND STERLING ,13551,38128,-259,874,-24577,51679,74083
2009-12-29,BRITISH POUND STERLING ,18480,47955,4929,9827,-29475,66435,84792
2009-11-03,BRITISH POUND STERLING ,25102,44007,3366,-9160,-18905,69109,97336
2009-11-09,BRITISH POUND STERLING ,28677,44534,3575,527,-15857,73211,103817
2009-11-17,BRITISH POUND STERLING ,29520,36105,843,-8429,-6585,65625,96616
2009-11-24,BRITISH POUND STERLING ,22820,34175,-6700,-1930,-11355,56995,88875
2009-10-06,BRITISH POUND STERLING ,12636,74742,-3493,10787,-62106,87378,111463
2009-10-13,BRITISH POUND STERLING ,9898,75244,-2738,502,-65346,85142,116449
2009-10-20,BRITISH POUND STERLING ,15644,58962,5746,-16282,-43318,74606,103138
2009-10-27,BRITISH POUND STERLING ,21736,53167,6092,-5795,-31431,74903,95835
2009-09-01,BRITISH POUND STERLING ,23032,40550,-3417,7084,-17518,63582,97615
2009-09-08,BRITISH POUND STERLING ,29336,35296,6304,-5254,-5960,64632,105694
2009-09-15,BRITISH POUND STERLING ,24491,36978,-4845,1682,-12487,61469,67178
2009-09-22,BRITISH POUND STERLING ,17821,49416,-6670,12438,-31595,67237,78452
2009-09-29,BRITISH POUND STERLING ,16129,63955,-1692,14539,-47826,80084,98205
2009-08-04,BRITISH POUND STERLING ,36683,38911,12820,7005,-2228,75594,107366
2009-08-11,BRITISH POUND STERLING ,24568,28824,-12115,-10087,-4256,53392,94413
2009-08-18,BRITISH POUND STERLING ,26849,28507,2281,-317,-1658,55356,94626
2009-08-25,BRITISH POUND STERLING ,26449,33466,-400,4959,-7017,59915,98148
2009-07-07,BRITISH POUND STERLING ,26280,35430,-4758,291,-9150,61710,87303
2009-07-14,BRITISH POUND STERLING ,23263,35917,-3017,487,-12654,59180,90346
2009-07-21,BRITISH POUND STERLING ,27441,33132,4178,-2785,-5691,60573,94151
2009-07-28,BRITISH POUND STERLING ,23863,31906,-3578,-1226,-8043,55769,92133
2009-06-02,BRITISH POUND STERLING ,20137,40297,2413,-2232,-20160,60434,99293
2009-06-09,BRITISH POUND STERLING ,20887,36220,750,-4077,-15333,57107,101196
2009-06-16,BRITISH POUND STERLING ,23982,32456,3095,-3764,-8474,56438,81438
2009-06-23,BRITISH POUND STERLING ,24039,36197,57,3741,-12158,60236,84320
2009-06-30,BRITISH POUND STERLING ,31038,35139,6999,-1058,-4101,66177,92518
2009-05-05,BRITISH POUND STERLING ,20858,43295,3156,2680,-22437,64153,91226
2009-05-12,BRITISH POUND STERLING ,19205,41711,-1653,-1584,-22506,60916,91329
2009-05-19,BRITISH POUND STERLING ,16596,42524,-2609,813,-25928,59120,92870
2009-05-26,BRITISH POUND STERLING ,17724,42529,1128,5,-24805,60253,93484
2009-04-07,BRITISH POUND STERLING ,7150,41612,-1337,1989,-34462,48762,79456
2009-04-14,BRITISH POUND STERLING ,12700,39210,5550,-2402,-26510,51910,83635
2009-04-21,BRITISH POUND STERLING ,15614,39774,2914,564,-24160,55388,83379
2009-04-28,BRITISH POUND STERLING ,17702,40615,2088,841,-22913,58317,84760
2009-03-03,BRITISH POUND STERLING ,14845,40294,4246,1413,-25449,55139,94175
2009-03-10,BRITISH POUND STERLING ,11420,42100,-3425,1806,-30680,53520,113352
2009-03-17,BRITISH POUND STERLING ,7731,40721,-3689,-1379,-32990,48452,76198
2009-03-24,BRITISH POUND STERLING ,9352,40098,1621,-623,-30746,49450,76157
2009-03-31,BRITISH POUND STERLING ,8487,39623,-865,-475,-31136,48110,78516
2009-02-03,BRITISH POUND STERLING ,8890,42313,-807,-4378,-33423,51203,83589
2009-02-10,BRITISH POUND STERLING ,8451,40381,-439,-1932,-31930,48832,80695
2009-02-17,BRITISH POUND STERLING ,10591,41161,2140,780,-30570,51752,83306
2009-02-24,BRITISH POUND STERLING ,10599,38881,8,-2280,-28282,49480,86102
2009-01-06,BRITISH POUND STERLING ,11365,46049,2048,889,-34684,57414,78257
2009-01-13,BRITISH POUND STERLING ,10415,44467,-950,-1582,-34052,54882,75438
2009-01-20,BRITISH POUND STERLING ,7489,46526,-2926,2059,-39037,54015,87698
2009-01-27,BRITISH POUND STERLING ,9697,46691,2208,165,-36994,56388,87433
2008-12-02,BRITISH POUND STERLING ,6199,45424,-1090,-2109,-39225,51623,115876
2008-12-09,BRITISH POUND STERLING ,5892,43318,-307,-2106,-37426,49210,122570
2008-12-16,BRITISH POUND STERLING ,7200,37600,1308,-5718,-30400,44800,64421
2008-12-22,BRITISH POUND STERLING ,8817,40447,1617,2847,-31630,49264,70151
2008-12-30,BRITISH POUND STERLING ,9317,45160,500,4713,-35843,54477,76340
2008-11-04,BRITISH POUND STERLING ,12548,47813,-6043,-3868,-35265,60361,115676
2008-11-11,BRITISH POUND STERLING ,5967,45805,-6581,-2008,-39838,51772,110560
2008-11-18,BRITISH POUND STERLING ,5160,47591,-807,1786,-42431,52751,112652
2008-11-25,BRITISH POUND STERLING ,7289,47533,2129,-58,-40244,54822,117162
2008-10-07,BRITISH POUND STERLING ,20112,55336,624,2812,-35224,75448,101018
2008-10-14,BRITISH POUND STERLING ,15804,47277,-4308,-8059,-31473,63081,101182
2008-10-21,BRITISH POUND STERLING ,16095,52796,291,5519,-36701,68891,116248
2008-10-28,BRITISH POUND STERLING ,18591,51681,2496,-1115,-33090,70272,130716
2008-09-02,BRITISH POUND STERLING ,12504,59789,-3707,-1531,-47285,72293,120499
2008-09-09,BRITISH POUND STERLING ,16511,64031,4007,4242,-47520,80542,127527
2008-09-16,BRITISH POUND STERLING ,18353,67712,1842,3681,-49359,86065,105913
2008-09-23,BRITISH POUND STERLING ,12008,59779,-6345,-7933,-47771,71787,98762
2008-09-30,BRITISH POUND STERLING ,19488,52524,7480,-7255,-33036,72012,101945
2008-08-05,BRITISH POUND STERLING ,21707,47582,-21562,5773,-25875,69289,93022
2008-08-12,BRITISH POUND STERLING ,18886,51832,-2821,4250,-32946,70718,99819
2008-08-19,BRITISH POUND STERLING ,14836,58564,-4050,6732,-43728,73400,109921
2008-08-26,BRITISH POUND STERLING ,16211,61320,1375,2756,-45109,77531,115174
2008-07-01,BRITISH POUND STERLING ,38184,40815,13449,3237,-2631,78999,89850
2008-07-08,BRITISH POUND STERLING ,31256,39554,-6928,-1261,-8298,70810,83736
2008-07-15,BRITISH POUND STERLING ,50345,43922,19089,4368,6423,94267,108703
2008-07-22,BRITISH POUND STERLING ,48513,45191,-1832,1269,3322,93704,107323
2008-07-29,BRITISH POUND STERLING ,43269,41809,-5244,-3382,1460,85078,102737
2008-06-03,BRITISH POUND STERLING ,18580,47608,-3891,249,-29028,66188,162647
2008-06-10,BRITISH POUND STERLING ,28040,49091,9460,1483,-21051,77131,176947
2008-06-17,BRITISH POUND STERLING ,20534,51782,-7506,2691,-31248,72316,88496
2008-06-24,BRITISH POUND STERLING ,24735,37578,4201,-14204,-12843,62313,76375
2008-05-06,BRITISH POUND STERLING ,13874,44311,-7422,-1833,-30437,58185,144702
2008-05-13,BRITISH POUND STERLING ,25873,50677,11999,6366,-24804,76550,165843
2008-05-20,BRITISH POUND STERLING ,22233,47573,-3640,-3104,-25340,69806,160094
2008-05-27,BRITISH POUND STERLING ,22471,47359,238,-214,-24888,69830,164058
2008-04-01,BRITISH POUND STERLING ,34114,36874,-10130,12358,-2760,70988,98868
2008-04-08,BRITISH POUND STERLING ,30945,43505,-3169,6631,-12560,74450,99529
2008-04-15,BRITISH POUND STERLING ,28219,44355,-2726,850,-16136,72574,113459
2008-04-22,BRITISH POUND STERLING ,35044,30381,6825,-13974,4663,65425,115364
2008-04-29,BRITISH POUND STERLING ,21296,46144,-13748,15763,-24848,67440,131121
2008-03-04,BRITISH POUND STERLING ,38013,22299,7371,-4706,15714,60312,100067
2008-03-11,BRITISH POUND STERLING ,45149,23920,7136,1621,21229,69069,109031
2008-03-18,BRITISH POUND STERLING ,49963,20823,4814,-3097,29140,70786,83249
2008-03-25,BRITISH POUND STERLING ,44244,24516,-5719,3693,19728,68760,78111
2008-02-05,BRITISH POUND STERLING ,30757,38566,-8131,5036,-7809,69323,93616
2008-02-12,BRITISH POUND STERLING ,26593,40526,-4164,1960,-13933,67119,96936
2008-02-19,BRITISH POUND STERLING ,25606,37763,-987,-2763,-12157,63369,94673
2008-02-26,BRITISH POUND STERLING ,30642,27005,5036,-10758,3637,57647,95018
2008-01-08,BRITISH POUND STERLING ,30569,33831,1437,1890,-3262,64400,86731
2008-01-15,BRITISH POUND STERLING ,32740,32433,2171,-1398,307,65173,84161
2008-01-22,BRITISH POUND STERLING ,32239,32968,-501,535,-729,65207,93381
2008-01-29,BRITISH POUND STERLING ,38888,33530,6649,562,5358,72418,92484
2007-12-04,BRITISH POUND STERLING ,50879,19351,-5551,-2017,31528,70230,117681
2007-12-11,BRITISH POUND STERLING ,76851,19853,25972,502,56998,96704,157832
2007-12-18,BRITISH POUND STERLING ,32117,20580,-44734,727,11537,52697,66527
2007-12-24,BRITISH POUND STERLING ,34590,25464,2473,4884,9126,60054,74898
2007-12-31,BRITISH POUND STERLING ,29132,31941,-5458,6477,-2809,61073,78638
2007-11-06,BRITISH POUND STERLING ,79840,19514,9356,1958,60326,99354,147306
2007-11-13,BRITISH POUND STERLING ,61661,18036,-18179,-1478,43625,79697,123575
2007-11-20,BRITISH POUND STERLING ,54350,19965,-7311,1929,34385,74315,122587
2007-11-27,BRITISH POUND STERLING ,56430,21368,2080,1403,35062,77798,121270
2007-10-02,BRITISH POUND STERLING ,55395,28841,8015,6018,26554,84236,98589
2007-10-09,BRITISH POUND STERLING ,54137,23649,-1258,-5192,30488,77786,108741
2007-10-16,BRITISH POUND STERLING ,56067,20363,1930,-3286,35704,76430,108213
2007-10-23,BRITISH POUND STERLING ,62712,17291,6645,-3072,45421,80003,124112
2007-10-30,BRITISH POUND STERLING ,70484,17556,7772,265,52928,88040,138550
2007-09-04,BRITISH POUND STERLING ,53176,20602,-2349,-352,32574,73778,125940
2007-09-11,BRITISH POUND STERLING ,62069,20478,8893,-124,41591,82547,143188
2007-09-18,BRITISH POUND STERLING ,38917,25524,-23152,5046,13393,64441,78793
2007-09-25,BRITISH POUND STERLING ,47380,22823,8463,-2701,24557,70203,85124
2007-08-07,BRITISH POUND STERLING ,74315,20182,-15207,-627,54133,94497,125762
2007-08-14,BRITISH POUND STERLING ,58864,17506,-15451,-2676,41358,76370,120623
2007-08-21,BRITISH POUND STERLING ,48830,19691,-10034,2185,29139,68521,117568
2007-08-28,BRITISH POUND STERLING ,55525,20954,6695,1263,34571,76479,123570
2007-07-03,BRITISH POUND STERLING ,122379,24206,3051,1012,98173,146585,164639
2007-07-10,BRITISH POUND STERLING ,112950,24419,-9429,213,88531,137369,156362
2007-07-17,BRITISH POUND STERLING ,123452,25086,10502,667,98366,148538,173222
2007-07-24,BRITISH POUND STERLING ,107615,24111,-15837,-975,83504,131726,158955
2007-07-31,BRITISH POUND STERLING ,89522,20809,-18093,-3302,68713,110331,128722
2007-06-05,BRITISH POUND STERLING ,85999,24139,16051,1601,61860,110138,142314
2007-06-12,BRITISH POUND STERLING ,63644,24227,-22355,88,39417,87871,133395
2007-06-19,BRITISH POUND STERLING ,92943,21250,29299,-2977,71693,114193,133035
2007-06-26,BRITISH POUND STERLING ,119328,23194,26385,1944,96134,142522,159791
2007-05-01,BRITISH POUND STERLING ,88457,24464,-7508,-1435,63993,112921,144051
2007-05-08,BRITISH POUND STERLING ,74982,22985,-13475,-1479,51997,97967,134140
2007-05-15,BRITISH POUND STERLING ,64011,22933,-10971,-52,41078,86944,126092
2007-05-22,BRITISH POUND STERLING ,56493,21155,-7518,-1778,35338,77648,122261
2007-05-29,BRITISH POUND STERLING ,69948,22538,13455,1383,47410,92486,129528
2007-04-03,BRITISH POUND STERLING ,73343,17500,10074,-3191,55843,90843,122932
2007-04-10,BRITISH POUND STERLING ,70095,21678,-3248,4178,48417,91773,120468
2007-04-17,BRITISH POUND STERLING ,83429,23762,13334,2084,59667,107191,134953
2007-04-24,BRITISH POUND STERLING ,95965,25899,12536,2137,70066,121864,148006
2007-03-06,BRITISH POUND STERLING ,57219,29826,-31094,9541,27393,87045,152524
2007-03-13,BRITISH POUND STERLING ,49742,29339,-7477,-487,20403,79081,160560
2007-03-20,BRITISH POUND STERLING ,66091,19962,16349,-9377,46129,86053,111646
2007-03-27,BRITISH POUND STERLING ,63269,20691,-2822,729,42578,83960,111802
2007-02-06,BRITISH POUND STERLING ,106463,13735,18638,2837,92728,120198,162238
2007-02-13,BRITISH POUND STERLING ,66582,17984,-39881,4249,48598,84566,150695
2007-02-20,BRITISH POUND STERLING ,74776,15623,8194,-2361,59153,90399,147702
2007-02-27,BRITISH POUND STERLING ,88313,20285,13537,4662,68028,108598,160234
2007-01-03,BRITISH POUND STERLING ,79060,13903,-7176,1511,65157,92963,137217
2007-01-09,BRITISH POUND STERLING ,69319,10666,-9741,-3237,58653,79985,132731
2007-01-16,BRITISH POUND STERLING ,96664,12346,27345,1680,84318,109010,150691
2007-01-23,BRITISH POUND STERLING ,109941,15213,13277,2867,94728,125154,163961
2007-01-30,BRITISH POUND STERLING ,87825,10898,-22116,-4315,76927,98723,146660
2006-12-05,BRITISH POUND STERLING ,96711,20879,-4353,441,75832,117590,151959
2006-12-12,BRITISH POUND STERLING ,103761,24592,7050,3713,79169,128353,181580
2006-12-19,BRITISH POUND STERLING ,98434,12836,-5327,-11756,85598,111270,149800
2006-12-26,BRITISH POUND STERLING ,86236,12392,-12198,-444,73844,98628,140289
2006-11-07,BRITISH POUND STERLING ,104189,19909,23680,-736,84280,124098,152030
2006-11-14,BRITISH POUND STERLING ,82682,20430,-21507,521,62252,103112,136600
2006-11-21,BRITISH POUND STERLING ,90136,21047,7454,617,69089,111183,140587
2006-11-28,BRITISH POUND STERLING ,101064,20438,10928,-609,80626,121502,154081
2006-10-03,BRITISH POUND STERLING ,62700,17754,-11942,79,44946,80454,104665
2006-10-10,BRITISH POUND STERLING ,44433,24598,-18267,6844,19835,69031,101848
2006-10-17,BRITISH POUND STERLING ,56447,23142,12014,-1456,33305,79589,108510
2006-10-24,BRITISH POUND STERLING ,56205,19040,-242,-4102,37165,75245,101676
2006-10-31,BRITISH POUND STERLING ,80509,20645,24304,1605,59864,101154,126678
2006-09-05,BRITISH POUND STERLING ,63587,9655,-3089,-896,53932,73242,131836
2006-09-12,BRITISH POUND STERLING ,50259,12678,-13328,3023,37581,62937,127633
2006-09-19,BRITISH POUND STERLING ,60218,17265,9959,4587,42953,77483,104255
2006-09-26,BRITISH POUND STERLING ,74642,17675,14424,410,56967,92317,122122
2006-08-01,BRITISH POUND STERLING ,56297,11294,21612,-732,45003,67591,114075
2006-08-08,BRITISH POUND STERLING ,65228,9602,8931,-1692,55626,74830,128112
2006-08-15,BRITISH POUND STERLING ,74152,10956,8924,1354,63196,85108,135944
2006-08-22,BRITISH POUND STERLING ,66586,9770,-7566,-1186,56816,76356,127943
2006-08-29,BRITISH POUND STERLING ,66676,10551,90,781,56125,77227,130539
2006-07-03,BRITISH POUND STERLING ,22169,10306,4460,-832,11863,32475,78658
2006-07-11,BRITISH POUND STERLING ,25268,11519,3099,1213,13749,36787,85671
2006-07-18,BRITISH POUND STERLING ,28460,11383,3192,-136,17077,39843,88080
2006-07-25,BRITISH POUND STERLING ,34685,12026,6225,643,22659,46711,102104
2006-06-06,BRITISH POUND STERLING ,33771,11485,-18194,-783,22286,45256,105314
2006-06-13,BRITISH POUND STERLING ,34221,12127,450,642,22094,46348,126043
2006-06-20,BRITISH POUND STERLING ,29010,5608,-5211,-6519,23402,34618,78491
2006-06-27,BRITISH POUND STERLING ,17709,11138,-11301,5530,6571,28847,78592
2006-05-02,BRITISH POUND STERLING ,34133,15509,-872,-7206,18624,49642,89073
2006-05-09,BRITISH POUND STERLING ,41071,15304,6938,-205,25767,56375,104008
2006-05-16,BRITISH POUND STERLING ,39358,15086,-1713,-218,24272,54444,110006
2006-05-23,BRITISH POUND STERLING ,42928,12370,3570,-2716,30558,55298,114772
2006-05-30,BRITISH POUND STERLING ,51965,12268,9037,-102,39697,64233,112099
2006-04-04,BRITISH POUND STERLING ,14015,24699,1524,5924,-10684,38714,79371
2006-04-11,BRITISH POUND STERLING ,16971,22595,2956,-2104,-5624,39566,79127
2006-04-18,BRITISH POUND STERLING ,27302,22208,10331,-387,5094,49510,83282
2006-04-25,BRITISH POUND STERLING ,35005,22715,7703,507,12290,57720,93662
2006-03-07,BRITISH POUND STERLING ,14981,27325,-74,4081,-12344,42306,105166
2006-03-14,BRITISH POUND STERLING ,10989,25621,-3992,-1704,-14632,36610,70017
2006-03-21,BRITISH POUND STERLING ,13183,18418,2194,-7203,-5235,31601,68099
2006-03-28,BRITISH POUND STERLING ,12491,18775,-692,357,-6284,31266,67999
2006-02-07,BRITISH POUND STERLING ,15492,29554,-5804,6348,-14062,45046,93793
2006-02-14,BRITISH POUND STERLING ,12019,36663,-3473,7109,-24644,48682,99687
2006-02-21,BRITISH POUND STERLING ,14722,34603,2703,-2060,-19881,49325,97217
2006-02-28,BRITISH POUND STERLING ,15055,23244,333,-11359,-8189,38299,98756
2006-01-03,BRITISH POUND STERLING ,13026,28047,3552,6980,-15021,41073,69591
2006-01-10,BRITISH POUND STERLING ,17074,21847,4048,-6200,-4773,38921,77079
2006-01-17,BRITISH POUND STERLING ,17411,20714,337,-1133,-3303,38125,83135
2006-01-24,BRITISH POUND STERLING ,22028,19180,4617,-1534,2848,41208,89537
2006-01-31,BRITISH POUND STERLING ,21296,23206,-732,4026,-1910,44502,94091
2005-12-06,BRITISH POUND STERLING ,15567,41346,4631,-2677,-25779,56913,107224
2005-12-13,BRITISH POUND STERLING ,13586,21442,-1981,-19904,-7856,35028,111268
2005-12-20,BRITISH POUND STERLING ,9425,17617,-4161,-3825,-8192,27042,70230
2005-12-27,BRITISH POUND STERLING ,9474,21067,49,3450,-11593,30541,62736
2005-11-01,BRITISH POUND STERLING ,9163,23472,-3378,-3110,-14309,32635,69583
2005-11-08,BRITISH POUND STERLING ,10489,29859,1326,6387,-19370,40348,80390
2005-11-15,BRITISH POUND STERLING ,10175,33992,-314,4133,-23817,44167,84441
2005-11-22,BRITISH POUND STERLING ,9056,42076,-1119,8084,-33020,51132,89837
2005-11-29,BRITISH POUND STERLING ,10936,44023,1880,1947,-33087,54959,100047
2005-10-04,BRITISH POUND STERLING ,20074,36934,-7507,11916,-16860,57008,89889
2005-10-11,BRITISH POUND STERLING ,13716,36761,-6358,-173,-23045,50477,89400
2005-10-18,BRITISH POUND STERLING ,10591,31641,-3125,-5120,-21050,42232,83729
2005-10-25,BRITISH POUND STERLING ,12541,26582,1950,-5059,-14041,39123,74286
2005-09-06,BRITISH POUND STERLING ,25940,14944,7552,-5655,10996,40884,80522
2005-09-13,BRITISH POUND STERLING ,27410,8935,1470,-6009,18475,36345,91701
2005-09-20,BRITISH POUND STERLING ,24572,13994,-2838,5059,10578,38566,67785
2005-09-27,BRITISH POUND STERLING ,27581,25018,3009,11024,2563,52599,77440
2005-08-02,BRITISH POUND STERLING ,12377,29356,101,-2785,-16979,41733,73519
2005-08-09,BRITISH POUND STERLING ,11090,26599,-1287,-2757,-15509,37689,72461
2005-08-16,BRITISH POUND STERLING ,20459,18101,9369,-8498,2358,38560,72786
2005-08-23,BRITISH POUND STERLING ,21708,16210,1249,-1891,5498,37918,74604
2005-07-05,BRITISH POUND STERLING ,10990,31404,2028,2637,-20414,42394,73218
2005-07-12,BRITISH POUND STERLING ,9067,31648,-1923,244,-22581,40715,74117
2005-07-19,BRITISH POUND STERLING ,11268,36892,2201,5244,-25624,48160,77596
2005-07-26,BRITISH POUND STERLING ,12276,32141,1008,-4751,-19865,44417,75763
2005-06-07,BRITISH POUND STERLING ,14668,23243,322,-2174,-8575,37911,101520
2005-06-14,BRITISH POUND STERLING ,14197,31146,-471,7903,-16949,45343,68775
2005-06-21,BRITISH POUND STERLING ,13979,26898,-218,-4248,-12919,40877,65232
2005-06-28,BRITISH POUND STERLING ,8962,28767,-5017,1869,-19805,37729,66998
2005-05-03,BRITISH POUND STERLING ,25845,5967,-3437,396,19878,31812,88941
2005-05-10,BRITISH POUND STERLING ,25907,5809,62,-158,20098,31716,89238
2005-05-17,BRITISH POUND STERLING ,17615,17181,-8292,11372,434,34796,81490
2005-05-24,BRITISH POUND STERLING ,14760,22170,-2855,4989,-7410,36930,86387
2005-05-31,BRITISH POUND STERLING ,14346,25417,-414,3247,-11071,39763,95073
2005-04-05,BRITISH POUND STERLING ,21540,6056,2953,-657,15484,27596,68416
2005-04-12,BRITISH POUND STERLING ,26824,6453,5284,397,20371,33277,82524
2005-04-19,BRITISH POUND STERLING ,33817,7019,6993,566,26798,40836,86549
2005-04-26,BRITISH POUND STERLING ,29282,5571,-4535,-1448,23711,34853,85465
2005-03-01,BRITISH POUND STERLING ,38182,4663,8813,450,33519,42845,79910
2005-03-08,BRITISH POUND STERLING ,46451,5324,8269,661,41127,51775,99583
2005-03-15,BRITISH POUND STERLING ,42006,4182,-4445,-1142,37824,46188,79439
2005-03-22,BRITISH POUND STERLING ,31332,4677,-10674,495,26655,36009,71769
2005-03-29,BRITISH POUND STERLING ,18587,6713,-12745,2036,11874,25300,66380
2005-02-01,BRITISH POUND STERLING ,19591,2898,975,272,16693,22489,65926
2005-02-08,BRITISH POUND STERLING ,15190,5081,-4401,2183,10109,20271,64686
2005-02-15,BRITISH POUND STERLING ,26973,4734,11783,-347,22239,31707,73291
2005-02-22,BRITISH POUND STERLING ,29369,4213,2396,-521,25156,33582,79178
2005-01-04,BRITISH POUND STERLING ,24458,11935,-8673,-1045,12523,36393,75999
2005-01-11,BRITISH POUND STERLING ,22756,1364,-1702,-10571,21392,24120,66467
2005-01-18,BRITISH POUND STERLING ,21007,2292,-1749,928,18715,23299,64508
2005-01-25,BRITISH POUND STERLING ,18616,2626,-2391,334,15990,21242,63971
