Date,Symbol,Long,Short,Change Long,Change Short,Net positions,Total positions,Open interest
2021-07-13 00:00:00,LEAN HOGS ,107080,37609,2709,3284,69471,144689,262084
2021-07-06 00:00:00,LEAN HOGS ,104371,34325,-4211,-2558,70046,138696,264471
2021-06-01 00:00:00,LEAN HOGS ,120882,40587,3723,3403,80295,161469,297232
2021-06-08 00:00:00,LEAN HOGS ,126762,45399,5880,4812,81363,172161,300816
2021-06-15 00:00:00,LEAN HOGS ,130607,46554,3845,1155,84053,177161,307046
2021-06-22 00:00:00,LEAN HOGS ,115935,38959,-14672,-7595,76976,154894,285781
2021-06-29 00:00:00,LEAN HOGS ,108582,36883,-7353,-2076,71699,145465,268756
2021-05-04 00:00:00,LEAN HOGS ,114305,36723,-159,321,77582,151028,293966
2021-05-11 00:00:00,LEAN HOGS ,110777,36196,-3528,-527,74581,146973,281294
2021-05-18 00:00:00,LEAN HOGS ,110589,33475,-188,-2721,77114,144064,285218
2021-05-25 00:00:00,LEAN HOGS ,117159,37184,6570,3709,79975,154343,295915
2021-04-06 00:00:00,LEAN HOGS ,121642,39435,331,1675,82207,161077,289848
2021-04-13 00:00:00,LEAN HOGS ,123446,38239,1804,-1196,85207,161685,295943
2021-04-20 00:00:00,LEAN HOGS ,115066,35289,-8380,-2950,79777,150355,284085
2021-04-27 00:00:00,LEAN HOGS ,114464,36402,-602,1113,78062,150866,284893
2021-03-02 00:00:00,LEAN HOGS ,107719,33154,2596,-1089,74565,140873,263683
2021-03-09 00:00:00,LEAN HOGS ,111301,32966,3582,-188,78335,144267,264322
2021-03-16 00:00:00,LEAN HOGS ,115538,34271,4237,1305,81267,149809,271314
2021-03-23 00:00:00,LEAN HOGS ,116856,36065,1318,1794,80791,152921,275026
2021-03-30 00:00:00,LEAN HOGS ,121311,37760,4455,1695,83551,159071,284143
2021-02-02 00:00:00,LEAN HOGS ,87497,40620,5844,-215,46877,128117,227431
2021-02-09 00:00:00,LEAN HOGS ,91257,39426,3760,-1194,51831,130683,239769
2021-02-16 00:00:00,LEAN HOGS ,101964,36808,10707,-2618,65156,138772,253274
2021-02-23 00:00:00,LEAN HOGS ,105123,34243,3159,-2565,70880,139366,257886
2021-01-05 00:00:00,LEAN HOGS ,76636,39137,5005,277,37499,115773,201729
2021-01-12 00:00:00,LEAN HOGS ,78419,41434,1783,2297,36985,119853,204541
2021-01-19 00:00:00,LEAN HOGS ,77794,42726,-625,1292,35068,120520,207242
2021-01-26 00:00:00,LEAN HOGS ,81653,40835,3859,-1891,40818,122488,219704
2020-12-01 00:00:00,LEAN HOGS ,71137,32844,693,227,38293,103981,200920
2020-12-08 00:00:00,LEAN HOGS ,72093,37559,956,4715,34534,109652,195206
2020-12-15 00:00:00,LEAN HOGS ,72472,40671,379,3112,31801,113143,190435
2020-12-21 00:00:00,LEAN HOGS ,69871,38704,-2601,-1967,31167,108575,182165
2020-12-29 00:00:00,LEAN HOGS ,71631,38860,1760,156,32771,110491,188563
2020-11-03 00:00:00,LEAN HOGS ,70754,33336,-4741,-1711,37418,104090,215871
2020-11-10 00:00:00,LEAN HOGS ,69743,35506,-1011,2170,34237,105249,205935
2020-11-17 00:00:00,LEAN HOGS ,69684,32802,-59,-2704,36882,102486,202405
2020-11-24 00:00:00,LEAN HOGS ,70444,32617,760,-185,37827,103061,201564
2020-10-06 00:00:00,LEAN HOGS ,80586,39766,-4586,-553,40820,120352,229028
2020-10-13 00:00:00,LEAN HOGS ,80189,40209,-397,443,39980,120398,227587
2020-10-20 00:00:00,LEAN HOGS ,80265,38201,76,-2008,42064,118466,222121
2020-10-27 00:00:00,LEAN HOGS ,75495,35047,-4770,-3154,40448,110542,217922
2020-09-01 00:00:00,LEAN HOGS ,81689,54941,-2015,-2715,26748,136630,217948
2020-09-08 00:00:00,LEAN HOGS ,82833,50578,1144,-4363,32255,133411,219429
2020-09-15 00:00:00,LEAN HOGS ,85099,39739,2266,-10839,45360,124838,221219
2020-09-22 00:00:00,LEAN HOGS ,88836,40851,3737,1112,47985,129687,226900
2020-09-29 00:00:00,LEAN HOGS ,85172,40319,-3664,-532,44853,125491,229457
2020-08-04 00:00:00,LEAN HOGS ,83285,73662,3193,5697,9623,156947,229003
2020-08-11 00:00:00,LEAN HOGS ,85130,67831,1845,-5831,17299,152961,220941
2020-08-18 00:00:00,LEAN HOGS ,81752,62472,-3378,-5359,19280,144224,219063
2020-08-25 00:00:00,LEAN HOGS ,83704,57656,1952,-4816,26048,141360,218420
2020-07-07 00:00:00,LEAN HOGS ,80648,76767,992,-50,3881,157415,230267
2020-07-14 00:00:00,LEAN HOGS ,77810,71801,-2838,-4966,6009,149611,225357
2020-07-21 00:00:00,LEAN HOGS ,77350,67578,-460,-4223,9772,144928,221714
2020-07-28 00:00:00,LEAN HOGS ,80092,67965,2742,387,12127,148057,229148
2020-06-02 00:00:00,LEAN HOGS ,77133,67975,4254,8035,9158,145108,217207
2020-06-09 00:00:00,LEAN HOGS ,75750,68397,-1383,422,7353,144147,219163
2020-06-16 00:00:00,LEAN HOGS ,74402,63426,-1348,-4971,10976,137828,219891
2020-06-23 00:00:00,LEAN HOGS ,77324,67333,2922,3907,9991,144657,222093
2020-06-30 00:00:00,LEAN HOGS ,79656,76817,2332,9484,2839,156473,225597
2020-05-05 00:00:00,LEAN HOGS ,66098,48889,22,192,17209,114987,206073
2020-05-12 00:00:00,LEAN HOGS ,68625,52099,2527,3210,16526,120724,204494
2020-05-19 00:00:00,LEAN HOGS ,69699,55693,1074,3594,14006,125392,208538
2020-05-26 00:00:00,LEAN HOGS ,72879,59940,3180,4247,12939,132819,216933
2020-04-07 00:00:00,LEAN HOGS ,82120,56801,6830,2138,25319,138921,227151
2020-04-14 00:00:00,LEAN HOGS ,81202,56549,-918,-252,24653,137751,230578
2020-04-21 00:00:00,LEAN HOGS ,75000,54195,-6202,-2354,20805,129195,221860
2020-04-28 00:00:00,LEAN HOGS ,66076,48697,-8924,-5498,17379,114773,207887
2020-03-03 00:00:00,LEAN HOGS ,96730,76729,-2740,-6364,20001,173459,287058
2020-03-10 00:00:00,LEAN HOGS ,89433,70014,-7297,-6715,19419,159447,281024
2020-03-17 00:00:00,LEAN HOGS ,82681,65664,-6752,-4350,17017,148345,255651
2020-03-24 00:00:00,LEAN HOGS ,74403,53214,-8278,-12450,21189,127617,230481
2020-03-31 00:00:00,LEAN HOGS ,75290,54663,887,1449,20627,129953,229366
2020-02-04 00:00:00,LEAN HOGS ,97799,88592,9116,5733,9207,186391,292313
2020-02-11 00:00:00,LEAN HOGS ,96817,88802,-982,210,8015,185619,291611
2020-02-18 00:00:00,LEAN HOGS ,101465,90971,4648,2169,10494,192436,301053
2020-02-25 00:00:00,LEAN HOGS ,99470,83093,-1995,-7878,16377,182563,293616
2020-01-07 00:00:00,LEAN HOGS ,82796,76018,93,2323,6778,158814,288334
2020-01-14 00:00:00,LEAN HOGS ,85921,79393,3125,3375,6528,165314,295774
2020-01-21 00:00:00,LEAN HOGS ,88795,80847,2874,1454,7948,169642,302016
2020-01-28 00:00:00,LEAN HOGS ,88683,82859,-112,2012,5824,171542,299824
2019-12-03 00:00:00,LEAN HOGS ,84627,86194,-260,1427,-1567,170821,297770
2019-12-10 00:00:00,LEAN HOGS ,84199,90385,-428,4191,-6186,174584,294761
2019-12-17 00:00:00,LEAN HOGS ,81576,83973,-2623,-6412,-2397,165549,289396
2019-12-31 00:00:00,LEAN HOGS ,82703,73695,965,-3079,9008,156398,282358
2019-11-05 00:00:00,LEAN HOGS ,88417,74691,1230,3905,13726,163108,294009
2019-11-12 00:00:00,LEAN HOGS ,85223,70770,-3194,-3921,14453,155993,290059
2019-11-19 00:00:00,LEAN HOGS ,87013,78871,1790,8101,8142,165884,294483
2019-11-26 00:00:00,LEAN HOGS ,84887,84767,-2126,5896,120,169654,296730
2019-10-01 00:00:00,LEAN HOGS ,92709,64239,4537,-4594,28470,156948,266578
2019-10-08 00:00:00,LEAN HOGS ,88289,64838,-4420,599,23451,153127,277640
2019-10-15 00:00:00,LEAN HOGS ,90550,59188,2261,-5650,31362,149738,282513
2019-10-22 00:00:00,LEAN HOGS ,87280,65909,-3270,6721,21371,153189,281303
2019-10-29 00:00:00,LEAN HOGS ,87187,70786,-93,4877,16401,157973,284603
2019-09-03 00:00:00,LEAN HOGS ,97449,66413,266,2984,31036,163862,271877
2019-09-10 00:00:00,LEAN HOGS ,92558,72239,-4891,5826,20319,164797,273592
2019-09-17 00:00:00,LEAN HOGS ,88749,69987,-3809,-2252,18762,158736,255320
2019-09-24 00:00:00,LEAN HOGS ,88172,68833,-577,-1154,19339,157005,257133
2019-08-06 00:00:00,LEAN HOGS ,105388,57498,-6978,-1783,47890,162886,266909
2019-08-13 00:00:00,LEAN HOGS ,102401,61972,-2987,4474,40429,164373,266924
2019-08-20 00:00:00,LEAN HOGS ,100326,63067,-2075,1095,37259,163393,260024
2019-08-27 00:00:00,LEAN HOGS ,97183,63429,-3143,362,33754,160612,263436
2019-07-02 00:00:00,LEAN HOGS ,106002,56854,-885,3578,49148,162856,297506
2019-07-09 00:00:00,LEAN HOGS ,107035,58925,1033,2071,48110,165960,286935
2019-07-16 00:00:00,LEAN HOGS ,107212,58416,177,-509,48796,165628,284186
2019-07-23 00:00:00,LEAN HOGS ,111819,60548,4607,2132,51271,172367,282567
2019-07-30 00:00:00,LEAN HOGS ,112366,59281,547,-1267,53085,171647,283482
2019-06-04 00:00:00,LEAN HOGS ,106562,49101,-3252,2159,57461,155663,311705
2019-06-11 00:00:00,LEAN HOGS ,105478,51068,-1084,1967,54410,156546,312249
2019-06-18 00:00:00,LEAN HOGS ,104803,48326,-675,-2742,56477,153129,305270
2019-06-25 00:00:00,LEAN HOGS ,106887,53276,2084,4950,53611,160163,295486
2019-05-07 00:00:00,LEAN HOGS ,112302,42616,-1825,-545,69686,154918,308459
2019-05-14 00:00:00,LEAN HOGS ,108659,43095,-3643,479,65564,151754,306386
2019-05-21 00:00:00,LEAN HOGS ,110030,45168,1371,2073,64862,155198,312076
2019-05-28 00:00:00,LEAN HOGS ,109814,46942,-216,1774,62872,156756,316995
2019-04-02 00:00:00,LEAN HOGS ,98786,50627,-2943,-3981,48159,149413,279347
2019-04-09 00:00:00,LEAN HOGS ,108207,46036,9421,-4591,62171,154243,287774
2019-04-16 00:00:00,LEAN HOGS ,110923,40160,2716,-5876,70763,151083,300656
2019-04-23 00:00:00,LEAN HOGS ,112685,40749,1762,589,71936,153434,308433
2019-04-30 00:00:00,LEAN HOGS ,114127,43161,1442,2412,70966,157288,317232
2019-03-05 00:00:00,LEAN HOGS ,80776,86443,2428,2077,-5667,167219,261028
2019-03-12 00:00:00,LEAN HOGS ,73458,76905,-7318,-9538,-3447,150363,257147
2019-03-19 00:00:00,LEAN HOGS ,75834,65730,2376,-11175,10104,141564,272762
2019-03-26 00:00:00,LEAN HOGS ,101729,54608,25895,-11122,47121,156337,284849
2019-02-05 00:00:00,LEAN HOGS ,67426,74635,3832,11180,-7209,142061,221095
2019-02-12 00:00:00,LEAN HOGS ,69993,79753,2567,5118,-9760,149746,235570
2019-02-19 00:00:00,LEAN HOGS ,72294,80019,2301,266,-7725,152313,241939
2019-02-26 00:00:00,LEAN HOGS ,78348,84366,6054,4347,-6018,162714,249119
2019-01-08 00:00:00,LEAN HOGS ,60353,50163,1443,2839,10190,110516,212433
2019-01-15 00:00:00,LEAN HOGS ,59877,51344,-476,1181,8533,111221,203809
2019-01-22 00:00:00,LEAN HOGS ,58804,54480,-1073,3136,4324,113284,205365
2019-01-29 00:00:00,LEAN HOGS ,63594,63455,4790,8975,139,127049,214353
2018-12-04 00:00:00,LEAN HOGS ,69197,46119,124,-3169,23078,115316,214875
2018-12-11 00:00:00,LEAN HOGS ,68663,46542,-534,423,22121,115205,210302
2018-12-18 00:00:00,LEAN HOGS ,63612,41889,-5051,-4653,21723,105501,204633
2018-12-24 00:00:00,LEAN HOGS ,60054,42441,-3558,552,17613,102495,201906
2018-12-31 00:00:00,LEAN HOGS ,58910,47324,-1144,4883,11586,106234,217959
2018-11-06 00:00:00,LEAN HOGS ,67755,58681,-4896,-2662,9074,126436,220776
2018-11-13 00:00:00,LEAN HOGS ,65422,57754,-2333,-927,7668,123176,241054
2018-11-20 00:00:00,LEAN HOGS ,72075,52764,6653,-4990,19311,124839,225896
2018-11-27 00:00:00,LEAN HOGS ,69073,49288,-3002,-3476,19785,118361,225010
2018-10-02 00:00:00,LEAN HOGS ,77316,75547,3298,-292,1769,152863,230243
2018-10-09 00:00:00,LEAN HOGS ,75674,73393,-1642,-2154,2281,149067,228318
2018-10-16 00:00:00,LEAN HOGS ,74470,68354,-1204,-5039,6116,142824,226663
2018-10-23 00:00:00,LEAN HOGS ,69274,65027,-5196,-3327,4247,134301,222363
2018-10-30 00:00:00,LEAN HOGS ,72651,61343,3377,-3684,11308,133994,225949
2018-09-04 00:00:00,LEAN HOGS ,77310,83161,5559,-993,-5851,160471,233019
2018-09-11 00:00:00,LEAN HOGS ,75917,79830,-1393,-3331,-3913,155747,220952
2018-09-18 00:00:00,LEAN HOGS ,75109,78476,-808,-1354,-3367,153585,219574
2018-09-29 00:00:00,LEAN HOGS ,74018,75839,-1091,-2637,-1821,149857,217129
2018-08-07 00:00:00,LEAN HOGS ,80557,108038,4363,5306,-27481,188595,240654
2018-08-14 00:00:00,LEAN HOGS ,80964,105845,407,-2193,-24881,186809,233484
2018-08-21 00:00:00,LEAN HOGS ,73240,90750,-7724,-15095,-17510,163990,224934
2018-08-28 00:00:00,LEAN HOGS ,71751,84154,-1489,-6596,-12403,155905,223977
2018-07-03 00:00:00,LEAN HOGS ,66672,87899,4220,5433,-21227,154571,232067
2018-07-10 00:00:00,LEAN HOGS ,69095,93423,2423,5524,-24328,162518,231235
2018-07-17 00:00:00,LEAN HOGS ,71178,94443,2083,1020,-23265,165621,233211
2018-07-24 00:00:00,LEAN HOGS ,76489,99507,5311,5064,-23018,175996,237711
2018-07-31 00:00:00,LEAN HOGS ,76194,102732,-295,3225,-26538,178926,240318
2018-06-05 00:00:00,LEAN HOGS ,59661,80798,1091,1021,-21137,140459,238817
2018-06-12 00:00:00,LEAN HOGS ,64692,81409,5031,611,-16717,146101,235320
2018-06-19 00:00:00,LEAN HOGS ,61715,78853,-2977,-2556,-17138,140568,229087
2018-06-26 00:00:00,LEAN HOGS ,62452,82466,737,3613,-20014,144918,228339
2018-05-01 00:00:00,LEAN HOGS ,59860,70504,1307,7801,-10644,130364,255180
2018-05-08 00:00:00,LEAN HOGS ,59567,73825,-293,3321,-14258,133392,248638
2018-05-15 00:00:00,LEAN HOGS ,59373,74045,-194,220,-14672,133418,243279
2018-05-22 00:00:00,LEAN HOGS ,59729,78321,356,4276,-18592,138050,241868
2018-05-29 00:00:00,LEAN HOGS ,58570,79777,-1159,1456,-21207,138347,242487
2018-04-03 00:00:00,LEAN HOGS ,71058,67999,-2166,2128,3059,139057,239313
2018-04-10 00:00:00,LEAN HOGS ,66692,70325,-4366,2326,-3633,137017,240460
2018-04-17 00:00:00,LEAN HOGS ,60022,64614,-6670,-5711,-4592,124636,240464
2018-04-24 00:00:00,LEAN HOGS ,65686,62703,5664,-1911,2983,128389,245235
2018-03-06 00:00:00,LEAN HOGS ,65019,49808,-194,2378,15211,114827,223728
2018-03-13 00:00:00,LEAN HOGS ,64098,54700,-921,4892,9398,118798,230506
2018-03-20 00:00:00,LEAN HOGS ,66836,58481,2738,3781,8355,125317,234265
2018-03-27 00:00:00,LEAN HOGS ,73224,65871,6388,7390,7353,139095,239660
2018-02-06 00:00:00,LEAN HOGS ,80489,46084,-6728,8279,34405,126573,237591
2018-02-13 00:00:00,LEAN HOGS ,69355,49180,-11134,3096,20175,118535,235782
2018-02-20 00:00:00,LEAN HOGS ,65465,48738,-3890,-442,16727,114203,227165
2018-02-27 00:00:00,LEAN HOGS ,65213,47430,-252,-1308,17783,112643,230704
2018-01-02 00:00:00,LEAN HOGS ,88805,40437,2275,-1069,48368,129242,242732
2018-01-09 00:00:00,LEAN HOGS ,96162,41327,7357,890,54835,137489,249019
2018-01-16 00:00:00,LEAN HOGS ,96051,40528,-111,-799,55523,136579,245120
2018-01-23 00:00:00,LEAN HOGS ,94154,40597,-1897,69,53557,134751,247313
2018-01-30 00:00:00,LEAN HOGS ,87217,37805,-6937,-2792,49412,125022,242241
2017-12-05 00:00:00,LEAN HOGS ,102084,47167,4507,800,54917,149251,252848
2017-12-12 00:00:00,LEAN HOGS ,97590,47570,-4494,403,50020,145160,242048
2017-12-19 00:00:00,LEAN HOGS ,87743,43454,-9847,-4116,44289,131197,227026
2017-12-26 00:00:00,LEAN HOGS ,86530,41506,-1213,-1948,45024,128036,231633
2017-11-07 00:00:00,LEAN HOGS ,116596,57207,6263,-1095,59389,173803,270132
2017-11-14 00:00:00,LEAN HOGS ,109470,52029,-7126,-5178,57441,161499,268494
2017-11-21 00:00:00,LEAN HOGS ,98740,46724,-10730,-5305,52016,145464,249262
2017-11-28 00:00:00,LEAN HOGS ,97577,46367,-1163,-357,51210,143944,250548
2017-10-03 00:00:00,LEAN HOGS ,91688,53053,1847,-11469,38635,144741,257477
2017-10-10 00:00:00,LEAN HOGS ,93116,51125,1428,-1928,41991,144241,251522
2017-10-17 00:00:00,LEAN HOGS ,94724,50428,1608,-697,44296,145152,249055
2017-10-24 00:00:00,LEAN HOGS ,100955,54395,6231,3967,46560,155350,251828
2017-10-31 00:00:00,LEAN HOGS ,110333,58302,9378,3907,52031,168635,263428
2017-09-05 00:00:00,LEAN HOGS ,93587,54348,-3586,1056,39239,147935,246850
2017-09-12 00:00:00,LEAN HOGS ,90342,61681,-3245,7333,28661,152023,249335
2017-09-19 00:00:00,LEAN HOGS ,91464,65177,1122,3496,26287,156641,266254
2017-09-26 00:00:00,LEAN HOGS ,89841,64522,-1623,-655,25319,154363,262832
2017-08-01 00:00:00,LEAN HOGS ,103824,48786,-3643,2152,55038,152610,264070
2017-08-08 00:00:00,LEAN HOGS ,107312,51315,3488,2529,55997,158627,264036
2017-08-15 00:00:00,LEAN HOGS ,117237,57479,9925,6164,59758,174716,276055
2017-08-22 00:00:00,LEAN HOGS ,104821,51305,-12416,-6174,53516,156126,254173
2017-08-29 00:00:00,LEAN HOGS ,97173,53292,-7648,1987,43881,150465,249394
2017-07-03 00:00:00,LEAN HOGS ,106732,48057,10677,2836,58675,154789,271088
2017-07-11 00:00:00,LEAN HOGS ,116381,51807,9649,3750,64574,168188,279523
2017-07-18 00:00:00,LEAN HOGS ,115959,52648,-422,841,63311,168607,275444
2017-07-25 00:00:00,LEAN HOGS ,107467,46634,-8492,-6014,60833,154101,269083
2017-06-06 00:00:00,LEAN HOGS ,99747,46468,6218,3557,53279,146215,249335
2017-06-13 00:00:00,LEAN HOGS ,101508,46706,1761,238,54802,148214,254077
2017-06-20 00:00:00,LEAN HOGS ,95634,44055,-5874,-2651,51579,139689,245282
2017-06-27 00:00:00,LEAN HOGS ,96055,45221,421,1166,50834,141276,257528
2017-05-02 00:00:00,LEAN HOGS ,70056,58452,2493,-1189,11604,128508,221089
2017-05-09 00:00:00,LEAN HOGS ,73917,50491,3861,-7961,23426,124408,212259
2017-05-16 00:00:00,LEAN HOGS ,78556,47903,4639,-2588,30653,126459,220752
2017-05-23 00:00:00,LEAN HOGS ,87062,42598,8506,-5305,44464,129660,227554
2017-05-30 00:00:00,LEAN HOGS ,93529,42911,6467,313,50618,136440,239007
2017-04-04 00:00:00,LEAN HOGS ,70555,46891,-225,4645,23664,117446,203853
2017-04-11 00:00:00,LEAN HOGS ,70471,52552,-84,5661,17919,123023,204759
2017-04-18 00:00:00,LEAN HOGS ,72892,55458,2421,2906,17434,128350,214782
2017-04-25 00:00:00,LEAN HOGS ,67563,59641,-5329,4183,7922,127204,216636
2017-03-07 00:00:00,LEAN HOGS ,75344,44925,-3605,3010,30419,120269,216581
2017-03-14 00:00:00,LEAN HOGS ,74621,44329,-723,-596,30292,118950,216584
2017-03-21 00:00:00,LEAN HOGS ,75714,41491,1093,-2838,34223,117205,217286
2017-03-28 00:00:00,LEAN HOGS ,70780,42246,-4934,755,28534,113026,205451
2017-02-07 00:00:00,LEAN HOGS ,87656,47635,4180,6062,40021,135291,232270
2017-02-14 00:00:00,LEAN HOGS ,89959,48271,2303,636,41688,138230,237466
2017-02-21 00:00:00,LEAN HOGS ,82996,41711,-6963,-6560,41285,124707,229629
2017-02-28 00:00:00,LEAN HOGS ,78949,41915,-4047,204,37034,120864,220881
2017-01-03 00:00:00,LEAN HOGS ,8565,6420,0,0,2145,14985,196202
2017-01-10 00:00:00,LEAN HOGS ,78370,44688,-73,-2230,33682,123058,200591
2017-01-17 00:00:00,LEAN HOGS ,82499,45494,4129,806,37005,127993,218245
2017-01-24 00:00:00,LEAN HOGS ,78467,43513,-4032,-1981,34954,121980,215162
2017-01-31 00:00:00,LEAN HOGS ,83476,41573,5009,-1940,41903,125049,220649
2016-12-06 00:00:00,LEAN HOGS ,81476,70757,-4007,-802,10719,152233,210283
2016-12-13 00:00:00,LEAN HOGS ,85028,61663,3552,-9094,23365,146691,204523
2016-12-20 00:00:00,LEAN HOGS ,80592,47516,-4436,-14147,33076,128108,192541
2016-12-27 00:00:00,LEAN HOGS ,79743,45649,-849,-1867,34094,125392,194794
2016-11-01 00:00:00,LEAN HOGS ,90847,84090,-7832,-12750,6757,174937,223537
2016-11-08 00:00:00,LEAN HOGS ,87457,79951,-3390,-4139,7506,167408,224577
2016-11-15 00:00:00,LEAN HOGS ,84082,75780,-3375,-4171,8302,159862,230369
2016-11-22 00:00:00,LEAN HOGS ,82112,72213,-1970,-3567,9899,154325,225845
2016-11-29 00:00:00,LEAN HOGS ,85483,71559,3371,-654,13924,157042,218089
2016-10-04 00:00:00,LEAN HOGS ,99947,89836,7774,8807,10111,189783,220590
2016-10-11 00:00:00,LEAN HOGS ,101592,93772,1645,3936,7820,195364,230138
2016-10-18 00:00:00,LEAN HOGS ,101936,92737,344,-1035,9199,194673,229977
2016-10-25 00:00:00,LEAN HOGS ,98679,96840,-3257,4103,1839,195519,230736
2016-09-06 00:00:00,LEAN HOGS ,78842,63175,-3039,62,15667,142017,208974
2016-09-13 00:00:00,LEAN HOGS ,82122,65763,3280,2588,16359,147885,208137
2016-09-20 00:00:00,LEAN HOGS ,87625,74952,5503,9189,12673,162577,219128
2016-09-27 00:00:00,LEAN HOGS ,92173,81029,4548,6077,11144,173202,222575
2016-08-02 00:00:00,LEAN HOGS ,88881,55577,1993,6102,33304,144458,224120
2016-08-09 00:00:00,LEAN HOGS ,91469,62939,2588,7362,28530,154408,219821
2016-08-16 00:00:00,LEAN HOGS ,82014,60984,-9455,-1955,21030,142998,206776
2016-08-23 00:00:00,LEAN HOGS ,83151,60406,1137,-578,22745,143557,205125
2016-08-30 00:00:00,LEAN HOGS ,81881,63113,-1270,2707,18768,144994,207484
2016-07-05 00:00:00,LEAN HOGS ,107027,46135,2496,-514,60892,153162,260168
2016-07-12 00:00:00,LEAN HOGS ,95703,43341,-11324,-2794,52362,139044,237160
2016-07-19 00:00:00,LEAN HOGS ,91411,44964,-4292,1623,46447,136375,233835
2016-07-26 00:00:00,LEAN HOGS ,86888,49475,-4523,4511,37413,136363,223501
2016-06-07 00:00:00,LEAN HOGS ,92883,47231,13412,1895,45652,140114,248591
2016-06-14 00:00:00,LEAN HOGS ,108518,53026,15635,5795,55492,161544,266712
2016-06-21 00:00:00,LEAN HOGS ,112984,51482,4466,-1544,61502,164466,266488
2016-06-28 00:00:00,LEAN HOGS ,104531,46649,-8453,-4833,57882,151180,257426
2016-05-03 00:00:00,LEAN HOGS ,83584,43578,5912,-3296,40006,127162,228102
2016-05-10 00:00:00,LEAN HOGS ,87110,43017,3526,-561,44093,130127,230224
2016-05-17 00:00:00,LEAN HOGS ,93850,43370,6740,353,50480,137220,243829
2016-05-24 00:00:00,LEAN HOGS ,80228,44992,-13622,1622,35236,125220,229482
2016-05-31 00:00:00,LEAN HOGS ,79471,45336,-757,344,34135,124807,229073
2016-04-05 00:00:00,LEAN HOGS ,89404,45287,-7070,-582,44117,134691,226021
2016-04-12 00:00:00,LEAN HOGS ,89223,46901,-181,1614,42322,136124,230526
2016-04-19 00:00:00,LEAN HOGS ,80351,44895,-8872,-2006,35456,125246,219320
2016-04-26 00:00:00,LEAN HOGS ,77672,46874,-2679,1979,30798,124546,224126
2016-03-01 00:00:00,LEAN HOGS ,73504,46559,2094,-333,26945,120063,196308
2016-03-08 00:00:00,LEAN HOGS ,78521,49793,5017,3234,28728,128314,199069
2016-03-15 00:00:00,LEAN HOGS ,91495,48312,12974,-1481,43183,139807,220979
2016-03-22 00:00:00,LEAN HOGS ,96478,47345,4983,-967,49133,143823,230984
2016-03-29 00:00:00,LEAN HOGS ,96474,45869,-4,-1476,50605,142343,234354
2016-02-02 00:00:00,LEAN HOGS ,64504,53210,6116,-556,11294,117714,183386
2016-02-09 00:00:00,LEAN HOGS ,69121,53169,4617,-41,15952,122290,193559
2016-02-16 00:00:00,LEAN HOGS ,76389,53988,7268,819,22401,130377,203189
2016-02-23 00:00:00,LEAN HOGS ,71410,46892,-4979,-7096,24518,118302,194332
2016-01-05 00:00:00,LEAN HOGS ,55598,60886,153,-3365,-5288,116484,164890
2016-01-12 00:00:00,LEAN HOGS ,52324,56089,-3274,-4797,-3765,108413,163732
2016-01-19 00:00:00,LEAN HOGS ,54541,55883,2217,-206,-1342,110424,167196
2016-01-26 00:00:00,LEAN HOGS ,58388,53766,3847,-2117,4622,112154,169738
2015-12-01 00:00:00,LEAN HOGS ,69367,75131,-3803,-2705,-5764,144498,195714
2015-12-08 00:00:00,LEAN HOGS ,62342,69885,-7025,-5246,-7543,132227,179003
2015-12-15 00:00:00,LEAN HOGS ,62663,70928,321,1043,-8265,133591,177113
2015-12-22 00:00:00,LEAN HOGS ,56693,67040,-5970,-3888,-10347,123733,165573
2015-12-29 00:00:00,LEAN HOGS ,55445,64251,-1248,-2789,-8806,119696,166456
2015-11-03 00:00:00,LEAN HOGS ,70266,58679,1837,12173,11587,128945,203242
2015-11-10 00:00:00,LEAN HOGS ,74941,72067,4675,13388,2874,147008,205800
2015-11-17 00:00:00,LEAN HOGS ,74045,75958,-896,3891,-1913,150003,203921
2015-11-24 00:00:00,LEAN HOGS ,73170,77836,-875,1878,-4666,151006,203800
2015-10-06 00:00:00,LEAN HOGS ,76387,56293,2946,-523,20094,132680,203106
2015-10-13 00:00:00,LEAN HOGS ,80273,56188,3886,-105,24085,136461,206367
2015-10-20 00:00:00,LEAN HOGS ,74091,48073,-6182,-8115,26018,122164,198987
2015-10-27 00:00:00,LEAN HOGS ,68429,46506,-5662,-1567,21923,114935,195171
2015-09-01 00:00:00,LEAN HOGS ,68680,68385,493,310,295,137065,190466
2015-09-08 00:00:00,LEAN HOGS ,70824,67845,2144,-540,2979,138669,196278
2015-09-15 00:00:00,LEAN HOGS ,70806,64684,-18,-3161,6122,135490,194998
2015-09-22 00:00:00,LEAN HOGS ,70103,59016,-703,-5668,11087,129119,195340
2015-09-29 00:00:00,LEAN HOGS ,73441,56816,3338,-2200,16625,130257,200403
2015-08-04 00:00:00,LEAN HOGS ,75853,74630,2541,-864,1223,150483,208399
2015-08-11 00:00:00,LEAN HOGS ,74100,77180,-1753,2550,-3080,151280,203456
2015-08-18 00:00:00,LEAN HOGS ,69400,69955,-4700,-7225,-555,139355,194978
2015-08-25 00:00:00,LEAN HOGS ,68187,68075,-1213,-1880,112,136262,189941
2015-07-07 00:00:00,LEAN HOGS ,72538,84449,-1157,2027,-11911,156987,225310
2015-07-14 00:00:00,LEAN HOGS ,73632,80315,1094,-4134,-6683,153947,216904
2015-07-21 00:00:00,LEAN HOGS ,70136,75513,-3496,-4802,-5377,145649,200599
2015-07-28 00:00:00,LEAN HOGS ,73312,75494,3176,-19,-2182,148806,204588
2015-06-02 00:00:00,LEAN HOGS ,69979,69913,-2015,2006,66,139892,226296
2015-06-09 00:00:00,LEAN HOGS ,72748,72309,2769,2396,439,145057,225092
2015-06-16 00:00:00,LEAN HOGS ,68188,71903,-4560,-406,-3715,140091,218103
2015-06-23 00:00:00,LEAN HOGS ,74369,79482,6181,7579,-5113,153851,219163
2015-06-30 00:00:00,LEAN HOGS ,73695,82422,-674,2940,-8727,156117,220415
2015-05-05 00:00:00,LEAN HOGS ,69818,73163,4132,-2501,-3345,142981,221306
2015-05-12 00:00:00,LEAN HOGS ,73435,68326,3617,-4837,5109,141761,215460
2015-05-19 00:00:00,LEAN HOGS ,73865,66975,430,-1351,6890,140840,219467
2015-05-26 00:00:00,LEAN HOGS ,71994,67907,-1871,932,4087,139901,221409
2015-04-07 00:00:00,LEAN HOGS ,66473,81527,-3205,2356,-15054,148000,218609
2015-04-14 00:00:00,LEAN HOGS ,65158,77880,-1315,-3647,-12722,143038,214806
2015-04-21 00:00:00,LEAN HOGS ,65241,77679,83,-201,-12438,142920,213764
2015-04-28 00:00:00,LEAN HOGS ,65686,75664,445,-2015,-9978,141350,221128
2015-03-03 00:00:00,LEAN HOGS ,73078,66276,-142,8240,6802,139354,201534
2015-03-10 00:00:00,LEAN HOGS ,75380,65909,2302,-367,9471,141289,204657
2015-03-17 00:00:00,LEAN HOGS ,77544,71849,2164,5940,5695,149393,206418
2015-03-24 00:00:00,LEAN HOGS ,73120,76133,-4424,4284,-3013,149253,212035
2015-03-31 00:00:00,LEAN HOGS ,69678,79171,-3442,3038,-9493,148849,216988
2015-02-03 00:00:00,LEAN HOGS ,76515,54018,828,1430,22497,130533,197570
2015-02-10 00:00:00,LEAN HOGS ,79068,55798,2553,1780,23270,134866,194869
2015-02-17 00:00:00,LEAN HOGS ,75847,59198,-3221,3400,16649,135045,193982
2015-02-24 00:00:00,LEAN HOGS ,73220,58036,-2627,-1162,15184,131256,190945
2015-01-06 00:00:00,LEAN HOGS ,81559,50448,82,2484,31111,132007,214678
2015-01-13 00:00:00,LEAN HOGS ,77638,50570,-3921,122,27068,128208,210629
2015-01-20 00:00:00,LEAN HOGS ,77603,49061,-35,-1509,28542,126664,206585
2015-01-27 00:00:00,LEAN HOGS ,75687,52588,-1916,3527,23099,128275,202956
2014-12-09 00:00:00,LEAN HOGS ,96850,42710,-10380,-1545,54140,139560,218445
2014-12-16 00:00:00,LEAN HOGS ,90552,43016,-6298,306,47536,133568,213052
2014-12-23 00:00:00,LEAN HOGS ,81677,44176,-8875,1160,37501,125853,208408
2014-12-30 00:00:00,LEAN HOGS ,81477,47964,-200,3788,33513,129441,214326
2014-11-04 00:00:00,LEAN HOGS ,91375,40463,-988,2855,50912,131838,225859
2014-11-11 00:00:00,LEAN HOGS ,91989,40367,614,-96,51622,132356,227932
2014-11-18 00:00:00,LEAN HOGS ,98090,39978,6101,-389,58112,138068,229985
2014-10-07 00:00:00,LEAN HOGS ,102711,39810,996,2682,62901,142521,251877
2014-10-14 00:00:00,LEAN HOGS ,103806,38773,1095,-1037,65033,142579,245873
2014-10-21 00:00:00,LEAN HOGS ,94315,38400,-9491,-373,55915,132715,226552
2014-10-28 00:00:00,LEAN HOGS ,92363,37608,-1952,-792,54755,129971,225284
2014-09-02 00:00:00,LEAN HOGS ,84490,33678,-2393,-4900,50812,118168,233509
2014-09-09 00:00:00,LEAN HOGS ,89748,32732,5258,-946,57016,122480,229704
2014-09-16 00:00:00,LEAN HOGS ,97565,34752,7817,2020,62813,132317,241260
2014-09-23 00:00:00,LEAN HOGS ,99691,36925,2126,2173,62766,136616,241522
2014-09-30 00:00:00,LEAN HOGS ,101715,37128,2024,203,64587,138843,249025
2014-08-05 00:00:00,LEAN HOGS ,90440,35566,-5986,-5025,54874,126006,245634
2014-08-12 00:00:00,LEAN HOGS ,86978,32497,-3462,-3069,54481,119475,235289
2014-08-19 00:00:00,LEAN HOGS ,84737,35730,-2241,3233,49007,120467,227916
2014-08-26 00:00:00,LEAN HOGS ,86883,38578,2146,2848,48305,125461,231276
2014-07-01 00:00:00,LEAN HOGS ,99922,37608,-2015,-953,62314,137530,242400
2014-07-08 00:00:00,LEAN HOGS ,97176,39914,-2746,2306,57262,137090,248743
2014-07-15 00:00:00,LEAN HOGS ,103424,44404,6248,4490,59020,147828,256965
2014-07-22 00:00:00,LEAN HOGS ,101306,43163,-2118,-1241,58143,144469,247792
2014-07-29 00:00:00,LEAN HOGS ,96426,40591,-4880,-2572,55835,137017,250667
2014-06-03 00:00:00,LEAN HOGS ,101581,44588,-3486,2799,56993,146169,256318
2014-06-10 00:00:00,LEAN HOGS ,102341,45551,760,963,56790,147892,252508
2014-06-17 00:00:00,LEAN HOGS ,102384,38701,43,-6850,63683,141085,256537
2014-06-24 00:00:00,LEAN HOGS ,101937,38561,-447,-140,63376,140498,244936
2014-05-06 00:00:00,LEAN HOGS ,110597,34444,-3603,443,76153,145041,256924
2014-05-13 00:00:00,LEAN HOGS ,105684,36814,-4913,2370,68870,142498,257590
2014-05-20 00:00:00,LEAN HOGS ,104320,38542,-1364,1728,65778,142862,259607
2014-05-27 00:00:00,LEAN HOGS ,105067,41789,747,3247,63278,146856,258707
2014-04-01 00:00:00,LEAN HOGS ,123651,38306,-2951,834,85345,161957,278269
2014-04-08 00:00:00,LEAN HOGS ,121736,37277,-1915,-1029,84459,159013,272291
2014-04-15 00:00:00,LEAN HOGS ,120644,38409,-1092,1132,82235,159053,272538
2014-04-22 00:00:00,LEAN HOGS ,113623,32453,-7021,-5956,81170,146076,259259
2014-04-29 00:00:00,LEAN HOGS ,114200,34001,577,1548,80199,148201,262872
2014-03-04 00:00:00,LEAN HOGS ,116273,26795,4003,-3725,89478,143068,289979
2014-03-11 00:00:00,LEAN HOGS ,115584,29274,-689,2479,86310,144858,286408
2014-03-18 00:00:00,LEAN HOGS ,117572,34346,1988,5072,83226,151918,290217
2014-03-25 00:00:00,LEAN HOGS ,126602,37472,9030,3126,89130,164074,291342
2014-02-04 00:00:00,LEAN HOGS ,101074,34786,1740,622,66288,135860,265299
2014-02-11 00:00:00,LEAN HOGS ,108009,37212,6935,2426,70797,145221,276745
2014-02-18 00:00:00,LEAN HOGS ,109948,35312,1939,-1900,74636,145260,293293
2014-02-25 00:00:00,LEAN HOGS ,112270,30520,2322,-4792,81750,142790,295504
2014-01-07 00:00:00,LEAN HOGS ,92733,39533,-132,-1731,53200,132266,266167
2014-01-14 00:00:00,LEAN HOGS ,92936,39235,203,-298,53701,132171,265366
2014-01-21 00:00:00,LEAN HOGS ,96207,36903,3271,-2332,59304,133110,271041
2014-01-28 00:00:00,LEAN HOGS ,99334,34164,3127,-2739,65170,133498,264526
2013-12-03 00:00:00,LEAN HOGS ,101520,34027,188,2597,67493,135547,275784
2013-12-10 00:00:00,LEAN HOGS ,98561,34482,-2959,455,64079,133043,269547
2013-12-17 00:00:00,LEAN HOGS ,96403,36580,-2158,2098,59823,132983,260843
2013-12-24 00:00:00,LEAN HOGS ,92143,38486,-4260,1906,53657,130629,257826
2013-11-05 00:00:00,LEAN HOGS ,120004,30778,-7684,-5568,89226,150782,295473
2013-11-12 00:00:00,LEAN HOGS ,119158,30889,-846,111,88269,150047,284107
2013-11-19 00:00:00,LEAN HOGS ,108048,29459,-11110,-1430,78589,137507,272564
2013-11-26 00:00:00,LEAN HOGS ,101332,31430,-6716,1971,69902,132762,276937
2013-10-01 00:00:00,LEAN HOGS ,136676,40353,-7380,-5639,96323,177029,317068
2013-10-08 00:00:00,LEAN HOGS ,137353,43437,677,3084,93916,180790,310342
2013-10-15 00:00:00,LEAN HOGS ,130712,43377,-6641,-60,87335,174089,298937
2013-10-22 00:00:00,LEAN HOGS ,128647,40287,-2065,-3090,88360,168934,295511
2013-10-29 00:00:00,LEAN HOGS ,127688,36346,-959,-3941,91342,164034,305986
2013-09-03 00:00:00,LEAN HOGS ,119546,43098,2821,888,76448,162644,308419
2013-09-10 00:00:00,LEAN HOGS ,134231,44400,14685,1302,89831,178631,324682
2013-09-17 00:00:00,LEAN HOGS ,141666,46081,7435,1681,95585,187747,333950
2013-09-24 00:00:00,LEAN HOGS ,144056,45992,2390,-89,98064,190048,327454
2013-08-06 00:00:00,LEAN HOGS ,120324,51972,4814,-455,68352,172296,308708
2013-08-13 00:00:00,LEAN HOGS ,123737,53925,3413,1953,69812,177662,314494
2013-08-20 00:00:00,LEAN HOGS ,123933,46662,196,-7263,77271,170595,308316
2013-08-27 00:00:00,LEAN HOGS ,116725,42210,-7208,-4452,74515,158935,301720
2013-07-02 00:00:00,LEAN HOGS ,107781,55295,3743,-3243,52486,163076,297404
2013-07-09 00:00:00,LEAN HOGS ,109614,56700,1833,1405,52914,166314,296997
2013-07-16 00:00:00,LEAN HOGS ,113079,59922,3465,3222,53157,173001,289523
2013-07-23 00:00:00,LEAN HOGS ,117032,58346,3953,-1576,58686,175378,296873
2013-07-30 00:00:00,LEAN HOGS ,115510,52427,-1522,-5919,63083,167937,301375
2013-06-04 00:00:00,LEAN HOGS ,88761,65566,7368,8264,23195,154327,265685
2013-06-11 00:00:00,LEAN HOGS ,94650,61997,5889,-3569,32653,156647,278361
2013-06-18 00:00:00,LEAN HOGS ,101084,59010,6434,-2987,42074,160094,282535
2013-06-25 00:00:00,LEAN HOGS ,104038,58538,2954,-472,45500,162576,286772
2013-05-07 00:00:00,LEAN HOGS ,71379,61241,3174,-3117,10138,132620,235977
2013-05-14 00:00:00,LEAN HOGS ,76605,58518,5226,-2723,18087,135123,247218
2013-05-21 00:00:00,LEAN HOGS ,80060,57980,3455,-538,22080,138040,251261
2013-05-28 00:00:00,LEAN HOGS ,81393,57302,1333,-678,24091,138695,259305
2013-04-02 00:00:00,LEAN HOGS ,68171,77369,-354,-2346,-9198,145540,233290
2013-04-09 00:00:00,LEAN HOGS ,66611,70577,-1560,-6792,-3966,137188,227576
2013-04-16 00:00:00,LEAN HOGS ,63479,66816,-3132,-3761,-3337,130295,222423
2013-04-23 00:00:00,LEAN HOGS ,65910,68571,2431,1755,-2661,134481,231896
2013-04-30 00:00:00,LEAN HOGS ,68205,64358,2295,-4213,3847,132563,236849
2013-03-05 00:00:00,LEAN HOGS ,77686,76371,-2628,15663,1315,154057,231967
2013-03-12 00:00:00,LEAN HOGS ,71191,73758,-6495,-2613,-2567,144949,234091
2013-03-26 00:00:00,LEAN HOGS ,68525,79715,-3372,1700,-11190,148240,236396
2013-02-05 00:00:00,LEAN HOGS ,82004,41519,2276,623,40485,123523,235353
2013-02-12 00:00:00,LEAN HOGS ,78564,44791,-3440,3272,33773,123355,229653
2013-02-19 00:00:00,LEAN HOGS ,76305,49072,-2259,4281,27233,125377,219994
2013-02-26 00:00:00,LEAN HOGS ,80314,60708,4009,11636,19606,141022,225067
2013-01-08 00:00:00,LEAN HOGS ,87744,39152,3989,2896,48592,126896,253641
2013-01-15 00:00:00,LEAN HOGS ,80411,44553,-7333,5401,35858,124964,245815
2013-01-22 00:00:00,LEAN HOGS ,75400,43401,-5011,-1152,31999,118801,239008
2013-01-29 00:00:00,LEAN HOGS ,79728,40896,4328,-2505,38832,120624,235811
2012-12-04 00:00:00,LEAN HOGS ,91347,43781,3904,-2023,47566,135128,251870
2012-12-11 00:00:00,LEAN HOGS ,83962,42451,-7385,-1330,41511,126413,241903
2012-12-18 00:00:00,LEAN HOGS ,73966,39094,-9996,-3357,34872,113060,226858
2012-12-24 00:00:00,LEAN HOGS ,80945,39426,6979,332,41519,120371,243122
2012-12-31 00:00:00,LEAN HOGS ,83755,36256,2810,-3170,47499,120011,248085
2012-11-06 00:00:00,LEAN HOGS ,77745,48915,2048,3276,28830,126660,214648
2012-11-13 00:00:00,LEAN HOGS ,82461,47482,4716,-1433,34979,129943,227299
2012-11-20 00:00:00,LEAN HOGS ,83230,43291,769,-4191,39939,126521,240215
2012-11-27 00:00:00,LEAN HOGS ,87443,45804,4213,2513,41639,133247,244993
2012-10-02 00:00:00,LEAN HOGS ,71178,64301,-2253,-6117,6877,135479,223253
2012-10-09 00:00:00,LEAN HOGS ,71390,59017,212,-5284,12373,130407,222585
2012-10-16 00:00:00,LEAN HOGS ,72944,51657,1554,-7360,21287,124601,214198
2012-10-23 00:00:00,LEAN HOGS ,75265,46299,2321,-5358,28966,121564,219932
2012-10-30 00:00:00,LEAN HOGS ,75697,45639,432,-660,30058,121336,216189
2012-09-04 00:00:00,LEAN HOGS ,74395,63251,4002,2751,11144,137646,235417
2012-09-11 00:00:00,LEAN HOGS ,80940,68262,6545,5011,12678,149202,249779
2012-09-18 00:00:00,LEAN HOGS ,81917,74061,977,5799,7856,155978,241316
2012-09-25 00:00:00,LEAN HOGS ,73431,70418,-8486,-3643,3013,143849,225629
2012-08-07 00:00:00,LEAN HOGS ,69231,52938,773,7944,16293,122169,215559
2012-08-14 00:00:00,LEAN HOGS ,74638,58819,5407,5881,15819,133457,228341
2012-08-21 00:00:00,LEAN HOGS ,70731,56953,-3907,-1866,13778,127684,225085
2012-08-28 00:00:00,LEAN HOGS ,70393,60500,-338,3547,9893,130893,230207
2012-07-03 00:00:00,LEAN HOGS ,77529,46025,8227,-4769,31504,123554,253306
2012-07-10 00:00:00,LEAN HOGS ,75253,41449,-2276,-4576,33804,116702,242599
2012-07-17 00:00:00,LEAN HOGS ,68380,45713,-6873,4264,22667,114093,221894
2012-07-24 00:00:00,LEAN HOGS ,64723,44929,-3657,-784,19794,109652,217979
2012-07-31 00:00:00,LEAN HOGS ,68458,44994,3735,65,23464,113452,221692
2012-06-05 00:00:00,LEAN HOGS ,62260,64176,-4903,-15269,-1916,126436,269249
2012-06-12 00:00:00,LEAN HOGS ,67234,57043,4974,-7133,10191,124277,268629
2012-06-19 00:00:00,LEAN HOGS ,71876,53889,4642,-3154,17987,125765,251306
2012-06-26 00:00:00,LEAN HOGS ,69302,50794,-2574,-3095,18508,120096,252332
2012-05-01 00:00:00,LEAN HOGS ,65419,82906,-1901,3501,-17487,148325,269139
2012-05-08 00:00:00,LEAN HOGS ,67913,90849,2494,7943,-22936,158762,267949
2012-05-15 00:00:00,LEAN HOGS ,63102,87429,-4811,-3420,-24327,150531,268866
2012-05-22 00:00:00,LEAN HOGS ,65430,80086,2328,-7343,-14656,145516,265159
2012-05-29 00:00:00,LEAN HOGS ,67163,79445,1733,-641,-12282,146608,270961
2012-04-03 00:00:00,LEAN HOGS ,63980,72875,-4228,1591,-8895,136855,259416
2012-04-10 00:00:00,LEAN HOGS ,63750,70452,-230,-2423,-6702,134202,249364
2012-04-17 00:00:00,LEAN HOGS ,69526,77645,5776,7193,-8119,147171,254266
2012-04-24 00:00:00,LEAN HOGS ,67320,79405,-2206,1760,-12085,146725,267162
2012-03-06 00:00:00,LEAN HOGS ,76943,54110,-5332,1225,22833,131053,268570
2012-03-13 00:00:00,LEAN HOGS ,66308,53917,-10635,-193,12391,120225,256308
2012-03-20 00:00:00,LEAN HOGS ,63499,60415,-2809,6498,3084,123914,259062
2012-03-27 00:00:00,LEAN HOGS ,68208,71284,4709,10869,-3076,139492,265875
2012-02-07 00:00:00,LEAN HOGS ,82923,56636,4644,-3416,26287,139559,254310
2012-02-14 00:00:00,LEAN HOGS ,82368,53514,-555,-3122,28854,135882,255617
2012-02-21 00:00:00,LEAN HOGS ,80230,50614,-2138,-2900,29616,130844,258910
2012-02-28 00:00:00,LEAN HOGS ,82275,52885,2045,2271,29390,135160,266858
2012-01-03 00:00:00,LEAN HOGS ,69465,49282,-771,4070,20183,118747,232846
2012-01-10 00:00:00,LEAN HOGS ,70510,54332,1045,5050,16178,124842,238037
2012-01-17 00:00:00,LEAN HOGS ,73690,56972,3180,2640,16718,130662,240206
2012-01-24 00:00:00,LEAN HOGS ,78559,60867,4869,3895,17692,139426,249939
2012-01-31 00:00:00,LEAN HOGS ,78279,60052,-280,-815,18227,138331,248543
2011-12-06 00:00:00,LEAN HOGS ,87328,34517,1676,-4648,52811,121845,261218
2011-12-13 00:00:00,LEAN HOGS ,80551,34274,-6777,-243,46277,114825,249711
2011-12-20 00:00:00,LEAN HOGS ,72855,38778,-7696,4504,34077,111633,236595
2011-12-27 00:00:00,LEAN HOGS ,70236,45212,-2619,6434,25024,115448,236617
2011-11-01 00:00:00,LEAN HOGS ,92208,35191,-3856,-3013,57017,127399,275395
2011-11-08 00:00:00,LEAN HOGS ,84412,33231,-7796,-1960,51181,117643,252230
2011-11-15 00:00:00,LEAN HOGS ,80976,38591,-3436,5360,42385,119567,249630
2011-11-22 00:00:00,LEAN HOGS ,79958,35807,-1018,-2784,44151,115765,253609
2011-11-29 00:00:00,LEAN HOGS ,85652,39165,5694,3358,46487,124817,264231
2011-10-04 00:00:00,LEAN HOGS ,71301,44260,2969,-4684,27041,115561,260230
2011-10-11 00:00:00,LEAN HOGS ,81445,46621,10144,2361,34824,128066,284202
2011-10-18 00:00:00,LEAN HOGS ,89807,40319,8362,-6302,49488,130126,274068
2011-10-25 00:00:00,LEAN HOGS ,96064,38204,6257,-2115,57860,134268,279577
2011-09-06 00:00:00,LEAN HOGS ,67997,52446,725,5723,15551,120443,252269
2011-09-13 00:00:00,LEAN HOGS ,69804,54488,1807,2042,15316,124292,241956
2011-09-20 00:00:00,LEAN HOGS ,68188,53590,-1616,-898,14598,121778,246474
2011-09-27 00:00:00,LEAN HOGS ,68332,48944,144,-4646,19388,117276,246411
2011-08-02 00:00:00,LEAN HOGS ,77458,48506,3944,-1330,28952,125964,260019
2011-08-09 00:00:00,LEAN HOGS ,76904,48087,-554,-419,28817,124991,259166
2011-08-16 00:00:00,LEAN HOGS ,70312,45608,-6592,-2479,24704,115920,244872
2011-08-23 00:00:00,LEAN HOGS ,68799,46267,-1513,659,22532,115066,251354
2011-08-30 00:00:00,LEAN HOGS ,67272,46723,-1527,456,20549,113995,249760
2011-07-05 00:00:00,LEAN HOGS ,60431,56849,-671,-937,3582,117280,233262
2011-07-12 00:00:00,LEAN HOGS ,69987,56025,9556,-824,13962,126012,244685
2011-07-19 00:00:00,LEAN HOGS ,71797,53142,1810,-2883,18655,124939,244000
2011-07-26 00:00:00,LEAN HOGS ,73514,49836,1717,-3306,23678,123350,247692
2011-06-07 00:00:00,LEAN HOGS ,48995,59368,160,735,-10373,108363,224702
2011-06-14 00:00:00,LEAN HOGS ,49699,60809,704,1441,-11110,110508,217530
2011-06-21 00:00:00,LEAN HOGS ,53396,57361,3697,-3448,-3965,110757,219550
2011-06-28 00:00:00,LEAN HOGS ,61102,57786,7706,425,3316,118888,230340
2011-05-03 00:00:00,LEAN HOGS ,56905,30493,-4244,5714,26412,87398,221571
2011-05-10 00:00:00,LEAN HOGS ,54400,39979,-2505,9486,14421,94379,219122
2011-05-17 00:00:00,LEAN HOGS ,52360,44816,-2040,4837,7544,97176,224601
2011-05-24 00:00:00,LEAN HOGS ,48866,50432,-3494,5616,-1566,99298,220067
2011-05-31 00:00:00,LEAN HOGS ,48835,58633,-31,8201,-9798,107468,222640
2011-04-05 00:00:00,LEAN HOGS ,70635,27023,5320,371,43612,97658,243995
2011-04-12 00:00:00,LEAN HOGS ,66372,26436,-4263,-587,39936,92808,234891
2011-04-19 00:00:00,LEAN HOGS ,63839,24538,-2533,-1898,39301,88377,232397
2011-04-26 00:00:00,LEAN HOGS ,61149,24779,-2690,241,36370,85928,226634
2011-03-01 00:00:00,LEAN HOGS ,74888,29501,621,-1818,45387,104389,238847
2011-03-08 00:00:00,LEAN HOGS ,70652,27590,-4236,-1911,43062,98242,228430
2011-03-15 00:00:00,LEAN HOGS ,64861,24581,-5791,-3009,40280,89442,220518
2011-03-22 00:00:00,LEAN HOGS ,59962,26008,-4899,1427,33954,85970,216359
2011-03-29 00:00:00,LEAN HOGS ,65315,26652,5353,644,38663,91967,231147
2011-02-01 00:00:00,LEAN HOGS ,68703,32256,8748,2738,36447,100959,242344
2011-02-08 00:00:00,LEAN HOGS ,72217,34054,3514,1798,38163,106271,245328
2011-02-15 00:00:00,LEAN HOGS ,74208,30066,1991,-3988,44142,104274,241629
2011-02-22 00:00:00,LEAN HOGS ,74267,31319,59,1253,42948,105586,244999
2011-01-04 00:00:00,LEAN HOGS ,51072,27930,-1156,-1407,23142,79002,205296
2011-01-11 00:00:00,LEAN HOGS ,56455,28526,5383,596,27929,84981,210122
2011-01-18 00:00:00,LEAN HOGS ,60453,29902,3998,1376,30551,90355,217905
2011-01-25 00:00:00,LEAN HOGS ,59955,29518,-498,-384,30437,89473,228835
2010-12-07 00:00:00,LEAN HOGS ,51548,30825,2587,1291,20723,82373,204650
2010-12-14 00:00:00,LEAN HOGS ,50175,30647,-1373,-178,19528,80822,202740
2010-12-21 00:00:00,LEAN HOGS ,47229,33107,-2946,2460,14122,80336,194321
2010-12-28 00:00:00,LEAN HOGS ,52228,29337,4999,-3770,22891,81565,205071
2010-11-02 00:00:00,LEAN HOGS ,48066,30987,-3786,2637,17079,79053,204014
2010-11-09 00:00:00,LEAN HOGS ,47475,35600,-591,4613,11875,83075,199393
2010-11-16 00:00:00,LEAN HOGS ,44272,32503,-3203,-3097,11769,76775,193252
2010-11-23 00:00:00,LEAN HOGS ,44737,29459,465,-3044,15278,74196,197468
2010-11-30 00:00:00,LEAN HOGS ,48961,29534,4224,75,19427,78495,199633
2010-10-05 00:00:00,LEAN HOGS ,67686,28682,-11860,-905,39004,96368,221845
2010-10-12 00:00:00,LEAN HOGS ,65084,27721,-2602,-961,37363,92805,214639
2010-10-19 00:00:00,LEAN HOGS ,59347,30279,-5737,2558,29068,89626,202437
2010-10-26 00:00:00,LEAN HOGS ,51852,28350,-7495,-1929,23502,80202,199243
2010-09-07 00:00:00,LEAN HOGS ,63486,28838,-398,-870,34648,92324,220867
2010-09-14 00:00:00,LEAN HOGS ,69849,31177,6363,2339,38672,101026,225279
2010-09-21 00:00:00,LEAN HOGS ,76999,30897,7150,-280,46102,107896,239432
2010-09-28 00:00:00,LEAN HOGS ,79546,29587,2547,-1310,49959,109133,242655
2010-08-03 00:00:00,LEAN HOGS ,62316,37348,10209,3726,24968,99664,221588
2010-08-10 00:00:00,LEAN HOGS ,61636,32830,-680,-4518,28806,94466,212639
2010-08-17 00:00:00,LEAN HOGS ,56633,32033,-5003,-797,24600,88666,201046
2010-08-24 00:00:00,LEAN HOGS ,63832,31078,7199,-955,32754,94910,218479
2010-08-31 00:00:00,LEAN HOGS ,63884,29708,52,-1370,34176,93592,218852
2010-07-06 00:00:00,LEAN HOGS ,46034,31492,-3401,1169,14542,77526,191486
2010-07-13 00:00:00,LEAN HOGS ,46052,33265,18,1773,12787,79317,189594
2010-07-20 00:00:00,LEAN HOGS ,50216,30653,4164,-2612,19563,80869,199120
2010-07-27 00:00:00,LEAN HOGS ,52107,33622,1891,2969,18485,85729,202084
2010-06-01 00:00:00,LEAN HOGS ,53391,24970,-364,1870,28421,78361,205114
2010-06-08 00:00:00,LEAN HOGS ,43250,26528,-10141,1558,16722,69778,184250
2010-06-15 00:00:00,LEAN HOGS ,44290,29781,1040,3253,14509,74071,182151
2010-06-22 00:00:00,LEAN HOGS ,45631,30251,1341,470,15380,75882,190566
2010-06-29 00:00:00,LEAN HOGS ,49435,30323,3804,72,19112,79758,195408
2010-05-04 00:00:00,LEAN HOGS ,72383,25661,2642,-918,46722,98044,225607
2010-05-11 00:00:00,LEAN HOGS ,69094,27584,-3289,1923,41510,96678,222571
2010-05-18 00:00:00,LEAN HOGS ,62002,26909,-7092,-675,35093,88911,216089
2010-05-25 00:00:00,LEAN HOGS ,53755,23100,-8247,-3809,30655,76855,207008
2010-04-06 00:00:00,LEAN HOGS ,65759,29341,6181,4779,36418,95100,211212
2010-04-13 00:00:00,LEAN HOGS ,71546,30497,5787,1156,41049,102043,221810
2010-04-20 00:00:00,LEAN HOGS ,65779,24993,-5767,-5504,40786,90772,213929
2010-04-27 00:00:00,LEAN HOGS ,69741,26579,3962,1586,43162,96320,221470
2010-03-02 00:00:00,LEAN HOGS ,53495,24127,6808,-1644,29368,77622,189279
2010-03-09 00:00:00,LEAN HOGS ,58386,24193,4891,66,34193,82579,195882
2010-03-16 00:00:00,LEAN HOGS ,59682,24254,1296,61,35428,83936,198552
2010-03-23 00:00:00,LEAN HOGS ,62452,25319,2770,1065,37133,87771,202959
2010-03-30 00:00:00,LEAN HOGS ,59578,24562,-2874,-757,35016,84140,196573
2010-02-02 00:00:00,LEAN HOGS ,48371,25232,-8388,-350,23139,73603,184769
2010-02-09 00:00:00,LEAN HOGS ,48023,26621,-348,1389,21402,74644,183204
2010-02-16 00:00:00,LEAN HOGS ,44882,24895,-3141,-1726,19987,69777,174314
2010-02-23 00:00:00,LEAN HOGS ,46687,25771,1805,876,20916,72458,175302
2010-01-05 00:00:00,LEAN HOGS ,53484,25375,3034,266,28109,78859,185108
2010-01-12 00:00:00,LEAN HOGS ,53552,25059,68,-316,28493,78611,191579
2010-01-19 00:00:00,LEAN HOGS ,58546,26733,4994,1674,31813,85279,199667
2010-01-26 00:00:00,LEAN HOGS ,56759,25582,-1787,-1151,31177,82341,197396
2009-12-01 00:00:00,LEAN HOGS ,48306,26551,3615,-5553,21755,74857,175852
2009-12-08 00:00:00,LEAN HOGS ,49312,25625,1006,-926,23687,74937,179364
2009-12-15 00:00:00,LEAN HOGS ,48445,23731,-867,-1894,24714,72176,171155
2009-12-22 00:00:00,LEAN HOGS ,49457,24292,1012,561,25165,73749,170491
2009-12-29 00:00:00,LEAN HOGS ,50450,25109,993,817,25341,75559,175178
2009-11-03 00:00:00,LEAN HOGS ,42009,38662,4778,-5764,3347,80671,161003
2009-11-09 00:00:00,LEAN HOGS ,45068,38317,3059,-345,6751,83385,162476
2009-11-17 00:00:00,LEAN HOGS ,43063,35310,-2005,-3007,7753,78373,168845
2009-11-24 00:00:00,LEAN HOGS ,44691,32104,1628,-3206,12587,76795,168412
2009-10-06 00:00:00,LEAN HOGS ,30789,55093,-135,3267,-24304,85882,148758
2009-10-13 00:00:00,LEAN HOGS ,34725,49302,3936,-5791,-14577,84027,155679
2009-10-20 00:00:00,LEAN HOGS ,33523,44289,-1202,-5013,-10766,77812,152052
2009-10-27 00:00:00,LEAN HOGS ,37231,44426,3708,137,-7195,81657,157797
2009-09-01 00:00:00,LEAN HOGS ,29778,58068,-571,1493,-28290,87846,141871
2009-09-08 00:00:00,LEAN HOGS ,29391,60776,-387,2708,-31385,90167,144807
2009-09-15 00:00:00,LEAN HOGS ,31002,54067,1611,-6709,-23065,85069,145043
2009-09-22 00:00:00,LEAN HOGS ,31940,53547,938,-520,-21607,85487,142958
2009-09-29 00:00:00,LEAN HOGS ,30924,51826,-1016,-1721,-20902,82750,143618
2009-08-04 00:00:00,LEAN HOGS ,25932,48163,-356,327,-22231,74095,126673
2009-08-11 00:00:00,LEAN HOGS ,28010,47578,2078,-585,-19568,75588,128927
2009-08-18 00:00:00,LEAN HOGS ,30591,52124,2581,4546,-21533,82715,130381
2009-08-25 00:00:00,LEAN HOGS ,30349,56575,-242,4451,-26226,86924,133122
2009-07-07 00:00:00,LEAN HOGS ,23400,52879,-160,-262,-29479,76279,133709
2009-07-14 00:00:00,LEAN HOGS ,26795,48827,3395,-4052,-22032,75622,135444
2009-07-21 00:00:00,LEAN HOGS ,27585,46209,790,-2618,-18624,73794,132528
2009-07-28 00:00:00,LEAN HOGS ,26288,47836,-1297,1627,-21548,74124,125840
2009-06-02 00:00:00,LEAN HOGS ,26684,47285,-3363,-943,-20601,73969,140566
2009-06-09 00:00:00,LEAN HOGS ,25252,47623,-1432,338,-22371,72875,139052
2009-06-16 00:00:00,LEAN HOGS ,21722,46949,-3530,-674,-25227,68671,129583
2009-06-23 00:00:00,LEAN HOGS ,25364,51544,3642,4595,-26180,76908,134406
2009-06-30 00:00:00,LEAN HOGS ,23560,53141,-1804,1597,-29581,76701,134250
2009-05-05 00:00:00,LEAN HOGS ,28588,45466,4055,3882,-16878,74054,136175
2009-05-12 00:00:00,LEAN HOGS ,26513,45405,-2075,-61,-18892,71918,145717
2009-05-19 00:00:00,LEAN HOGS ,25526,42230,-987,-3175,-16704,67756,144799
2009-05-26 00:00:00,LEAN HOGS ,30047,48228,4521,5998,-18181,78275,147758
2009-04-07 00:00:00,LEAN HOGS ,20402,36615,921,3494,-16213,57017,136529
2009-04-14 00:00:00,LEAN HOGS ,18406,34616,-1996,-1999,-16210,53022,136238
2009-04-21 00:00:00,LEAN HOGS ,17605,34946,-801,330,-17341,52551,133315
2009-04-28 00:00:00,LEAN HOGS ,24533,41584,6928,6638,-17051,66117,138958
2009-03-03 00:00:00,LEAN HOGS ,26577,28367,804,44,-1790,54944,118956
2009-03-10 00:00:00,LEAN HOGS ,25041,30049,-1536,1682,-5008,55090,122710
2009-03-17 00:00:00,LEAN HOGS ,23967,31004,-1074,955,-7037,54971,130004
2009-03-24 00:00:00,LEAN HOGS ,20208,28398,-3759,-2606,-8190,48606,128736
2009-03-31 00:00:00,LEAN HOGS ,19481,33121,-727,4723,-13640,52602,130739
2009-02-03 00:00:00,LEAN HOGS ,31036,30060,-5374,-2175,976,61096,128266
2009-02-10 00:00:00,LEAN HOGS ,30008,33298,-1028,3238,-3290,63306,125654
2009-02-17 00:00:00,LEAN HOGS ,26295,28821,-3713,-4477,-2526,55116,119784
2009-02-24 00:00:00,LEAN HOGS ,25773,28323,-522,-498,-2550,54096,116074
2009-01-06 00:00:00,LEAN HOGS ,37582,34546,-802,-2351,3036,72128,157599
2009-01-13 00:00:00,LEAN HOGS ,39453,27537,1871,-7009,11916,66990,134093
2009-01-20 00:00:00,LEAN HOGS ,38334,30736,-1119,3199,7598,69070,130915
2009-01-27 00:00:00,LEAN HOGS ,36410,32235,-1924,1499,4175,68645,129166
2008-12-02 00:00:00,LEAN HOGS ,42102,33299,252,575,8803,75401,168449
2008-12-09 00:00:00,LEAN HOGS ,42559,31622,457,-1677,10937,74181,166962
2008-12-16 00:00:00,LEAN HOGS ,37558,33769,-5001,2147,3789,71327,155682
2008-12-22 00:00:00,LEAN HOGS ,37727,35076,169,1307,2651,72803,155243
2008-12-30 00:00:00,LEAN HOGS ,38384,36897,657,1821,1487,75281,153839
2008-11-04 00:00:00,LEAN HOGS ,40721,29902,1969,-832,10819,70623,169707
2008-11-11 00:00:00,LEAN HOGS ,42106,32084,1385,2182,10022,74190,166638
2008-11-18 00:00:00,LEAN HOGS ,41668,32562,-438,478,9106,74230,167700
2008-11-25 00:00:00,LEAN HOGS ,41850,32724,182,162,9126,74574,167462
2008-10-07 00:00:00,LEAN HOGS ,33620,32082,-2684,-888,1538,65702,178579
2008-10-14 00:00:00,LEAN HOGS ,35962,30366,2342,-1716,5596,66328,174453
2008-10-21 00:00:00,LEAN HOGS ,39987,30110,4025,-256,9877,70097,165031
2008-10-28 00:00:00,LEAN HOGS ,38752,30734,-1235,624,8018,69486,163887
2008-09-02 00:00:00,LEAN HOGS ,39727,29370,-4261,1281,10357,69097,223941
2008-09-09 00:00:00,LEAN HOGS ,38516,29940,-1211,570,8576,68456,218255
2008-09-16 00:00:00,LEAN HOGS ,40756,32722,2240,2782,8034,73478,205622
2008-09-23 00:00:00,LEAN HOGS ,37648,31698,-3108,-1024,5950,69346,193702
2008-09-30 00:00:00,LEAN HOGS ,36304,32970,-1344,1272,3334,69274,190352
2008-08-05 00:00:00,LEAN HOGS ,46889,39065,2109,237,7824,85954,238308
2008-08-12 00:00:00,LEAN HOGS ,46789,35994,-100,-3071,10795,82783,235108
2008-08-19 00:00:00,LEAN HOGS ,46849,35149,60,-845,11700,81998,229244
2008-08-26 00:00:00,LEAN HOGS ,43988,28089,-2861,-7060,15899,72077,224926
2008-07-01 00:00:00,LEAN HOGS ,41662,45322,-2156,-1258,-3660,86984,247662
2008-07-08 00:00:00,LEAN HOGS ,45098,46795,3436,1473,-1697,91893,241697
2008-07-15 00:00:00,LEAN HOGS ,55538,45579,10440,-1216,9959,101117,244248
2008-07-22 00:00:00,LEAN HOGS ,51467,37376,-4071,-8203,14091,88843,237818
2008-07-29 00:00:00,LEAN HOGS ,44780,38828,-6687,1452,5952,83608,232238
2008-06-03 00:00:00,LEAN HOGS ,43175,46541,484,3970,-3366,89716,260073
2008-06-10 00:00:00,LEAN HOGS ,41328,43560,-1847,-2981,-2232,84888,242936
2008-06-17 00:00:00,LEAN HOGS ,43224,48605,1896,5045,-5381,91829,232217
2008-06-24 00:00:00,LEAN HOGS ,43818,46580,594,-2025,-2762,90398,238555
2008-05-06 00:00:00,LEAN HOGS ,40745,40248,98,-326,497,80993,249562
2008-05-13 00:00:00,LEAN HOGS ,43469,42103,2724,1855,1366,85572,252361
2008-05-20 00:00:00,LEAN HOGS ,41813,42258,-1656,155,-445,84071,252068
2008-05-27 00:00:00,LEAN HOGS ,42691,42571,878,313,120,85262,258638
2008-04-01 00:00:00,LEAN HOGS ,48790,48609,-958,926,181,97399,223409
2008-04-08 00:00:00,LEAN HOGS ,46195,46292,-2595,-2317,-97,92487,223039
2008-04-15 00:00:00,LEAN HOGS ,44904,44119,-1291,-2173,785,89023,224886
2008-04-22 00:00:00,LEAN HOGS ,46363,43173,1459,-946,3190,89536,242849
2008-04-29 00:00:00,LEAN HOGS ,40647,40574,-5716,-2599,73,81221,245737
2008-03-04 00:00:00,LEAN HOGS ,48490,57817,264,747,-9327,106307,222230
2008-03-11 00:00:00,LEAN HOGS ,53447,51920,4957,-5897,1527,105367,217439
2008-03-18 00:00:00,LEAN HOGS ,51373,50878,-2074,-1042,495,102251,218572
2008-03-25 00:00:00,LEAN HOGS ,49748,47683,-1625,-3195,2065,97431,221078
2008-02-05 00:00:00,LEAN HOGS ,50985,57919,6922,2033,-6934,108904,229715
2008-02-12 00:00:00,LEAN HOGS ,54781,56169,3796,-1750,-1388,110950,230172
2008-02-19 00:00:00,LEAN HOGS ,51482,55936,-3299,-233,-4454,107418,223917
2008-02-26 00:00:00,LEAN HOGS ,48226,57070,-3256,1134,-8844,105296,224645
2008-01-08 00:00:00,LEAN HOGS ,42610,51896,82,798,-9286,94506,209386
2008-01-15 00:00:00,LEAN HOGS ,39559,56066,-3051,4170,-16507,95625,214737
2008-01-22 00:00:00,LEAN HOGS ,40323,53543,764,-2523,-13220,93866,210711
2008-01-29 00:00:00,LEAN HOGS ,44063,55886,3740,2343,-11823,99949,214271
2007-12-04 00:00:00,LEAN HOGS ,40782,40476,630,1842,306,81258,206864
2007-12-11 00:00:00,LEAN HOGS ,41941,38225,1159,-2251,3716,80166,205845
2007-12-18 00:00:00,LEAN HOGS ,41527,45492,-414,7267,-3965,87019,206173
2007-12-24 00:00:00,LEAN HOGS ,41435,47309,-92,1817,-5874,88744,206123
2007-12-31 00:00:00,LEAN HOGS ,42528,51098,1093,3789,-8570,93626,208238
2007-11-06 00:00:00,LEAN HOGS ,41605,42912,2800,2735,-1307,84517,199598
2007-11-13 00:00:00,LEAN HOGS ,44909,41865,3304,-1047,3044,86774,206392
2007-11-20 00:00:00,LEAN HOGS ,43315,41185,-1594,-680,2130,84500,208378
2007-11-27 00:00:00,LEAN HOGS ,40152,38634,-3163,-2551,1518,78786,206110
2007-10-02 00:00:00,LEAN HOGS ,38102,34307,2881,1897,3795,72409,178232
2007-10-09 00:00:00,LEAN HOGS ,38618,37623,516,3316,995,76241,179252
2007-10-16 00:00:00,LEAN HOGS ,34763,37153,-3855,-470,-2390,71916,170936
2007-10-23 00:00:00,LEAN HOGS ,37732,39193,2969,2040,-1461,76925,178108
2007-10-30 00:00:00,LEAN HOGS ,38805,40177,1073,984,-1372,78982,191812
2007-09-04 00:00:00,LEAN HOGS ,33305,28056,128,1004,5249,61361,175843
2007-09-11 00:00:00,LEAN HOGS ,33667,27863,362,-193,5804,61530,171822
2007-09-18 00:00:00,LEAN HOGS ,33648,28238,-19,375,5410,61886,175884
2007-09-25 00:00:00,LEAN HOGS ,35221,32410,1573,4172,2811,67631,175478
2007-08-07 00:00:00,LEAN HOGS ,34276,30165,-486,-6983,4111,64441,174848
2007-08-14 00:00:00,LEAN HOGS ,34431,29627,155,-538,4804,64058,177487
2007-08-21 00:00:00,LEAN HOGS ,31087,26911,-3344,-2716,4176,57998,171845
2007-08-28 00:00:00,LEAN HOGS ,33177,27052,2090,141,6125,60229,175910
2007-07-03 00:00:00,LEAN HOGS ,31480,49114,-905,6292,-17634,80594,169436
2007-07-10 00:00:00,LEAN HOGS ,31978,52579,498,3465,-20601,84557,169978
2007-07-17 00:00:00,LEAN HOGS ,32219,40624,241,-11955,-8405,72843,173906
2007-07-24 00:00:00,LEAN HOGS ,33824,40504,1605,-120,-6680,74328,173688
2007-07-31 00:00:00,LEAN HOGS ,34762,37148,938,-3356,-2386,71910,183624
2007-06-05 00:00:00,LEAN HOGS ,39508,38712,3567,6206,796,78220,184131
2007-06-12 00:00:00,LEAN HOGS ,41003,40608,1495,1896,395,81611,182184
2007-06-19 00:00:00,LEAN HOGS ,40336,42263,-667,1655,-1927,82599,176728
2007-06-26 00:00:00,LEAN HOGS ,32385,42822,-7951,559,-10437,75207,169505
2007-05-01 00:00:00,LEAN HOGS ,31555,23093,-5438,-758,8462,54648,173056
2007-05-08 00:00:00,LEAN HOGS ,32762,25803,1207,2710,6959,58565,173564
2007-05-15 00:00:00,LEAN HOGS ,32677,27615,-85,1812,5062,60292,175823
2007-05-22 00:00:00,LEAN HOGS ,33766,29501,1089,1886,4265,63267,175890
2007-05-29 00:00:00,LEAN HOGS ,35941,32506,2175,3005,3435,68447,182112
2007-04-03 00:00:00,LEAN HOGS ,32815,22271,1904,792,10544,55086,176879
2007-04-10 00:00:00,LEAN HOGS ,33687,22814,872,543,10873,56501,173857
2007-04-17 00:00:00,LEAN HOGS ,36930,24941,3243,2127,11989,61871,170375
2007-04-24 00:00:00,LEAN HOGS ,36993,23851,63,-1090,13142,60844,176941
2007-03-06 00:00:00,LEAN HOGS ,33661,20541,-1414,-1681,13120,54202,180816
2007-03-13 00:00:00,LEAN HOGS ,35497,19212,1836,-1329,16285,54709,178823
2007-03-20 00:00:00,LEAN HOGS ,30798,19135,-4699,-77,11663,49933,177222
2007-03-27 00:00:00,LEAN HOGS ,30911,21479,113,2344,9432,52390,177894
2007-02-06 00:00:00,LEAN HOGS ,35743,24286,-885,-445,11457,60029,179705
2007-02-13 00:00:00,LEAN HOGS ,36249,25808,506,1522,10441,62057,182190
2007-02-20 00:00:00,LEAN HOGS ,37947,24136,1698,-1672,13811,62083,184896
2007-02-27 00:00:00,LEAN HOGS ,35075,22222,-2872,-1914,12853,57297,182048
2007-01-03 00:00:00,LEAN HOGS ,28640,20662,-516,4716,7978,49302,174166
2007-01-09 00:00:00,LEAN HOGS ,29423,24923,783,4261,4500,54346,170646
2007-01-16 00:00:00,LEAN HOGS ,33705,23983,4282,-940,9722,57688,172956
2007-01-23 00:00:00,LEAN HOGS ,32328,24834,-1377,851,7494,57162,170825
2007-01-30 00:00:00,LEAN HOGS ,36628,24731,4300,-103,11897,61359,179687
2006-12-05 00:00:00,LEAN HOGS ,31651,16748,-979,582,14903,48399,183624
2006-12-12 00:00:00,LEAN HOGS ,32476,14369,825,-2379,18107,46845,183044
2006-12-19 00:00:00,LEAN HOGS ,30386,14482,-2090,113,15904,44868,174882
2006-12-26 00:00:00,LEAN HOGS ,29156,15946,-1230,1464,13210,45102,174391
2006-11-07 00:00:00,LEAN HOGS ,43422,17848,5046,-402,25574,61270,191291
2006-11-14 00:00:00,LEAN HOGS ,37346,15691,-6076,-2157,21655,53037,186931
2006-11-21 00:00:00,LEAN HOGS ,33681,16634,-3665,943,17047,50315,187745
2006-11-28 00:00:00,LEAN HOGS ,32630,16166,-1051,-468,16464,48796,184452
2006-10-03 00:00:00,LEAN HOGS ,33186,17309,-1656,-1086,15877,50495,172741
2006-10-10 00:00:00,LEAN HOGS ,33459,20495,273,3186,12964,53954,173752
2006-10-17 00:00:00,LEAN HOGS ,32217,19531,-1242,-964,12686,51748,172293
2006-10-24 00:00:00,LEAN HOGS ,32798,18942,581,-589,13856,51740,172063
2006-10-31 00:00:00,LEAN HOGS ,38376,18250,5578,-692,20126,56626,187451
2006-09-05 00:00:00,LEAN HOGS ,42299,21093,2686,1579,21206,63392,184821
2006-09-12 00:00:00,LEAN HOGS ,43165,21303,866,210,21862,64468,178744
2006-09-19 00:00:00,LEAN HOGS ,40665,18629,-2500,-2674,22036,59294,175534
2006-09-26 00:00:00,LEAN HOGS ,34842,18395,-5823,-234,16447,53237,168220
2006-08-01 00:00:00,LEAN HOGS ,32215,20633,2430,1486,11582,52848,161543
2006-08-08 00:00:00,LEAN HOGS ,34060,20618,1845,-15,13442,54678,160441
2006-08-15 00:00:00,LEAN HOGS ,33456,19448,-604,-1170,14008,52904,156604
2006-08-22 00:00:00,LEAN HOGS ,36655,19288,3199,-160,17367,55943,169300
2006-08-29 00:00:00,LEAN HOGS ,39613,19514,2958,226,20099,59127,175274
2006-07-03 00:00:00,LEAN HOGS ,36021,15575,532,68,20446,51596,162959
2006-07-11 00:00:00,LEAN HOGS ,34254,16456,-1767,881,17798,50710,150897
2006-07-18 00:00:00,LEAN HOGS ,31737,16081,-2517,-375,15656,47818,156875
2006-07-25 00:00:00,LEAN HOGS ,29785,19147,-1952,3066,10638,48932,157440
2006-06-06 00:00:00,LEAN HOGS ,25688,26247,3543,-4411,-559,51935,162294
2006-06-13 00:00:00,LEAN HOGS ,29740,21065,4052,-5182,8675,50805,156142
2006-06-20 00:00:00,LEAN HOGS ,32333,16971,2593,-4094,15362,49304,157887
2006-06-27 00:00:00,LEAN HOGS ,35489,15507,3156,-1464,19982,50996,163074
2006-05-02 00:00:00,LEAN HOGS ,19950,32445,4205,262,-12495,52395,147770
2006-05-09 00:00:00,LEAN HOGS ,22206,30181,2256,-2264,-7975,52387,152354
2006-05-16 00:00:00,LEAN HOGS ,23847,30959,1641,778,-7112,54806,158050
2006-05-23 00:00:00,LEAN HOGS ,23726,30306,-121,-653,-6580,54032,159146
2006-05-30 00:00:00,LEAN HOGS ,22145,30658,-1581,352,-8513,52803,160830
2006-04-04 00:00:00,LEAN HOGS ,17639,29956,230,2762,-12317,47595,143750
2006-04-11 00:00:00,LEAN HOGS ,16117,33504,-1522,3548,-17387,49621,141526
2006-04-18 00:00:00,LEAN HOGS ,14329,33346,-1788,-158,-19017,47675,141618
2006-04-25 00:00:00,LEAN HOGS ,15745,32183,1416,-1163,-16438,47928,149080
2006-03-07 00:00:00,LEAN HOGS ,17365,27114,-2891,-1545,-9749,44479,150110
2006-03-14 00:00:00,LEAN HOGS ,17965,29646,600,2532,-11681,47611,144113
2006-03-21 00:00:00,LEAN HOGS ,18607,29217,642,-429,-10610,47824,142070
2006-03-28 00:00:00,LEAN HOGS ,17409,27194,-1198,-2023,-9785,44603,141642
2006-02-07 00:00:00,LEAN HOGS ,17660,32019,-1066,3199,-14359,49679,142329
2006-02-14 00:00:00,LEAN HOGS ,18990,28140,1330,-3879,-9150,47130,145166
2006-02-21 00:00:00,LEAN HOGS ,19031,25944,41,-2196,-6913,44975,146732
2006-02-28 00:00:00,LEAN HOGS ,20256,28659,1225,2715,-8403,48915,151031
2006-01-03 00:00:00,LEAN HOGS ,26095,14618,1005,2360,11477,40713,126690
2006-01-10 00:00:00,LEAN HOGS ,25619,16073,-476,1455,9546,41692,127687
2006-01-17 00:00:00,LEAN HOGS ,20919,21950,-4700,5877,-1031,42869,137742
2006-01-24 00:00:00,LEAN HOGS ,16723,20395,-4196,-1555,-3672,37118,133458
2006-01-31 00:00:00,LEAN HOGS ,18726,28820,2003,8425,-10094,47546,138926
2005-12-06 00:00:00,LEAN HOGS ,29493,22311,1756,-310,7182,51804,127281
2005-12-13 00:00:00,LEAN HOGS ,29193,15104,-300,-7207,14089,44297,128225
2005-12-20 00:00:00,LEAN HOGS ,24892,12163,-4301,-2941,12729,37055,120458
2005-12-27 00:00:00,LEAN HOGS ,25090,12258,198,95,12832,37348,121168
2005-11-01 00:00:00,LEAN HOGS ,22840,23866,-674,114,-1026,46706,113354
2005-11-08 00:00:00,LEAN HOGS ,25055,23993,2215,127,1062,49048,111740
2005-11-15 00:00:00,LEAN HOGS ,29570,24107,4515,114,5463,53677,116659
2005-11-22 00:00:00,LEAN HOGS ,27144,21993,-2426,-2114,5151,49137,117449
2005-11-29 00:00:00,LEAN HOGS ,27737,22621,593,628,5116,50358,121551
2005-10-04 00:00:00,LEAN HOGS ,24485,23356,1753,903,1129,47841,113443
2005-10-11 00:00:00,LEAN HOGS ,26927,24644,2442,1288,2283,51571,118777
2005-10-18 00:00:00,LEAN HOGS ,23577,20426,-3350,-4218,3151,44003,110126
2005-10-25 00:00:00,LEAN HOGS ,23514,23752,-63,3326,-238,47266,112411
2005-09-06 00:00:00,LEAN HOGS ,19726,21228,2397,-1379,-1502,40954,105279
2005-09-13 00:00:00,LEAN HOGS ,19562,20962,-164,-266,-1400,40524,103785
2005-09-20 00:00:00,LEAN HOGS ,20299,21061,737,99,-762,41360,107630
2005-09-27 00:00:00,LEAN HOGS ,22732,22453,2433,1392,279,45185,111504
2005-08-02 00:00:00,LEAN HOGS ,13735,23031,236,-2685,-9296,36766,95494
2005-08-09 00:00:00,LEAN HOGS ,15389,22811,1654,-220,-7422,38200,95169
2005-08-16 00:00:00,LEAN HOGS ,13943,23510,-1446,699,-9567,37453,90144
2005-08-23 00:00:00,LEAN HOGS ,15059,22419,1116,-1091,-7360,37478,96485
2005-07-05 00:00:00,LEAN HOGS ,11416,26389,1587,-665,-14973,37805,95922
2005-07-12 00:00:00,LEAN HOGS ,12512,26526,1096,137,-14014,39038,94971
2005-07-19 00:00:00,LEAN HOGS ,12826,26247,314,-279,-13421,39073,99342
2005-07-26 00:00:00,LEAN HOGS ,13499,25716,673,-531,-12217,39215,94657
2005-06-07 00:00:00,LEAN HOGS ,10333,21451,-659,3661,-11118,31784,94451
2005-06-14 00:00:00,LEAN HOGS ,10607,24227,274,2776,-13620,34834,92540
2005-06-21 00:00:00,LEAN HOGS ,10460,25943,-147,1716,-15483,36403,88570
2005-06-28 00:00:00,LEAN HOGS ,9829,27054,-631,1111,-17225,36883,91504
2005-05-03 00:00:00,LEAN HOGS ,16815,10211,14,-692,6604,27026,98511
2005-05-10 00:00:00,LEAN HOGS ,14529,11868,-2286,1657,2661,26397,96177
2005-05-17 00:00:00,LEAN HOGS ,12132,11292,-2397,-576,840,23424,96513
2005-05-24 00:00:00,LEAN HOGS ,11919,16247,-213,4955,-4328,28166,96007
2005-05-31 00:00:00,LEAN HOGS ,10992,17790,-927,1543,-6798,28782,98704
2005-04-05 00:00:00,LEAN HOGS ,16844,7534,-1041,510,9310,24378,93914
2005-04-12 00:00:00,LEAN HOGS ,15904,7941,-940,407,7963,23845,92561
2005-04-19 00:00:00,LEAN HOGS ,15493,7280,-411,-661,8213,22773,91542
2005-04-26 00:00:00,LEAN HOGS ,16801,10903,1308,3623,5898,27704,95292
2005-03-01 00:00:00,LEAN HOGS ,22935,8381,5183,746,14554,31316,104265
2005-03-08 00:00:00,LEAN HOGS ,26532,8434,3597,53,18098,34966,104232
2005-03-15 00:00:00,LEAN HOGS ,18711,8282,-7821,-152,10429,26993,89791
2005-03-22 00:00:00,LEAN HOGS ,18294,6994,-417,-1288,11300,25288,91044
2005-03-29 00:00:00,LEAN HOGS ,17885,7024,-409,30,10861,24909,89828
2005-02-01 00:00:00,LEAN HOGS ,24901,7442,-1228,1581,17459,32343,102802
2005-02-08 00:00:00,LEAN HOGS ,22237,9509,-2664,2067,12728,31746,100610
2005-02-15 00:00:00,LEAN HOGS ,17682,10027,-4555,518,7655,27709,94117
2005-02-22 00:00:00,LEAN HOGS ,17752,7635,70,-2392,10117,25387,94216
2005-01-04 00:00:00,LEAN HOGS ,28157,7804,3787,612,20353,35961,105414
2005-01-11 00:00:00,LEAN HOGS ,30498,6214,2341,-1590,24284,36712,103554
2005-01-18 00:00:00,LEAN HOGS ,31028,5967,530,-247,25061,36995,103915
2005-01-25 00:00:00,LEAN HOGS ,26129,5861,-4899,-106,20268,31990,100333
2021-07-13,LEAN HOGS ,107080,37609,2709,3284,69471,144689,262084
2021-07-06,LEAN HOGS ,104371,34325,-4211,-2558,70046,138696,264471
2021-06-01,LEAN HOGS ,120882,40587,3723,3403,80295,161469,297232
2021-06-08,LEAN HOGS ,126762,45399,5880,4812,81363,172161,300816
2021-06-15,LEAN HOGS ,130607,46554,3845,1155,84053,177161,307046
2021-06-22,LEAN HOGS ,115935,38959,-14672,-7595,76976,154894,285781
2021-06-29,LEAN HOGS ,108582,36883,-7353,-2076,71699,145465,268756
2021-05-04,LEAN HOGS ,114305,36723,-159,321,77582,151028,293966
2021-05-11,LEAN HOGS ,110777,36196,-3528,-527,74581,146973,281294
2021-05-18,LEAN HOGS ,110589,33475,-188,-2721,77114,144064,285218
2021-05-25,LEAN HOGS ,117159,37184,6570,3709,79975,154343,295915
2021-04-06,LEAN HOGS ,121642,39435,331,1675,82207,161077,289848
2021-04-13,LEAN HOGS ,123446,38239,1804,-1196,85207,161685,295943
2021-04-20,LEAN HOGS ,115066,35289,-8380,-2950,79777,150355,284085
2021-04-27,LEAN HOGS ,114464,36402,-602,1113,78062,150866,284893
2021-03-02,LEAN HOGS ,107719,33154,2596,-1089,74565,140873,263683
2021-03-09,LEAN HOGS ,111301,32966,3582,-188,78335,144267,264322
2021-03-16,LEAN HOGS ,115538,34271,4237,1305,81267,149809,271314
2021-03-23,LEAN HOGS ,116856,36065,1318,1794,80791,152921,275026
2021-03-30,LEAN HOGS ,121311,37760,4455,1695,83551,159071,284143
2021-02-02,LEAN HOGS ,87497,40620,5844,-215,46877,128117,227431
2021-02-09,LEAN HOGS ,91257,39426,3760,-1194,51831,130683,239769
2021-02-16,LEAN HOGS ,101964,36808,10707,-2618,65156,138772,253274
2021-02-23,LEAN HOGS ,105123,34243,3159,-2565,70880,139366,257886
2021-01-05,LEAN HOGS ,76636,39137,5005,277,37499,115773,201729
2021-01-12,LEAN HOGS ,78419,41434,1783,2297,36985,119853,204541
2021-01-19,LEAN HOGS ,77794,42726,-625,1292,35068,120520,207242
2021-01-26,LEAN HOGS ,81653,40835,3859,-1891,40818,122488,219704
2020-12-01,LEAN HOGS ,71137,32844,693,227,38293,103981,200920
2020-12-08,LEAN HOGS ,72093,37559,956,4715,34534,109652,195206
2020-12-15,LEAN HOGS ,72472,40671,379,3112,31801,113143,190435
2020-12-21,LEAN HOGS ,69871,38704,-2601,-1967,31167,108575,182165
2020-12-29,LEAN HOGS ,71631,38860,1760,156,32771,110491,188563
2020-11-03,LEAN HOGS ,70754,33336,-4741,-1711,37418,104090,215871
2020-11-10,LEAN HOGS ,69743,35506,-1011,2170,34237,105249,205935
2020-11-17,LEAN HOGS ,69684,32802,-59,-2704,36882,102486,202405
2020-11-24,LEAN HOGS ,70444,32617,760,-185,37827,103061,201564
2020-10-06,LEAN HOGS ,80586,39766,-4586,-553,40820,120352,229028
2020-10-13,LEAN HOGS ,80189,40209,-397,443,39980,120398,227587
2020-10-20,LEAN HOGS ,80265,38201,76,-2008,42064,118466,222121
2020-10-27,LEAN HOGS ,75495,35047,-4770,-3154,40448,110542,217922
2020-09-01,LEAN HOGS ,81689,54941,-2015,-2715,26748,136630,217948
2020-09-08,LEAN HOGS ,82833,50578,1144,-4363,32255,133411,219429
2020-09-15,LEAN HOGS ,85099,39739,2266,-10839,45360,124838,221219
2020-09-22,LEAN HOGS ,88836,40851,3737,1112,47985,129687,226900
2020-09-29,LEAN HOGS ,85172,40319,-3664,-532,44853,125491,229457
2020-08-04,LEAN HOGS ,83285,73662,3193,5697,9623,156947,229003
2020-08-11,LEAN HOGS ,85130,67831,1845,-5831,17299,152961,220941
2020-08-18,LEAN HOGS ,81752,62472,-3378,-5359,19280,144224,219063
2020-08-25,LEAN HOGS ,83704,57656,1952,-4816,26048,141360,218420
2020-07-07,LEAN HOGS ,80648,76767,992,-50,3881,157415,230267
2020-07-14,LEAN HOGS ,77810,71801,-2838,-4966,6009,149611,225357
2020-07-21,LEAN HOGS ,77350,67578,-460,-4223,9772,144928,221714
2020-07-28,LEAN HOGS ,80092,67965,2742,387,12127,148057,229148
2020-06-02,LEAN HOGS ,77133,67975,4254,8035,9158,145108,217207
2020-06-09,LEAN HOGS ,75750,68397,-1383,422,7353,144147,219163
2020-06-16,LEAN HOGS ,74402,63426,-1348,-4971,10976,137828,219891
2020-06-23,LEAN HOGS ,77324,67333,2922,3907,9991,144657,222093
2020-06-30,LEAN HOGS ,79656,76817,2332,9484,2839,156473,225597
2020-05-05,LEAN HOGS ,66098,48889,22,192,17209,114987,206073
2020-05-12,LEAN HOGS ,68625,52099,2527,3210,16526,120724,204494
2020-05-19,LEAN HOGS ,69699,55693,1074,3594,14006,125392,208538
2020-05-26,LEAN HOGS ,72879,59940,3180,4247,12939,132819,216933
2020-04-07,LEAN HOGS ,82120,56801,6830,2138,25319,138921,227151
2020-04-14,LEAN HOGS ,81202,56549,-918,-252,24653,137751,230578
2020-04-21,LEAN HOGS ,75000,54195,-6202,-2354,20805,129195,221860
2020-04-28,LEAN HOGS ,66076,48697,-8924,-5498,17379,114773,207887
2020-03-03,LEAN HOGS ,96730,76729,-2740,-6364,20001,173459,287058
2020-03-10,LEAN HOGS ,89433,70014,-7297,-6715,19419,159447,281024
2020-03-17,LEAN HOGS ,82681,65664,-6752,-4350,17017,148345,255651
2020-03-24,LEAN HOGS ,74403,53214,-8278,-12450,21189,127617,230481
2020-03-31,LEAN HOGS ,75290,54663,887,1449,20627,129953,229366
2020-02-04,LEAN HOGS ,97799,88592,9116,5733,9207,186391,292313
2020-02-11,LEAN HOGS ,96817,88802,-982,210,8015,185619,291611
2020-02-18,LEAN HOGS ,101465,90971,4648,2169,10494,192436,301053
2020-02-25,LEAN HOGS ,99470,83093,-1995,-7878,16377,182563,293616
2020-01-07,LEAN HOGS ,82796,76018,93,2323,6778,158814,288334
2020-01-14,LEAN HOGS ,85921,79393,3125,3375,6528,165314,295774
2020-01-21,LEAN HOGS ,88795,80847,2874,1454,7948,169642,302016
2020-01-28,LEAN HOGS ,88683,82859,-112,2012,5824,171542,299824
2019-12-03,LEAN HOGS ,84627,86194,-260,1427,-1567,170821,297770
2019-12-10,LEAN HOGS ,84199,90385,-428,4191,-6186,174584,294761
2019-12-17,LEAN HOGS ,81576,83973,-2623,-6412,-2397,165549,289396
2019-12-31,LEAN HOGS ,82703,73695,965,-3079,9008,156398,282358
2019-11-05,LEAN HOGS ,88417,74691,1230,3905,13726,163108,294009
2019-11-12,LEAN HOGS ,85223,70770,-3194,-3921,14453,155993,290059
2019-11-19,LEAN HOGS ,87013,78871,1790,8101,8142,165884,294483
2019-11-26,LEAN HOGS ,84887,84767,-2126,5896,120,169654,296730
2019-10-01,LEAN HOGS ,92709,64239,4537,-4594,28470,156948,266578
2019-10-08,LEAN HOGS ,88289,64838,-4420,599,23451,153127,277640
2019-10-15,LEAN HOGS ,90550,59188,2261,-5650,31362,149738,282513
2019-10-22,LEAN HOGS ,87280,65909,-3270,6721,21371,153189,281303
2019-10-29,LEAN HOGS ,87187,70786,-93,4877,16401,157973,284603
2019-09-03,LEAN HOGS ,97449,66413,266,2984,31036,163862,271877
2019-09-10,LEAN HOGS ,92558,72239,-4891,5826,20319,164797,273592
2019-09-17,LEAN HOGS ,88749,69987,-3809,-2252,18762,158736,255320
2019-09-24,LEAN HOGS ,88172,68833,-577,-1154,19339,157005,257133
2019-08-06,LEAN HOGS ,105388,57498,-6978,-1783,47890,162886,266909
2019-08-13,LEAN HOGS ,102401,61972,-2987,4474,40429,164373,266924
2019-08-20,LEAN HOGS ,100326,63067,-2075,1095,37259,163393,260024
2019-08-27,LEAN HOGS ,97183,63429,-3143,362,33754,160612,263436
2019-07-02,LEAN HOGS ,106002,56854,-885,3578,49148,162856,297506
2019-07-09,LEAN HOGS ,107035,58925,1033,2071,48110,165960,286935
2019-07-16,LEAN HOGS ,107212,58416,177,-509,48796,165628,284186
2019-07-23,LEAN HOGS ,111819,60548,4607,2132,51271,172367,282567
2019-07-30,LEAN HOGS ,112366,59281,547,-1267,53085,171647,283482
2019-06-04,LEAN HOGS ,106562,49101,-3252,2159,57461,155663,311705
2019-06-11,LEAN HOGS ,105478,51068,-1084,1967,54410,156546,312249
2019-06-25,LEAN HOGS ,106887,53276,2084,4950,53611,160163,295486
2019-05-07,LEAN HOGS ,112302,42616,-1825,-545,69686,154918,308459
2019-05-14,LEAN HOGS ,108659,43095,-3643,479,65564,151754,306386
2019-05-21,LEAN HOGS ,110030,45168,1371,2073,64862,155198,312076
2019-05-28,LEAN HOGS ,109814,46942,-216,1774,62872,156756,316995
2019-04-02,LEAN HOGS ,98786,50627,-2943,-3981,48159,149413,279347
2019-04-09,LEAN HOGS ,108207,46036,9421,-4591,62171,154243,287774
2019-04-16,LEAN HOGS ,110923,40160,2716,-5876,70763,151083,300656
2019-04-23,LEAN HOGS ,112685,40749,1762,589,71936,153434,308433
2019-04-30,LEAN HOGS ,114127,43161,1442,2412,70966,157288,317232
2019-03-05,LEAN HOGS ,80776,86443,2428,2077,-5667,167219,261028
2019-03-12,LEAN HOGS ,73458,76905,-7318,-9538,-3447,150363,257147
2019-03-19,LEAN HOGS ,75834,65730,2376,-11175,10104,141564,272762
2019-03-26,LEAN HOGS ,101729,54608,25895,-11122,47121,156337,284849
2019-02-05,LEAN HOGS ,67426,74635,3832,11180,-7209,142061,221095
2019-02-12,LEAN HOGS ,69993,79753,2567,5118,-9760,149746,235570
2019-02-19,LEAN HOGS ,72294,80019,2301,266,-7725,152313,241939
2019-02-26,LEAN HOGS ,78348,84366,6054,4347,-6018,162714,249119
2019-01-08,LEAN HOGS ,60353,50163,1443,2839,10190,110516,212433
2019-01-15,LEAN HOGS ,59877,51344,-476,1181,8533,111221,203809
2019-01-22,LEAN HOGS ,58804,54480,-1073,3136,4324,113284,205365
2019-01-29,LEAN HOGS ,63594,63455,4790,8975,139,127049,214353
2018-12-04,LEAN HOGS ,69197,46119,124,-3169,23078,115316,214875
2018-12-11,LEAN HOGS ,68663,46542,-534,423,22121,115205,210302
2018-12-18,LEAN HOGS ,63612,41889,-5051,-4653,21723,105501,204633
2018-12-24,LEAN HOGS ,60054,42441,-3558,552,17613,102495,201906
2018-12-31,LEAN HOGS ,58910,47324,-1144,4883,11586,106234,217959
2018-11-06,LEAN HOGS ,67755,58681,-4896,-2662,9074,126436,220776
2018-11-13,LEAN HOGS ,65422,57754,-2333,-927,7668,123176,241054
2018-11-27,LEAN HOGS ,69073,49288,-3002,-3476,19785,118361,225010
2018-10-02,LEAN HOGS ,77316,75547,3298,-292,1769,152863,230243
2018-10-09,LEAN HOGS ,75674,73393,-1642,-2154,2281,149067,228318
2018-10-16,LEAN HOGS ,74470,68354,-1204,-5039,6116,142824,226663
2018-10-23,LEAN HOGS ,69274,65027,-5196,-3327,4247,134301,222363
2018-10-30,LEAN HOGS ,72651,61343,3377,-3684,11308,133994,225949
2018-07-24,LEAN HOGS ,76489,99507,5311,5064,-23018,175996,237711
2018-07-31,LEAN HOGS ,76194,102732,-295,3225,-26538,178926,240318
2018-06-05,LEAN HOGS ,59661,80798,1091,1021,-21137,140459,238817
2018-05-01,LEAN HOGS ,59860,70504,1307,7801,-10644,130364,255180
2018-05-08,LEAN HOGS ,59567,73825,-293,3321,-14258,133392,248638
2018-05-15,LEAN HOGS ,59373,74045,-194,220,-14672,133418,243279
2018-05-29,LEAN HOGS ,58570,79777,-1159,1456,-21207,138347,242487
2018-04-03,LEAN HOGS ,71058,67999,-2166,2128,3059,139057,239313
2018-04-10,LEAN HOGS ,66692,70325,-4366,2326,-3633,137017,240460
2018-04-17,LEAN HOGS ,60022,64614,-6670,-5711,-4592,124636,240464
2018-04-24,LEAN HOGS ,65686,62703,5664,-1911,2983,128389,245235
2018-03-06,LEAN HOGS ,65019,49808,-194,2378,15211,114827,223728
2018-03-13,LEAN HOGS ,64098,54700,-921,4892,9398,118798,230506
2018-03-20,LEAN HOGS ,66836,58481,2738,3781,8355,125317,234265
2018-03-27,LEAN HOGS ,73224,65871,6388,7390,7353,139095,239660
2018-02-06,LEAN HOGS ,80489,46084,-6728,8279,34405,126573,237591
2018-02-13,LEAN HOGS ,69355,49180,-11134,3096,20175,118535,235782
2018-02-20,LEAN HOGS ,65465,48738,-3890,-442,16727,114203,227165
2018-02-27,LEAN HOGS ,65213,47430,-252,-1308,17783,112643,230704
2018-01-02,LEAN HOGS ,88805,40437,2275,-1069,48368,129242,242732
2018-01-09,LEAN HOGS ,96162,41327,7357,890,54835,137489,249019
2018-01-16,LEAN HOGS ,96051,40528,-111,-799,55523,136579,245120
2018-01-23,LEAN HOGS ,94154,40597,-1897,69,53557,134751,247313
2018-01-30,LEAN HOGS ,87217,37805,-6937,-2792,49412,125022,242241
2017-12-05,LEAN HOGS ,102084,47167,4507,800,54917,149251,252848
2017-12-12,LEAN HOGS ,97590,47570,-4494,403,50020,145160,242048
2017-12-19,LEAN HOGS ,87743,43454,-9847,-4116,44289,131197,227026
2017-12-26,LEAN HOGS ,86530,41506,-1213,-1948,45024,128036,231633
2017-11-07,LEAN HOGS ,116596,57207,6263,-1095,59389,173803,270132
2017-11-14,LEAN HOGS ,109470,52029,-7126,-5178,57441,161499,268494
2017-11-21,LEAN HOGS ,98740,46724,-10730,-5305,52016,145464,249262
2017-11-28,LEAN HOGS ,97577,46367,-1163,-357,51210,143944,250548
2017-10-03,LEAN HOGS ,91688,53053,1847,-11469,38635,144741,257477
2017-10-10,LEAN HOGS ,93116,51125,1428,-1928,41991,144241,251522
2017-10-17,LEAN HOGS ,94724,50428,1608,-697,44296,145152,249055
2017-10-24,LEAN HOGS ,100955,54395,6231,3967,46560,155350,251828
2017-10-31,LEAN HOGS ,110333,58302,9378,3907,52031,168635,263428
2017-09-05,LEAN HOGS ,93587,54348,-3586,1056,39239,147935,246850
2017-09-12,LEAN HOGS ,90342,61681,-3245,7333,28661,152023,249335
2017-09-19,LEAN HOGS ,91464,65177,1122,3496,26287,156641,266254
2017-09-26,LEAN HOGS ,89841,64522,-1623,-655,25319,154363,262832
2017-08-01,LEAN HOGS ,103824,48786,-3643,2152,55038,152610,264070
2017-08-08,LEAN HOGS ,107312,51315,3488,2529,55997,158627,264036
2017-08-15,LEAN HOGS ,117237,57479,9925,6164,59758,174716,276055
2017-08-22,LEAN HOGS ,104821,51305,-12416,-6174,53516,156126,254173
2017-08-29,LEAN HOGS ,97173,53292,-7648,1987,43881,150465,249394
2017-07-03,LEAN HOGS ,106732,48057,10677,2836,58675,154789,271088
2017-07-11,LEAN HOGS ,116381,51807,9649,3750,64574,168188,279523
2017-07-18,LEAN HOGS ,115959,52648,-422,841,63311,168607,275444
2017-07-25,LEAN HOGS ,107467,46634,-8492,-6014,60833,154101,269083
2017-06-06,LEAN HOGS ,99747,46468,6218,3557,53279,146215,249335
2017-06-13,LEAN HOGS ,101508,46706,1761,238,54802,148214,254077
2017-06-20,LEAN HOGS ,95634,44055,-5874,-2651,51579,139689,245282
2017-06-27,LEAN HOGS ,96055,45221,421,1166,50834,141276,257528
2017-05-02,LEAN HOGS ,70056,58452,2493,-1189,11604,128508,221089
2017-05-09,LEAN HOGS ,73917,50491,3861,-7961,23426,124408,212259
2017-05-16,LEAN HOGS ,78556,47903,4639,-2588,30653,126459,220752
2017-05-23,LEAN HOGS ,87062,42598,8506,-5305,44464,129660,227554
2017-05-30,LEAN HOGS ,93529,42911,6467,313,50618,136440,239007
2017-04-04,LEAN HOGS ,70555,46891,-225,4645,23664,117446,203853
2017-04-11,LEAN HOGS ,70471,52552,-84,5661,17919,123023,204759
2017-04-18,LEAN HOGS ,72892,55458,2421,2906,17434,128350,214782
2017-04-25,LEAN HOGS ,67563,59641,-5329,4183,7922,127204,216636
2017-03-07,LEAN HOGS ,75344,44925,-3605,3010,30419,120269,216581
2017-03-14,LEAN HOGS ,74621,44329,-723,-596,30292,118950,216584
2017-03-21,LEAN HOGS ,75714,41491,1093,-2838,34223,117205,217286
2017-03-28,LEAN HOGS ,70780,42246,-4934,755,28534,113026,205451
2017-02-07,LEAN HOGS ,87656,47635,4180,6062,40021,135291,232270
2017-02-14,LEAN HOGS ,89959,48271,2303,636,41688,138230,237466
2017-02-21,LEAN HOGS ,82996,41711,-6963,-6560,41285,124707,229629
2017-02-28,LEAN HOGS ,78949,41915,-4047,204,37034,120864,220881
2017-01-03,LEAN HOGS ,8565,6420,0,0,2145,14985,196202
2017-01-10,LEAN HOGS ,78370,44688,-73,-2230,33682,123058,200591
2017-01-17,LEAN HOGS ,82499,45494,4129,806,37005,127993,218245
2017-01-24,LEAN HOGS ,78467,43513,-4032,-1981,34954,121980,215162
2017-01-31,LEAN HOGS ,83476,41573,5009,-1940,41903,125049,220649
2016-12-06,LEAN HOGS ,81476,70757,-4007,-802,10719,152233,210283
2016-12-13,LEAN HOGS ,85028,61663,3552,-9094,23365,146691,204523
2016-12-20,LEAN HOGS ,80592,47516,-4436,-14147,33076,128108,192541
2016-12-27,LEAN HOGS ,79743,45649,-849,-1867,34094,125392,194794
2016-11-01,LEAN HOGS ,90847,84090,-7832,-12750,6757,174937,223537
2016-11-08,LEAN HOGS ,87457,79951,-3390,-4139,7506,167408,224577
2016-11-15,LEAN HOGS ,84082,75780,-3375,-4171,8302,159862,230369
2016-11-22,LEAN HOGS ,82112,72213,-1970,-3567,9899,154325,225845
2016-11-29,LEAN HOGS ,85483,71559,3371,-654,13924,157042,218089
2016-10-04,LEAN HOGS ,99947,89836,7774,8807,10111,189783,220590
2016-10-11,LEAN HOGS ,101592,93772,1645,3936,7820,195364,230138
2016-10-18,LEAN HOGS ,101936,92737,344,-1035,9199,194673,229977
2016-10-25,LEAN HOGS ,98679,96840,-3257,4103,1839,195519,230736
2016-09-06,LEAN HOGS ,78842,63175,-3039,62,15667,142017,208974
2016-09-13,LEAN HOGS ,82122,65763,3280,2588,16359,147885,208137
2016-09-20,LEAN HOGS ,87625,74952,5503,9189,12673,162577,219128
2016-09-27,LEAN HOGS ,92173,81029,4548,6077,11144,173202,222575
2016-08-02,LEAN HOGS ,88881,55577,1993,6102,33304,144458,224120
2016-08-09,LEAN HOGS ,91469,62939,2588,7362,28530,154408,219821
2016-08-16,LEAN HOGS ,82014,60984,-9455,-1955,21030,142998,206776
2016-08-23,LEAN HOGS ,83151,60406,1137,-578,22745,143557,205125
2016-08-30,LEAN HOGS ,81881,63113,-1270,2707,18768,144994,207484
2016-07-05,LEAN HOGS ,107027,46135,2496,-514,60892,153162,260168
2016-07-12,LEAN HOGS ,95703,43341,-11324,-2794,52362,139044,237160
2016-07-19,LEAN HOGS ,91411,44964,-4292,1623,46447,136375,233835
2016-07-26,LEAN HOGS ,86888,49475,-4523,4511,37413,136363,223501
2016-06-07,LEAN HOGS ,92883,47231,13412,1895,45652,140114,248591
2016-06-14,LEAN HOGS ,108518,53026,15635,5795,55492,161544,266712
2016-06-21,LEAN HOGS ,112984,51482,4466,-1544,61502,164466,266488
2016-06-28,LEAN HOGS ,104531,46649,-8453,-4833,57882,151180,257426
2016-05-03,LEAN HOGS ,83584,43578,5912,-3296,40006,127162,228102
2016-05-10,LEAN HOGS ,87110,43017,3526,-561,44093,130127,230224
2016-05-17,LEAN HOGS ,93850,43370,6740,353,50480,137220,243829
2016-05-24,LEAN HOGS ,80228,44992,-13622,1622,35236,125220,229482
2016-05-31,LEAN HOGS ,79471,45336,-757,344,34135,124807,229073
2016-04-05,LEAN HOGS ,89404,45287,-7070,-582,44117,134691,226021
2016-04-12,LEAN HOGS ,89223,46901,-181,1614,42322,136124,230526
2016-04-19,LEAN HOGS ,80351,44895,-8872,-2006,35456,125246,219320
2016-04-26,LEAN HOGS ,77672,46874,-2679,1979,30798,124546,224126
2016-03-01,LEAN HOGS ,73504,46559,2094,-333,26945,120063,196308
2016-03-08,LEAN HOGS ,78521,49793,5017,3234,28728,128314,199069
2016-03-15,LEAN HOGS ,91495,48312,12974,-1481,43183,139807,220979
2016-03-22,LEAN HOGS ,96478,47345,4983,-967,49133,143823,230984
2016-03-29,LEAN HOGS ,96474,45869,-4,-1476,50605,142343,234354
2016-02-02,LEAN HOGS ,64504,53210,6116,-556,11294,117714,183386
2016-02-09,LEAN HOGS ,69121,53169,4617,-41,15952,122290,193559
2016-02-16,LEAN HOGS ,76389,53988,7268,819,22401,130377,203189
2016-02-23,LEAN HOGS ,71410,46892,-4979,-7096,24518,118302,194332
2016-01-05,LEAN HOGS ,55598,60886,153,-3365,-5288,116484,164890
2016-01-12,LEAN HOGS ,52324,56089,-3274,-4797,-3765,108413,163732
2016-01-19,LEAN HOGS ,54541,55883,2217,-206,-1342,110424,167196
2016-01-26,LEAN HOGS ,58388,53766,3847,-2117,4622,112154,169738
2015-12-01,LEAN HOGS ,69367,75131,-3803,-2705,-5764,144498,195714
2015-12-08,LEAN HOGS ,62342,69885,-7025,-5246,-7543,132227,179003
2015-12-15,LEAN HOGS ,62663,70928,321,1043,-8265,133591,177113
2015-12-22,LEAN HOGS ,56693,67040,-5970,-3888,-10347,123733,165573
2015-12-29,LEAN HOGS ,55445,64251,-1248,-2789,-8806,119696,166456
2015-11-03,LEAN HOGS ,70266,58679,1837,12173,11587,128945,203242
2015-11-10,LEAN HOGS ,74941,72067,4675,13388,2874,147008,205800
2015-11-17,LEAN HOGS ,74045,75958,-896,3891,-1913,150003,203921
2015-11-24,LEAN HOGS ,73170,77836,-875,1878,-4666,151006,203800
2015-10-06,LEAN HOGS ,76387,56293,2946,-523,20094,132680,203106
2015-10-13,LEAN HOGS ,80273,56188,3886,-105,24085,136461,206367
2015-10-20,LEAN HOGS ,74091,48073,-6182,-8115,26018,122164,198987
2015-10-27,LEAN HOGS ,68429,46506,-5662,-1567,21923,114935,195171
2015-09-01,LEAN HOGS ,68680,68385,493,310,295,137065,190466
2015-09-08,LEAN HOGS ,70824,67845,2144,-540,2979,138669,196278
2015-09-15,LEAN HOGS ,70806,64684,-18,-3161,6122,135490,194998
2015-09-22,LEAN HOGS ,70103,59016,-703,-5668,11087,129119,195340
2015-09-29,LEAN HOGS ,73441,56816,3338,-2200,16625,130257,200403
2015-08-04,LEAN HOGS ,75853,74630,2541,-864,1223,150483,208399
2015-08-11,LEAN HOGS ,74100,77180,-1753,2550,-3080,151280,203456
2015-08-18,LEAN HOGS ,69400,69955,-4700,-7225,-555,139355,194978
2015-08-25,LEAN HOGS ,68187,68075,-1213,-1880,112,136262,189941
2015-07-07,LEAN HOGS ,72538,84449,-1157,2027,-11911,156987,225310
2015-07-14,LEAN HOGS ,73632,80315,1094,-4134,-6683,153947,216904
2015-07-21,LEAN HOGS ,70136,75513,-3496,-4802,-5377,145649,200599
2015-07-28,LEAN HOGS ,73312,75494,3176,-19,-2182,148806,204588
2015-06-02,LEAN HOGS ,69979,69913,-2015,2006,66,139892,226296
2015-06-09,LEAN HOGS ,72748,72309,2769,2396,439,145057,225092
2015-06-16,LEAN HOGS ,68188,71903,-4560,-406,-3715,140091,218103
2015-06-23,LEAN HOGS ,74369,79482,6181,7579,-5113,153851,219163
2015-06-30,LEAN HOGS ,73695,82422,-674,2940,-8727,156117,220415
2015-05-05,LEAN HOGS ,69818,73163,4132,-2501,-3345,142981,221306
2015-05-12,LEAN HOGS ,73435,68326,3617,-4837,5109,141761,215460
2015-05-19,LEAN HOGS ,73865,66975,430,-1351,6890,140840,219467
2015-05-26,LEAN HOGS ,71994,67907,-1871,932,4087,139901,221409
2015-04-07,LEAN HOGS ,66473,81527,-3205,2356,-15054,148000,218609
2015-04-14,LEAN HOGS ,65158,77880,-1315,-3647,-12722,143038,214806
2015-04-21,LEAN HOGS ,65241,77679,83,-201,-12438,142920,213764
2015-04-28,LEAN HOGS ,65686,75664,445,-2015,-9978,141350,221128
2015-03-03,LEAN HOGS ,73078,66276,-142,8240,6802,139354,201534
2015-03-10,LEAN HOGS ,75380,65909,2302,-367,9471,141289,204657
2015-03-17,LEAN HOGS ,77544,71849,2164,5940,5695,149393,206418
2015-03-24,LEAN HOGS ,73120,76133,-4424,4284,-3013,149253,212035
2015-03-31,LEAN HOGS ,69678,79171,-3442,3038,-9493,148849,216988
2015-02-03,LEAN HOGS ,76515,54018,828,1430,22497,130533,197570
2015-02-10,LEAN HOGS ,79068,55798,2553,1780,23270,134866,194869
2015-02-17,LEAN HOGS ,75847,59198,-3221,3400,16649,135045,193982
2015-02-24,LEAN HOGS ,73220,58036,-2627,-1162,15184,131256,190945
2015-01-06,LEAN HOGS ,81559,50448,82,2484,31111,132007,214678
2015-01-13,LEAN HOGS ,77638,50570,-3921,122,27068,128208,210629
2015-01-20,LEAN HOGS ,77603,49061,-35,-1509,28542,126664,206585
2015-01-27,LEAN HOGS ,75687,52588,-1916,3527,23099,128275,202956
2014-12-09,LEAN HOGS ,96850,42710,-10380,-1545,54140,139560,218445
2014-12-16,LEAN HOGS ,90552,43016,-6298,306,47536,133568,213052
2014-12-23,LEAN HOGS ,81677,44176,-8875,1160,37501,125853,208408
2014-12-30,LEAN HOGS ,81477,47964,-200,3788,33513,129441,214326
2014-11-04,LEAN HOGS ,91375,40463,-988,2855,50912,131838,225859
2014-11-11,LEAN HOGS ,91989,40367,614,-96,51622,132356,227932
2014-11-18,LEAN HOGS ,98090,39978,6101,-389,58112,138068,229985
2014-10-07,LEAN HOGS ,102711,39810,996,2682,62901,142521,251877
2014-10-14,LEAN HOGS ,103806,38773,1095,-1037,65033,142579,245873
2014-10-21,LEAN HOGS ,94315,38400,-9491,-373,55915,132715,226552
2014-10-28,LEAN HOGS ,92363,37608,-1952,-792,54755,129971,225284
2014-09-02,LEAN HOGS ,84490,33678,-2393,-4900,50812,118168,233509
2014-09-09,LEAN HOGS ,89748,32732,5258,-946,57016,122480,229704
2014-09-16,LEAN HOGS ,97565,34752,7817,2020,62813,132317,241260
2014-09-23,LEAN HOGS ,99691,36925,2126,2173,62766,136616,241522
2014-09-30,LEAN HOGS ,101715,37128,2024,203,64587,138843,249025
2014-08-05,LEAN HOGS ,90440,35566,-5986,-5025,54874,126006,245634
2014-08-12,LEAN HOGS ,86978,32497,-3462,-3069,54481,119475,235289
2014-08-19,LEAN HOGS ,84737,35730,-2241,3233,49007,120467,227916
2014-08-26,LEAN HOGS ,86883,38578,2146,2848,48305,125461,231276
2014-07-01,LEAN HOGS ,99922,37608,-2015,-953,62314,137530,242400
2014-07-08,LEAN HOGS ,97176,39914,-2746,2306,57262,137090,248743
2014-07-15,LEAN HOGS ,103424,44404,6248,4490,59020,147828,256965
2014-07-22,LEAN HOGS ,101306,43163,-2118,-1241,58143,144469,247792
2014-07-29,LEAN HOGS ,96426,40591,-4880,-2572,55835,137017,250667
2014-06-03,LEAN HOGS ,101581,44588,-3486,2799,56993,146169,256318
2014-06-10,LEAN HOGS ,102341,45551,760,963,56790,147892,252508
2014-06-17,LEAN HOGS ,102384,38701,43,-6850,63683,141085,256537
2014-06-24,LEAN HOGS ,101937,38561,-447,-140,63376,140498,244936
2014-05-06,LEAN HOGS ,110597,34444,-3603,443,76153,145041,256924
2014-05-13,LEAN HOGS ,105684,36814,-4913,2370,68870,142498,257590
2014-05-20,LEAN HOGS ,104320,38542,-1364,1728,65778,142862,259607
2014-05-27,LEAN HOGS ,105067,41789,747,3247,63278,146856,258707
2014-04-01,LEAN HOGS ,123651,38306,-2951,834,85345,161957,278269
2014-04-08,LEAN HOGS ,121736,37277,-1915,-1029,84459,159013,272291
2014-04-15,LEAN HOGS ,120644,38409,-1092,1132,82235,159053,272538
2014-04-22,LEAN HOGS ,113623,32453,-7021,-5956,81170,146076,259259
2014-04-29,LEAN HOGS ,114200,34001,577,1548,80199,148201,262872
2014-03-04,LEAN HOGS ,116273,26795,4003,-3725,89478,143068,289979
2014-03-11,LEAN HOGS ,115584,29274,-689,2479,86310,144858,286408
2014-03-18,LEAN HOGS ,117572,34346,1988,5072,83226,151918,290217
2014-03-25,LEAN HOGS ,126602,37472,9030,3126,89130,164074,291342
2014-02-04,LEAN HOGS ,101074,34786,1740,622,66288,135860,265299
2014-02-11,LEAN HOGS ,108009,37212,6935,2426,70797,145221,276745
2014-02-18,LEAN HOGS ,109948,35312,1939,-1900,74636,145260,293293
2014-02-25,LEAN HOGS ,112270,30520,2322,-4792,81750,142790,295504
2014-01-07,LEAN HOGS ,92733,39533,-132,-1731,53200,132266,266167
2014-01-14,LEAN HOGS ,92936,39235,203,-298,53701,132171,265366
2014-01-21,LEAN HOGS ,96207,36903,3271,-2332,59304,133110,271041
2014-01-28,LEAN HOGS ,99334,34164,3127,-2739,65170,133498,264526
2013-12-03,LEAN HOGS ,101520,34027,188,2597,67493,135547,275784
2013-12-10,LEAN HOGS ,98561,34482,-2959,455,64079,133043,269547
2013-12-17,LEAN HOGS ,96403,36580,-2158,2098,59823,132983,260843
2013-12-24,LEAN HOGS ,92143,38486,-4260,1906,53657,130629,257826
2013-11-05,LEAN HOGS ,120004,30778,-7684,-5568,89226,150782,295473
2013-11-12,LEAN HOGS ,119158,30889,-846,111,88269,150047,284107
2013-11-19,LEAN HOGS ,108048,29459,-11110,-1430,78589,137507,272564
2013-11-26,LEAN HOGS ,101332,31430,-6716,1971,69902,132762,276937
2013-10-01,LEAN HOGS ,136676,40353,-7380,-5639,96323,177029,317068
2013-10-08,LEAN HOGS ,137353,43437,677,3084,93916,180790,310342
2013-10-15,LEAN HOGS ,130712,43377,-6641,-60,87335,174089,298937
2013-10-22,LEAN HOGS ,128647,40287,-2065,-3090,88360,168934,295511
2013-10-29,LEAN HOGS ,127688,36346,-959,-3941,91342,164034,305986
2013-09-03,LEAN HOGS ,119546,43098,2821,888,76448,162644,308419
2013-09-10,LEAN HOGS ,134231,44400,14685,1302,89831,178631,324682
2013-09-17,LEAN HOGS ,141666,46081,7435,1681,95585,187747,333950
2013-09-24,LEAN HOGS ,144056,45992,2390,-89,98064,190048,327454
2013-08-06,LEAN HOGS ,120324,51972,4814,-455,68352,172296,308708
2013-08-13,LEAN HOGS ,123737,53925,3413,1953,69812,177662,314494
2013-08-20,LEAN HOGS ,123933,46662,196,-7263,77271,170595,308316
2013-08-27,LEAN HOGS ,116725,42210,-7208,-4452,74515,158935,301720
2013-07-02,LEAN HOGS ,107781,55295,3743,-3243,52486,163076,297404
2013-07-09,LEAN HOGS ,109614,56700,1833,1405,52914,166314,296997
2013-07-16,LEAN HOGS ,113079,59922,3465,3222,53157,173001,289523
2013-07-23,LEAN HOGS ,117032,58346,3953,-1576,58686,175378,296873
2013-07-30,LEAN HOGS ,115510,52427,-1522,-5919,63083,167937,301375
2013-06-04,LEAN HOGS ,88761,65566,7368,8264,23195,154327,265685
2019-12-24,LEAN HOGS ,81738,76774,162,-7199,4964,158512,279346
2013-06-25,LEAN HOGS ,104038,58538,2954,-472,45500,162576,286772
2013-05-07,LEAN HOGS ,71379,61241,3174,-3117,10138,132620,235977
2013-05-14,LEAN HOGS ,76605,58518,5226,-2723,18087,135123,247218
2013-05-21,LEAN HOGS ,80060,57980,3455,-538,22080,138040,251261
2013-05-28,LEAN HOGS ,81393,57302,1333,-678,24091,138695,259305
2013-04-02,LEAN HOGS ,68171,77369,-354,-2346,-9198,145540,233290
2013-04-09,LEAN HOGS ,66611,70577,-1560,-6792,-3966,137188,227576
2013-04-16,LEAN HOGS ,63479,66816,-3132,-3761,-3337,130295,222423
2013-04-23,LEAN HOGS ,65910,68571,2431,1755,-2661,134481,231896
2013-04-30,LEAN HOGS ,68205,64358,2295,-4213,3847,132563,236849
2013-03-05,LEAN HOGS ,77686,76371,-2628,15663,1315,154057,231967
2013-03-12,LEAN HOGS ,71191,73758,-6495,-2613,-2567,144949,234091
2013-03-26,LEAN HOGS ,68525,79715,-3372,1700,-11190,148240,236396
2013-02-05,LEAN HOGS ,82004,41519,2276,623,40485,123523,235353
2013-02-12,LEAN HOGS ,78564,44791,-3440,3272,33773,123355,229653
2013-02-19,LEAN HOGS ,76305,49072,-2259,4281,27233,125377,219994
2013-02-26,LEAN HOGS ,80314,60708,4009,11636,19606,141022,225067
2013-01-08,LEAN HOGS ,87744,39152,3989,2896,48592,126896,253641
2013-01-15,LEAN HOGS ,80411,44553,-7333,5401,35858,124964,245815
2013-01-22,LEAN HOGS ,75400,43401,-5011,-1152,31999,118801,239008
2013-01-29,LEAN HOGS ,79728,40896,4328,-2505,38832,120624,235811
2012-12-04,LEAN HOGS ,91347,43781,3904,-2023,47566,135128,251870
2012-12-11,LEAN HOGS ,83962,42451,-7385,-1330,41511,126413,241903
2012-12-18,LEAN HOGS ,73966,39094,-9996,-3357,34872,113060,226858
2012-12-24,LEAN HOGS ,80945,39426,6979,332,41519,120371,243122
2012-12-31,LEAN HOGS ,83755,36256,2810,-3170,47499,120011,248085
2012-11-06,LEAN HOGS ,77745,48915,2048,3276,28830,126660,214648
2012-11-13,LEAN HOGS ,82461,47482,4716,-1433,34979,129943,227299
2012-11-20,LEAN HOGS ,83230,43291,769,-4191,39939,126521,240215
2012-11-27,LEAN HOGS ,87443,45804,4213,2513,41639,133247,244993
2012-10-02,LEAN HOGS ,71178,64301,-2253,-6117,6877,135479,223253
2012-10-09,LEAN HOGS ,71390,59017,212,-5284,12373,130407,222585
2012-10-16,LEAN HOGS ,72944,51657,1554,-7360,21287,124601,214198
2012-10-23,LEAN HOGS ,75265,46299,2321,-5358,28966,121564,219932
2012-10-30,LEAN HOGS ,75697,45639,432,-660,30058,121336,216189
2012-09-04,LEAN HOGS ,74395,63251,4002,2751,11144,137646,235417
2012-09-11,LEAN HOGS ,80940,68262,6545,5011,12678,149202,249779
2012-09-18,LEAN HOGS ,81917,74061,977,5799,7856,155978,241316
2012-09-25,LEAN HOGS ,73431,70418,-8486,-3643,3013,143849,225629
2012-08-07,LEAN HOGS ,69231,52938,773,7944,16293,122169,215559
2012-08-14,LEAN HOGS ,74638,58819,5407,5881,15819,133457,228341
2012-08-21,LEAN HOGS ,70731,56953,-3907,-1866,13778,127684,225085
2012-08-28,LEAN HOGS ,70393,60500,-338,3547,9893,130893,230207
2012-07-03,LEAN HOGS ,77529,46025,8227,-4769,31504,123554,253306
2012-07-10,LEAN HOGS ,75253,41449,-2276,-4576,33804,116702,242599
2012-07-17,LEAN HOGS ,68380,45713,-6873,4264,22667,114093,221894
2012-07-24,LEAN HOGS ,64723,44929,-3657,-784,19794,109652,217979
2012-07-31,LEAN HOGS ,68458,44994,3735,65,23464,113452,221692
2012-06-05,LEAN HOGS ,62260,64176,-4903,-15269,-1916,126436,269249
2012-06-12,LEAN HOGS ,67234,57043,4974,-7133,10191,124277,268629
2012-06-19,LEAN HOGS ,71876,53889,4642,-3154,17987,125765,251306
2012-06-26,LEAN HOGS ,69302,50794,-2574,-3095,18508,120096,252332
2012-05-01,LEAN HOGS ,65419,82906,-1901,3501,-17487,148325,269139
2012-05-08,LEAN HOGS ,67913,90849,2494,7943,-22936,158762,267949
2012-05-15,LEAN HOGS ,63102,87429,-4811,-3420,-24327,150531,268866
2012-05-22,LEAN HOGS ,65430,80086,2328,-7343,-14656,145516,265159
2012-05-29,LEAN HOGS ,67163,79445,1733,-641,-12282,146608,270961
2012-04-03,LEAN HOGS ,63980,72875,-4228,1591,-8895,136855,259416
2012-04-10,LEAN HOGS ,63750,70452,-230,-2423,-6702,134202,249364
2012-04-17,LEAN HOGS ,69526,77645,5776,7193,-8119,147171,254266
2012-04-24,LEAN HOGS ,67320,79405,-2206,1760,-12085,146725,267162
2012-03-06,LEAN HOGS ,76943,54110,-5332,1225,22833,131053,268570
2012-03-13,LEAN HOGS ,66308,53917,-10635,-193,12391,120225,256308
2012-03-20,LEAN HOGS ,63499,60415,-2809,6498,3084,123914,259062
2012-03-27,LEAN HOGS ,68208,71284,4709,10869,-3076,139492,265875
2012-02-07,LEAN HOGS ,82923,56636,4644,-3416,26287,139559,254310
2012-02-14,LEAN HOGS ,82368,53514,-555,-3122,28854,135882,255617
2012-02-21,LEAN HOGS ,80230,50614,-2138,-2900,29616,130844,258910
2012-02-28,LEAN HOGS ,82275,52885,2045,2271,29390,135160,266858
2012-01-03,LEAN HOGS ,69465,49282,-771,4070,20183,118747,232846
2012-01-10,LEAN HOGS ,70510,54332,1045,5050,16178,124842,238037
2012-01-17,LEAN HOGS ,73690,56972,3180,2640,16718,130662,240206
2012-01-24,LEAN HOGS ,78559,60867,4869,3895,17692,139426,249939
2012-01-31,LEAN HOGS ,78279,60052,-280,-815,18227,138331,248543
2011-12-06,LEAN HOGS ,87328,34517,1676,-4648,52811,121845,261218
2011-12-13,LEAN HOGS ,80551,34274,-6777,-243,46277,114825,249711
2011-12-20,LEAN HOGS ,72855,38778,-7696,4504,34077,111633,236595
2011-12-27,LEAN HOGS ,70236,45212,-2619,6434,25024,115448,236617
2011-11-01,LEAN HOGS ,92208,35191,-3856,-3013,57017,127399,275395
2011-11-08,LEAN HOGS ,84412,33231,-7796,-1960,51181,117643,252230
2011-11-15,LEAN HOGS ,80976,38591,-3436,5360,42385,119567,249630
2011-11-22,LEAN HOGS ,79958,35807,-1018,-2784,44151,115765,253609
2011-11-29,LEAN HOGS ,85652,39165,5694,3358,46487,124817,264231
2011-10-04,LEAN HOGS ,71301,44260,2969,-4684,27041,115561,260230
2011-10-11,LEAN HOGS ,81445,46621,10144,2361,34824,128066,284202
2011-10-18,LEAN HOGS ,89807,40319,8362,-6302,49488,130126,274068
2011-10-25,LEAN HOGS ,96064,38204,6257,-2115,57860,134268,279577
2011-09-06,LEAN HOGS ,67997,52446,725,5723,15551,120443,252269
2011-09-13,LEAN HOGS ,69804,54488,1807,2042,15316,124292,241956
2011-09-20,LEAN HOGS ,68188,53590,-1616,-898,14598,121778,246474
2011-09-27,LEAN HOGS ,68332,48944,144,-4646,19388,117276,246411
2011-08-02,LEAN HOGS ,77458,48506,3944,-1330,28952,125964,260019
2011-08-09,LEAN HOGS ,76904,48087,-554,-419,28817,124991,259166
2011-08-16,LEAN HOGS ,70312,45608,-6592,-2479,24704,115920,244872
2011-08-23,LEAN HOGS ,68799,46267,-1513,659,22532,115066,251354
2011-08-30,LEAN HOGS ,67272,46723,-1527,456,20549,113995,249760
2011-07-05,LEAN HOGS ,60431,56849,-671,-937,3582,117280,233262
2011-07-12,LEAN HOGS ,69987,56025,9556,-824,13962,126012,244685
2011-07-19,LEAN HOGS ,71797,53142,1810,-2883,18655,124939,244000
2011-07-26,LEAN HOGS ,73514,49836,1717,-3306,23678,123350,247692
2011-06-07,LEAN HOGS ,48995,59368,160,735,-10373,108363,224702
2011-06-14,LEAN HOGS ,49699,60809,704,1441,-11110,110508,217530
2011-06-21,LEAN HOGS ,53396,57361,3697,-3448,-3965,110757,219550
2011-06-28,LEAN HOGS ,61102,57786,7706,425,3316,118888,230340
2011-05-03,LEAN HOGS ,56905,30493,-4244,5714,26412,87398,221571
2011-05-10,LEAN HOGS ,54400,39979,-2505,9486,14421,94379,219122
2011-05-17,LEAN HOGS ,52360,44816,-2040,4837,7544,97176,224601
2011-05-24,LEAN HOGS ,48866,50432,-3494,5616,-1566,99298,220067
2011-05-31,LEAN HOGS ,48835,58633,-31,8201,-9798,107468,222640
2011-04-05,LEAN HOGS ,70635,27023,5320,371,43612,97658,243995
2011-04-12,LEAN HOGS ,66372,26436,-4263,-587,39936,92808,234891
2011-04-19,LEAN HOGS ,63839,24538,-2533,-1898,39301,88377,232397
2011-04-26,LEAN HOGS ,61149,24779,-2690,241,36370,85928,226634
2011-03-01,LEAN HOGS ,74888,29501,621,-1818,45387,104389,238847
2011-03-08,LEAN HOGS ,70652,27590,-4236,-1911,43062,98242,228430
2011-03-15,LEAN HOGS ,64861,24581,-5791,-3009,40280,89442,220518
2011-03-22,LEAN HOGS ,59962,26008,-4899,1427,33954,85970,216359
2011-03-29,LEAN HOGS ,65315,26652,5353,644,38663,91967,231147
2011-02-01,LEAN HOGS ,68703,32256,8748,2738,36447,100959,242344
2011-02-08,LEAN HOGS ,72217,34054,3514,1798,38163,106271,245328
2011-02-15,LEAN HOGS ,74208,30066,1991,-3988,44142,104274,241629
2011-02-22,LEAN HOGS ,74267,31319,59,1253,42948,105586,244999
2011-01-04,LEAN HOGS ,51072,27930,-1156,-1407,23142,79002,205296
2011-01-11,LEAN HOGS ,56455,28526,5383,596,27929,84981,210122
2011-01-18,LEAN HOGS ,60453,29902,3998,1376,30551,90355,217905
2011-01-25,LEAN HOGS ,59955,29518,-498,-384,30437,89473,228835
2010-12-07,LEAN HOGS ,51548,30825,2587,1291,20723,82373,204650
2010-12-14,LEAN HOGS ,50175,30647,-1373,-178,19528,80822,202740
2010-12-21,LEAN HOGS ,47229,33107,-2946,2460,14122,80336,194321
2010-12-28,LEAN HOGS ,52228,29337,4999,-3770,22891,81565,205071
2010-11-02,LEAN HOGS ,48066,30987,-3786,2637,17079,79053,204014
2010-11-09,LEAN HOGS ,47475,35600,-591,4613,11875,83075,199393
2010-11-16,LEAN HOGS ,44272,32503,-3203,-3097,11769,76775,193252
2010-11-23,LEAN HOGS ,44737,29459,465,-3044,15278,74196,197468
2010-11-30,LEAN HOGS ,48961,29534,4224,75,19427,78495,199633
2010-10-05,LEAN HOGS ,67686,28682,-11860,-905,39004,96368,221845
2010-10-12,LEAN HOGS ,65084,27721,-2602,-961,37363,92805,214639
2010-10-19,LEAN HOGS ,59347,30279,-5737,2558,29068,89626,202437
2010-10-26,LEAN HOGS ,51852,28350,-7495,-1929,23502,80202,199243
2010-09-07,LEAN HOGS ,63486,28838,-398,-870,34648,92324,220867
2010-09-14,LEAN HOGS ,69849,31177,6363,2339,38672,101026,225279
2010-09-21,LEAN HOGS ,76999,30897,7150,-280,46102,107896,239432
2010-09-28,LEAN HOGS ,79546,29587,2547,-1310,49959,109133,242655
2010-08-03,LEAN HOGS ,62316,37348,10209,3726,24968,99664,221588
2010-08-10,LEAN HOGS ,61636,32830,-680,-4518,28806,94466,212639
2010-08-17,LEAN HOGS ,56633,32033,-5003,-797,24600,88666,201046
2010-08-24,LEAN HOGS ,63832,31078,7199,-955,32754,94910,218479
2010-08-31,LEAN HOGS ,63884,29708,52,-1370,34176,93592,218852
2010-07-06,LEAN HOGS ,46034,31492,-3401,1169,14542,77526,191486
2010-07-13,LEAN HOGS ,46052,33265,18,1773,12787,79317,189594
2010-07-20,LEAN HOGS ,50216,30653,4164,-2612,19563,80869,199120
2010-07-27,LEAN HOGS ,52107,33622,1891,2969,18485,85729,202084
2010-06-01,LEAN HOGS ,53391,24970,-364,1870,28421,78361,205114
2010-06-08,LEAN HOGS ,43250,26528,-10141,1558,16722,69778,184250
2010-06-15,LEAN HOGS ,44290,29781,1040,3253,14509,74071,182151
2010-06-22,LEAN HOGS ,45631,30251,1341,470,15380,75882,190566
2010-06-29,LEAN HOGS ,49435,30323,3804,72,19112,79758,195408
2010-05-04,LEAN HOGS ,72383,25661,2642,-918,46722,98044,225607
2010-05-11,LEAN HOGS ,69094,27584,-3289,1923,41510,96678,222571
2010-05-18,LEAN HOGS ,62002,26909,-7092,-675,35093,88911,216089
2010-05-25,LEAN HOGS ,53755,23100,-8247,-3809,30655,76855,207008
2010-04-06,LEAN HOGS ,65759,29341,6181,4779,36418,95100,211212
2010-04-13,LEAN HOGS ,71546,30497,5787,1156,41049,102043,221810
2010-04-20,LEAN HOGS ,65779,24993,-5767,-5504,40786,90772,213929
2010-04-27,LEAN HOGS ,69741,26579,3962,1586,43162,96320,221470
2010-03-02,LEAN HOGS ,53495,24127,6808,-1644,29368,77622,189279
2010-03-09,LEAN HOGS ,58386,24193,4891,66,34193,82579,195882
2010-03-16,LEAN HOGS ,59682,24254,1296,61,35428,83936,198552
2010-03-23,LEAN HOGS ,62452,25319,2770,1065,37133,87771,202959
2010-03-30,LEAN HOGS ,59578,24562,-2874,-757,35016,84140,196573
2010-02-02,LEAN HOGS ,48371,25232,-8388,-350,23139,73603,184769
2010-02-09,LEAN HOGS ,48023,26621,-348,1389,21402,74644,183204
2010-02-16,LEAN HOGS ,44882,24895,-3141,-1726,19987,69777,174314
2010-02-23,LEAN HOGS ,46687,25771,1805,876,20916,72458,175302
2010-01-05,LEAN HOGS ,53484,25375,3034,266,28109,78859,185108
2010-01-12,LEAN HOGS ,53552,25059,68,-316,28493,78611,191579
2010-01-19,LEAN HOGS ,58546,26733,4994,1674,31813,85279,199667
2010-01-26,LEAN HOGS ,56759,25582,-1787,-1151,31177,82341,197396
2009-12-01,LEAN HOGS ,48306,26551,3615,-5553,21755,74857,175852
2009-12-08,LEAN HOGS ,49312,25625,1006,-926,23687,74937,179364
2009-12-15,LEAN HOGS ,48445,23731,-867,-1894,24714,72176,171155
2009-12-22,LEAN HOGS ,49457,24292,1012,561,25165,73749,170491
2009-12-29,LEAN HOGS ,50450,25109,993,817,25341,75559,175178
2009-11-03,LEAN HOGS ,42009,38662,4778,-5764,3347,80671,161003
2009-11-09,LEAN HOGS ,45068,38317,3059,-345,6751,83385,162476
2009-11-17,LEAN HOGS ,43063,35310,-2005,-3007,7753,78373,168845
2009-11-24,LEAN HOGS ,44691,32104,1628,-3206,12587,76795,168412
2009-10-06,LEAN HOGS ,30789,55093,-135,3267,-24304,85882,148758
2009-10-13,LEAN HOGS ,34725,49302,3936,-5791,-14577,84027,155679
2009-10-20,LEAN HOGS ,33523,44289,-1202,-5013,-10766,77812,152052
2009-10-27,LEAN HOGS ,37231,44426,3708,137,-7195,81657,157797
2009-09-01,LEAN HOGS ,29778,58068,-571,1493,-28290,87846,141871
2009-09-08,LEAN HOGS ,29391,60776,-387,2708,-31385,90167,144807
2009-09-15,LEAN HOGS ,31002,54067,1611,-6709,-23065,85069,145043
2009-09-22,LEAN HOGS ,31940,53547,938,-520,-21607,85487,142958
2009-09-29,LEAN HOGS ,30924,51826,-1016,-1721,-20902,82750,143618
2009-08-04,LEAN HOGS ,25932,48163,-356,327,-22231,74095,126673
2009-08-11,LEAN HOGS ,28010,47578,2078,-585,-19568,75588,128927
2009-08-18,LEAN HOGS ,30591,52124,2581,4546,-21533,82715,130381
2009-08-25,LEAN HOGS ,30349,56575,-242,4451,-26226,86924,133122
2009-07-07,LEAN HOGS ,23400,52879,-160,-262,-29479,76279,133709
2009-07-14,LEAN HOGS ,26795,48827,3395,-4052,-22032,75622,135444
2009-07-21,LEAN HOGS ,27585,46209,790,-2618,-18624,73794,132528
2009-07-28,LEAN HOGS ,26288,47836,-1297,1627,-21548,74124,125840
2009-06-02,LEAN HOGS ,26684,47285,-3363,-943,-20601,73969,140566
2009-06-09,LEAN HOGS ,25252,47623,-1432,338,-22371,72875,139052
2009-06-16,LEAN HOGS ,21722,46949,-3530,-674,-25227,68671,129583
2009-06-23,LEAN HOGS ,25364,51544,3642,4595,-26180,76908,134406
2009-06-30,LEAN HOGS ,23560,53141,-1804,1597,-29581,76701,134250
2009-05-05,LEAN HOGS ,28588,45466,4055,3882,-16878,74054,136175
2009-05-12,LEAN HOGS ,26513,45405,-2075,-61,-18892,71918,145717
2009-05-19,LEAN HOGS ,25526,42230,-987,-3175,-16704,67756,144799
2009-05-26,LEAN HOGS ,30047,48228,4521,5998,-18181,78275,147758
2009-04-07,LEAN HOGS ,20402,36615,921,3494,-16213,57017,136529
2009-04-14,LEAN HOGS ,18406,34616,-1996,-1999,-16210,53022,136238
2009-04-21,LEAN HOGS ,17605,34946,-801,330,-17341,52551,133315
2009-04-28,LEAN HOGS ,24533,41584,6928,6638,-17051,66117,138958
2009-03-03,LEAN HOGS ,26577,28367,804,44,-1790,54944,118956
2009-03-10,LEAN HOGS ,25041,30049,-1536,1682,-5008,55090,122710
2009-03-17,LEAN HOGS ,23967,31004,-1074,955,-7037,54971,130004
2009-03-24,LEAN HOGS ,20208,28398,-3759,-2606,-8190,48606,128736
2009-03-31,LEAN HOGS ,19481,33121,-727,4723,-13640,52602,130739
2009-02-03,LEAN HOGS ,31036,30060,-5374,-2175,976,61096,128266
2009-02-10,LEAN HOGS ,30008,33298,-1028,3238,-3290,63306,125654
2009-02-17,LEAN HOGS ,26295,28821,-3713,-4477,-2526,55116,119784
2009-02-24,LEAN HOGS ,25773,28323,-522,-498,-2550,54096,116074
2009-01-06,LEAN HOGS ,37582,34546,-802,-2351,3036,72128,157599
2009-01-13,LEAN HOGS ,39453,27537,1871,-7009,11916,66990,134093
2009-01-20,LEAN HOGS ,38334,30736,-1119,3199,7598,69070,130915
2009-01-27,LEAN HOGS ,36410,32235,-1924,1499,4175,68645,129166
2008-12-02,LEAN HOGS ,42102,33299,252,575,8803,75401,168449
2008-12-09,LEAN HOGS ,42559,31622,457,-1677,10937,74181,166962
2008-12-16,LEAN HOGS ,37558,33769,-5001,2147,3789,71327,155682
2008-12-22,LEAN HOGS ,37727,35076,169,1307,2651,72803,155243
2008-12-30,LEAN HOGS ,38384,36897,657,1821,1487,75281,153839
2008-11-04,LEAN HOGS ,40721,29902,1969,-832,10819,70623,169707
2008-11-11,LEAN HOGS ,42106,32084,1385,2182,10022,74190,166638
2008-11-18,LEAN HOGS ,41668,32562,-438,478,9106,74230,167700
2008-11-25,LEAN HOGS ,41850,32724,182,162,9126,74574,167462
2008-10-07,LEAN HOGS ,33620,32082,-2684,-888,1538,65702,178579
2008-10-14,LEAN HOGS ,35962,30366,2342,-1716,5596,66328,174453
2008-10-21,LEAN HOGS ,39987,30110,4025,-256,9877,70097,165031
2008-10-28,LEAN HOGS ,38752,30734,-1235,624,8018,69486,163887
2008-09-02,LEAN HOGS ,39727,29370,-4261,1281,10357,69097,223941
2008-09-09,LEAN HOGS ,38516,29940,-1211,570,8576,68456,218255
2008-09-16,LEAN HOGS ,40756,32722,2240,2782,8034,73478,205622
2008-09-23,LEAN HOGS ,37648,31698,-3108,-1024,5950,69346,193702
2008-09-30,LEAN HOGS ,36304,32970,-1344,1272,3334,69274,190352
2008-08-05,LEAN HOGS ,46889,39065,2109,237,7824,85954,238308
2008-08-12,LEAN HOGS ,46789,35994,-100,-3071,10795,82783,235108
2008-08-19,LEAN HOGS ,46849,35149,60,-845,11700,81998,229244
2008-08-26,LEAN HOGS ,43988,28089,-2861,-7060,15899,72077,224926
2008-07-01,LEAN HOGS ,41662,45322,-2156,-1258,-3660,86984,247662
2008-07-08,LEAN HOGS ,45098,46795,3436,1473,-1697,91893,241697
2008-07-15,LEAN HOGS ,55538,45579,10440,-1216,9959,101117,244248
2008-07-22,LEAN HOGS ,51467,37376,-4071,-8203,14091,88843,237818
2008-07-29,LEAN HOGS ,44780,38828,-6687,1452,5952,83608,232238
2008-06-03,LEAN HOGS ,43175,46541,484,3970,-3366,89716,260073
2008-06-10,LEAN HOGS ,41328,43560,-1847,-2981,-2232,84888,242936
2008-06-17,LEAN HOGS ,43224,48605,1896,5045,-5381,91829,232217
2008-06-24,LEAN HOGS ,43818,46580,594,-2025,-2762,90398,238555
2008-05-06,LEAN HOGS ,40745,40248,98,-326,497,80993,249562
2008-05-13,LEAN HOGS ,43469,42103,2724,1855,1366,85572,252361
2008-05-20,LEAN HOGS ,41813,42258,-1656,155,-445,84071,252068
2008-05-27,LEAN HOGS ,42691,42571,878,313,120,85262,258638
2008-04-01,LEAN HOGS ,48790,48609,-958,926,181,97399,223409
2008-04-08,LEAN HOGS ,46195,46292,-2595,-2317,-97,92487,223039
2008-04-15,LEAN HOGS ,44904,44119,-1291,-2173,785,89023,224886
2008-04-22,LEAN HOGS ,46363,43173,1459,-946,3190,89536,242849
2008-04-29,LEAN HOGS ,40647,40574,-5716,-2599,73,81221,245737
2008-03-04,LEAN HOGS ,48490,57817,264,747,-9327,106307,222230
2008-03-11,LEAN HOGS ,53447,51920,4957,-5897,1527,105367,217439
2008-03-18,LEAN HOGS ,51373,50878,-2074,-1042,495,102251,218572
2008-03-25,LEAN HOGS ,49748,47683,-1625,-3195,2065,97431,221078
2008-02-05,LEAN HOGS ,50985,57919,6922,2033,-6934,108904,229715
2008-02-12,LEAN HOGS ,54781,56169,3796,-1750,-1388,110950,230172
2008-02-19,LEAN HOGS ,51482,55936,-3299,-233,-4454,107418,223917
2008-02-26,LEAN HOGS ,48226,57070,-3256,1134,-8844,105296,224645
2008-01-08,LEAN HOGS ,42610,51896,82,798,-9286,94506,209386
2008-01-15,LEAN HOGS ,39559,56066,-3051,4170,-16507,95625,214737
2008-01-22,LEAN HOGS ,40323,53543,764,-2523,-13220,93866,210711
2008-01-29,LEAN HOGS ,44063,55886,3740,2343,-11823,99949,214271
2007-12-04,LEAN HOGS ,40782,40476,630,1842,306,81258,206864
2007-12-11,LEAN HOGS ,41941,38225,1159,-2251,3716,80166,205845
2007-12-18,LEAN HOGS ,41527,45492,-414,7267,-3965,87019,206173
2007-12-24,LEAN HOGS ,41435,47309,-92,1817,-5874,88744,206123
2007-12-31,LEAN HOGS ,42528,51098,1093,3789,-8570,93626,208238
2007-11-06,LEAN HOGS ,41605,42912,2800,2735,-1307,84517,199598
2007-11-13,LEAN HOGS ,44909,41865,3304,-1047,3044,86774,206392
2007-11-20,LEAN HOGS ,43315,41185,-1594,-680,2130,84500,208378
2007-11-27,LEAN HOGS ,40152,38634,-3163,-2551,1518,78786,206110
2007-10-02,LEAN HOGS ,38102,34307,2881,1897,3795,72409,178232
2007-10-09,LEAN HOGS ,38618,37623,516,3316,995,76241,179252
2007-10-16,LEAN HOGS ,34763,37153,-3855,-470,-2390,71916,170936
2007-10-23,LEAN HOGS ,37732,39193,2969,2040,-1461,76925,178108
2007-10-30,LEAN HOGS ,38805,40177,1073,984,-1372,78982,191812
2007-09-04,LEAN HOGS ,33305,28056,128,1004,5249,61361,175843
2007-09-11,LEAN HOGS ,33667,27863,362,-193,5804,61530,171822
2007-09-18,LEAN HOGS ,33648,28238,-19,375,5410,61886,175884
2007-09-25,LEAN HOGS ,35221,32410,1573,4172,2811,67631,175478
2007-08-07,LEAN HOGS ,34276,30165,-486,-6983,4111,64441,174848
2007-08-14,LEAN HOGS ,34431,29627,155,-538,4804,64058,177487
2007-08-21,LEAN HOGS ,31087,26911,-3344,-2716,4176,57998,171845
2007-08-28,LEAN HOGS ,33177,27052,2090,141,6125,60229,175910
2007-07-03,LEAN HOGS ,31480,49114,-905,6292,-17634,80594,169436
2007-07-10,LEAN HOGS ,31978,52579,498,3465,-20601,84557,169978
2007-07-17,LEAN HOGS ,32219,40624,241,-11955,-8405,72843,173906
2007-07-24,LEAN HOGS ,33824,40504,1605,-120,-6680,74328,173688
2007-07-31,LEAN HOGS ,34762,37148,938,-3356,-2386,71910,183624
2007-06-05,LEAN HOGS ,39508,38712,3567,6206,796,78220,184131
2007-06-12,LEAN HOGS ,41003,40608,1495,1896,395,81611,182184
2007-06-19,LEAN HOGS ,40336,42263,-667,1655,-1927,82599,176728
2007-06-26,LEAN HOGS ,32385,42822,-7951,559,-10437,75207,169505
2007-05-01,LEAN HOGS ,31555,23093,-5438,-758,8462,54648,173056
2007-05-08,LEAN HOGS ,32762,25803,1207,2710,6959,58565,173564
2007-05-15,LEAN HOGS ,32677,27615,-85,1812,5062,60292,175823
2007-05-22,LEAN HOGS ,33766,29501,1089,1886,4265,63267,175890
2007-05-29,LEAN HOGS ,35941,32506,2175,3005,3435,68447,182112
2007-04-03,LEAN HOGS ,32815,22271,1904,792,10544,55086,176879
2007-04-10,LEAN HOGS ,33687,22814,872,543,10873,56501,173857
2007-04-17,LEAN HOGS ,36930,24941,3243,2127,11989,61871,170375
2007-04-24,LEAN HOGS ,36993,23851,63,-1090,13142,60844,176941
2007-03-06,LEAN HOGS ,33661,20541,-1414,-1681,13120,54202,180816
2007-03-13,LEAN HOGS ,35497,19212,1836,-1329,16285,54709,178823
2007-03-20,LEAN HOGS ,30798,19135,-4699,-77,11663,49933,177222
2007-03-27,LEAN HOGS ,30911,21479,113,2344,9432,52390,177894
2007-02-06,LEAN HOGS ,35743,24286,-885,-445,11457,60029,179705
2007-02-13,LEAN HOGS ,36249,25808,506,1522,10441,62057,182190
2007-02-20,LEAN HOGS ,37947,24136,1698,-1672,13811,62083,184896
2007-02-27,LEAN HOGS ,35075,22222,-2872,-1914,12853,57297,182048
2007-01-03,LEAN HOGS ,28640,20662,-516,4716,7978,49302,174166
2007-01-09,LEAN HOGS ,29423,24923,783,4261,4500,54346,170646
2007-01-16,LEAN HOGS ,33705,23983,4282,-940,9722,57688,172956
2007-01-23,LEAN HOGS ,32328,24834,-1377,851,7494,57162,170825
2007-01-30,LEAN HOGS ,36628,24731,4300,-103,11897,61359,179687
2006-12-05,LEAN HOGS ,31651,16748,-979,582,14903,48399,183624
2006-12-12,LEAN HOGS ,32476,14369,825,-2379,18107,46845,183044
2006-12-19,LEAN HOGS ,30386,14482,-2090,113,15904,44868,174882
2006-12-26,LEAN HOGS ,29156,15946,-1230,1464,13210,45102,174391
2006-11-07,LEAN HOGS ,43422,17848,5046,-402,25574,61270,191291
2006-11-14,LEAN HOGS ,37346,15691,-6076,-2157,21655,53037,186931
2006-11-21,LEAN HOGS ,33681,16634,-3665,943,17047,50315,187745
2006-11-28,LEAN HOGS ,32630,16166,-1051,-468,16464,48796,184452
2006-10-03,LEAN HOGS ,33186,17309,-1656,-1086,15877,50495,172741
2006-10-10,LEAN HOGS ,33459,20495,273,3186,12964,53954,173752
2006-10-17,LEAN HOGS ,32217,19531,-1242,-964,12686,51748,172293
2006-10-24,LEAN HOGS ,32798,18942,581,-589,13856,51740,172063
2006-10-31,LEAN HOGS ,38376,18250,5578,-692,20126,56626,187451
2006-09-05,LEAN HOGS ,42299,21093,2686,1579,21206,63392,184821
2006-09-12,LEAN HOGS ,43165,21303,866,210,21862,64468,178744
2006-09-19,LEAN HOGS ,40665,18629,-2500,-2674,22036,59294,175534
2006-09-26,LEAN HOGS ,34842,18395,-5823,-234,16447,53237,168220
2006-08-01,LEAN HOGS ,32215,20633,2430,1486,11582,52848,161543
2006-08-08,LEAN HOGS ,34060,20618,1845,-15,13442,54678,160441
2006-08-15,LEAN HOGS ,33456,19448,-604,-1170,14008,52904,156604
2006-08-22,LEAN HOGS ,36655,19288,3199,-160,17367,55943,169300
2006-08-29,LEAN HOGS ,39613,19514,2958,226,20099,59127,175274
2006-07-03,LEAN HOGS ,36021,15575,532,68,20446,51596,162959
2006-07-11,LEAN HOGS ,34254,16456,-1767,881,17798,50710,150897
2006-07-18,LEAN HOGS ,31737,16081,-2517,-375,15656,47818,156875
2006-07-25,LEAN HOGS ,29785,19147,-1952,3066,10638,48932,157440
2006-06-06,LEAN HOGS ,25688,26247,3543,-4411,-559,51935,162294
2006-06-13,LEAN HOGS ,29740,21065,4052,-5182,8675,50805,156142
2006-06-20,LEAN HOGS ,32333,16971,2593,-4094,15362,49304,157887
2006-06-27,LEAN HOGS ,35489,15507,3156,-1464,19982,50996,163074
2006-05-02,LEAN HOGS ,19950,32445,4205,262,-12495,52395,147770
2006-05-09,LEAN HOGS ,22206,30181,2256,-2264,-7975,52387,152354
2006-05-16,LEAN HOGS ,23847,30959,1641,778,-7112,54806,158050
2006-05-23,LEAN HOGS ,23726,30306,-121,-653,-6580,54032,159146
2006-05-30,LEAN HOGS ,22145,30658,-1581,352,-8513,52803,160830
2006-04-04,LEAN HOGS ,17639,29956,230,2762,-12317,47595,143750
2006-04-11,LEAN HOGS ,16117,33504,-1522,3548,-17387,49621,141526
2006-04-18,LEAN HOGS ,14329,33346,-1788,-158,-19017,47675,141618
2006-04-25,LEAN HOGS ,15745,32183,1416,-1163,-16438,47928,149080
2006-03-07,LEAN HOGS ,17365,27114,-2891,-1545,-9749,44479,150110
2006-03-14,LEAN HOGS ,17965,29646,600,2532,-11681,47611,144113
2006-03-21,LEAN HOGS ,18607,29217,642,-429,-10610,47824,142070
2006-03-28,LEAN HOGS ,17409,27194,-1198,-2023,-9785,44603,141642
2006-02-07,LEAN HOGS ,17660,32019,-1066,3199,-14359,49679,142329
2006-02-14,LEAN HOGS ,18990,28140,1330,-3879,-9150,47130,145166
2006-02-21,LEAN HOGS ,19031,25944,41,-2196,-6913,44975,146732
2006-02-28,LEAN HOGS ,20256,28659,1225,2715,-8403,48915,151031
2006-01-03,LEAN HOGS ,26095,14618,1005,2360,11477,40713,126690
2006-01-10,LEAN HOGS ,25619,16073,-476,1455,9546,41692,127687
2006-01-17,LEAN HOGS ,20919,21950,-4700,5877,-1031,42869,137742
2006-01-24,LEAN HOGS ,16723,20395,-4196,-1555,-3672,37118,133458
2006-01-31,LEAN HOGS ,18726,28820,2003,8425,-10094,47546,138926
2005-12-06,LEAN HOGS ,29493,22311,1756,-310,7182,51804,127281
2005-12-13,LEAN HOGS ,29193,15104,-300,-7207,14089,44297,128225
2005-12-20,LEAN HOGS ,24892,12163,-4301,-2941,12729,37055,120458
2005-12-27,LEAN HOGS ,25090,12258,198,95,12832,37348,121168
2005-11-01,LEAN HOGS ,22840,23866,-674,114,-1026,46706,113354
2005-11-08,LEAN HOGS ,25055,23993,2215,127,1062,49048,111740
2005-11-15,LEAN HOGS ,29570,24107,4515,114,5463,53677,116659
2005-11-22,LEAN HOGS ,27144,21993,-2426,-2114,5151,49137,117449
2005-11-29,LEAN HOGS ,27737,22621,593,628,5116,50358,121551
2005-10-04,LEAN HOGS ,24485,23356,1753,903,1129,47841,113443
2005-10-11,LEAN HOGS ,26927,24644,2442,1288,2283,51571,118777
2005-10-18,LEAN HOGS ,23577,20426,-3350,-4218,3151,44003,110126
2005-10-25,LEAN HOGS ,23514,23752,-63,3326,-238,47266,112411
2005-09-06,LEAN HOGS ,19726,21228,2397,-1379,-1502,40954,105279
2005-09-13,LEAN HOGS ,19562,20962,-164,-266,-1400,40524,103785
2005-09-20,LEAN HOGS ,20299,21061,737,99,-762,41360,107630
2005-09-27,LEAN HOGS ,22732,22453,2433,1392,279,45185,111504
2005-08-02,LEAN HOGS ,13735,23031,236,-2685,-9296,36766,95494
2005-08-09,LEAN HOGS ,15389,22811,1654,-220,-7422,38200,95169
2005-08-16,LEAN HOGS ,13943,23510,-1446,699,-9567,37453,90144
2005-08-23,LEAN HOGS ,15059,22419,1116,-1091,-7360,37478,96485
2005-07-05,LEAN HOGS ,11416,26389,1587,-665,-14973,37805,95922
2005-07-12,LEAN HOGS ,12512,26526,1096,137,-14014,39038,94971
2005-07-19,LEAN HOGS ,12826,26247,314,-279,-13421,39073,99342
2005-07-26,LEAN HOGS ,13499,25716,673,-531,-12217,39215,94657
2005-06-07,LEAN HOGS ,10333,21451,-659,3661,-11118,31784,94451
2005-06-14,LEAN HOGS ,10607,24227,274,2776,-13620,34834,92540
2005-06-21,LEAN HOGS ,10460,25943,-147,1716,-15483,36403,88570
2005-06-28,LEAN HOGS ,9829,27054,-631,1111,-17225,36883,91504
2005-05-03,LEAN HOGS ,16815,10211,14,-692,6604,27026,98511
2005-05-10,LEAN HOGS ,14529,11868,-2286,1657,2661,26397,96177
2005-05-17,LEAN HOGS ,12132,11292,-2397,-576,840,23424,96513
2005-05-24,LEAN HOGS ,11919,16247,-213,4955,-4328,28166,96007
2005-05-31,LEAN HOGS ,10992,17790,-927,1543,-6798,28782,98704
2005-04-05,LEAN HOGS ,16844,7534,-1041,510,9310,24378,93914
2005-04-12,LEAN HOGS ,15904,7941,-940,407,7963,23845,92561
2005-04-19,LEAN HOGS ,15493,7280,-411,-661,8213,22773,91542
2005-04-26,LEAN HOGS ,16801,10903,1308,3623,5898,27704,95292
2005-03-01,LEAN HOGS ,22935,8381,5183,746,14554,31316,104265
2005-03-08,LEAN HOGS ,26532,8434,3597,53,18098,34966,104232
2005-03-15,LEAN HOGS ,18711,8282,-7821,-152,10429,26993,89791
2005-03-22,LEAN HOGS ,18294,6994,-417,-1288,11300,25288,91044
2005-03-29,LEAN HOGS ,17885,7024,-409,30,10861,24909,89828
2005-02-01,LEAN HOGS ,24901,7442,-1228,1581,17459,32343,102802
2005-02-08,LEAN HOGS ,22237,9509,-2664,2067,12728,31746,100610
2005-02-15,LEAN HOGS ,17682,10027,-4555,518,7655,27709,94117
2005-02-22,LEAN HOGS ,17752,7635,70,-2392,10117,25387,94216
2005-01-04,LEAN HOGS ,28157,7804,3787,612,20353,35961,105414
2005-01-11,LEAN HOGS ,30498,6214,2341,-1590,24284,36712,103554
2005-01-18,LEAN HOGS ,31028,5967,530,-247,25061,36995,103915
2005-01-25,LEAN HOGS ,26129,5861,-4899,-106,20268,31990,100333
