Date,Symbol,Long,Short,Change Long,Change Short,Net positions,Total positions,Open interest
2021-07-13 00:00:00,LIVE CATTLE ,106260,41603,-5491,1978,64657,147863,297188
2021-07-06 00:00:00,LIVE CATTLE ,111751,39625,-2313,-1366,72126,151376,301276
2021-06-01 00:00:00,LIVE CATTLE ,114916,55430,-2622,4483,59486,170346,307484
2021-06-08 00:00:00,LIVE CATTLE ,114447,52959,-469,-2471,61488,167406,299937
2021-06-15 00:00:00,LIVE CATTLE ,117766,48445,3319,-4514,69321,166211,298470
2021-06-22 00:00:00,LIVE CATTLE ,118184,43270,418,-5175,74914,161454,299739
2021-06-29 00:00:00,LIVE CATTLE ,114064,40991,-4120,-2279,73073,155055,298250
2021-05-04 00:00:00,LIVE CATTLE ,116956,61527,-409,6416,55429,178483,319895
2021-05-11 00:00:00,LIVE CATTLE ,118722,55568,1766,-5959,63154,174290,317964
2021-05-18 00:00:00,LIVE CATTLE ,119080,52125,358,-3443,66955,171205,321653
2021-05-25 00:00:00,LIVE CATTLE ,117538,50947,-1542,-1178,66591,168485,314914
2021-04-06 00:00:00,LIVE CATTLE ,134251,41568,8716,-111,92683,175819,343764
2021-04-13 00:00:00,LIVE CATTLE ,133829,43526,-422,1958,90303,177355,338260
2021-04-20 00:00:00,LIVE CATTLE ,124458,50253,-9371,6727,74205,174711,329481
2021-04-27 00:00:00,LIVE CATTLE ,117365,55111,-7093,4858,62254,172476,325889
2021-03-02 00:00:00,LIVE CATTLE ,124188,40556,-5638,237,83632,164744,334771
2021-03-09 00:00:00,LIVE CATTLE ,123289,39413,-899,-1143,83876,162702,332811
2021-03-16 00:00:00,LIVE CATTLE ,123037,37752,-252,-1661,85285,160789,339538
2021-03-23 00:00:00,LIVE CATTLE ,120460,41830,-2577,4078,78630,162290,335893
2021-03-30 00:00:00,LIVE CATTLE ,125535,41679,5075,-151,83856,167214,337652
2021-02-02 00:00:00,LIVE CATTLE ,119530,40335,3852,-913,79195,159865,326813
2021-02-09 00:00:00,LIVE CATTLE ,126480,34385,6950,-5950,92095,160865,327998
2021-02-16 00:00:00,LIVE CATTLE ,133748,37547,7268,3162,96201,171295,335474
2021-02-23 00:00:00,LIVE CATTLE ,129826,40319,-3922,2772,89507,170145,335763
2021-01-05 00:00:00,LIVE CATTLE ,97429,40704,-548,3033,56725,138133,295130
2021-01-12 00:00:00,LIVE CATTLE ,98495,46458,1066,5754,52037,144953,309816
2021-01-19 00:00:00,LIVE CATTLE ,101532,50177,3037,3719,51355,151709,319711
2021-01-26 00:00:00,LIVE CATTLE ,115678,41248,14146,-8929,74430,156926,330153
2020-12-01 00:00:00,LIVE CATTLE ,92093,45186,4740,1470,46907,137279,276540
2020-12-08 00:00:00,LIVE CATTLE ,92081,42902,-12,-2284,49179,134983,280347
2020-12-15 00:00:00,LIVE CATTLE ,95963,43399,3882,497,52564,139362,285447
2020-12-21 00:00:00,LIVE CATTLE ,99935,40302,3972,-3097,59633,140237,286828
2020-12-29 00:00:00,LIVE CATTLE ,97977,37671,-1958,-2631,60306,135648,290656
2020-11-03 00:00:00,LIVE CATTLE ,81361,56897,-2051,-1305,24464,138258,274781
2020-11-10 00:00:00,LIVE CATTLE ,80636,46238,-725,-10659,34398,126874,272937
2020-11-17 00:00:00,LIVE CATTLE ,85280,42393,4644,-3845,42887,127673,274607
2020-11-24 00:00:00,LIVE CATTLE ,87353,43716,2073,1323,43637,131069,275793
2020-10-06 00:00:00,LIVE CATTLE ,97587,35142,-7040,-3796,62445,132729,292713
2020-10-13 00:00:00,LIVE CATTLE ,96600,39524,-987,4382,57076,136124,274870
2020-10-20 00:00:00,LIVE CATTLE ,89369,48024,-7231,8500,41345,137393,269100
2020-10-27 00:00:00,LIVE CATTLE ,83412,58202,-5957,10178,25210,141614,276956
2020-09-01 00:00:00,LIVE CATTLE ,101734,38826,-501,1614,62908,140560,296230
2020-09-08 00:00:00,LIVE CATTLE ,102011,37891,277,-935,64120,139902,292001
2020-09-15 00:00:00,LIVE CATTLE ,102551,36437,540,-1454,66114,138988,293213
2020-09-22 00:00:00,LIVE CATTLE ,99890,37361,-2661,924,62529,137251,294392
2020-09-29 00:00:00,LIVE CATTLE ,104627,38938,4737,1577,65689,143565,303540
2020-08-04 00:00:00,LIVE CATTLE ,84504,43802,3527,557,40702,128306,286440
2020-08-11 00:00:00,LIVE CATTLE ,89728,40101,5224,-3701,49627,129829,288083
2020-08-18 00:00:00,LIVE CATTLE ,98726,38144,8998,-1957,60582,136870,291071
2020-08-25 00:00:00,LIVE CATTLE ,102235,37212,3509,-932,65023,139447,298063
2020-07-07 00:00:00,LIVE CATTLE ,73759,45411,2778,-1692,28348,119170,271400
2020-07-14 00:00:00,LIVE CATTLE ,70466,43137,-3293,-2274,27329,113603,264808
2020-07-21 00:00:00,LIVE CATTLE ,76046,42907,5580,-230,33139,118953,278666
2020-07-28 00:00:00,LIVE CATTLE ,80977,43245,4931,338,37732,124222,281860
2020-06-02 00:00:00,LIVE CATTLE ,73758,40269,3051,4223,33489,114027,268330
2020-06-09 00:00:00,LIVE CATTLE ,69927,42290,-3831,2021,27637,112217,267373
2020-06-16 00:00:00,LIVE CATTLE ,67714,43710,-2213,1420,24004,111424,272003
2020-06-23 00:00:00,LIVE CATTLE ,70703,46268,2989,2558,24435,116971,277497
2020-06-30 00:00:00,LIVE CATTLE ,70981,47103,278,835,23878,118084,275097
2020-05-05 00:00:00,LIVE CATTLE ,70630,41289,-1737,-550,29341,111919,273107
2020-05-12 00:00:00,LIVE CATTLE ,69544,35186,-1086,-6103,34358,104730,260608
2020-05-19 00:00:00,LIVE CATTLE ,69511,35186,-33,0,34325,104697,258012
2020-05-26 00:00:00,LIVE CATTLE ,70707,36046,1196,860,34661,106753,260172
2020-04-07 00:00:00,LIVE CATTLE ,67674,47565,-6122,-2365,20109,115239,265359
2020-04-14 00:00:00,LIVE CATTLE ,70601,46242,2927,-1323,24359,116843,265223
2020-04-21 00:00:00,LIVE CATTLE ,71208,43869,607,-2373,27339,115077,265434
2020-04-28 00:00:00,LIVE CATTLE ,72367,41839,1159,-2030,30528,114206,266919
2020-03-03 00:00:00,LIVE CATTLE ,93021,68498,-1860,6695,24523,161519,344960
2020-03-10 00:00:00,LIVE CATTLE ,91703,72093,-1318,3595,19610,163796,332804
2020-03-17 00:00:00,LIVE CATTLE ,81695,65251,-10008,-6842,16444,146946,299434
2020-03-24 00:00:00,LIVE CATTLE ,77494,55494,-4201,-9757,22000,132988,275540
2020-03-31 00:00:00,LIVE CATTLE ,73796,49930,-3698,-5564,23866,123726,264447
2020-02-04 00:00:00,LIVE CATTLE ,113267,42722,-18377,-9671,70545,155989,343504
2020-02-11 00:00:00,LIVE CATTLE ,99314,42097,-13953,-625,57217,141411,333065
2020-02-18 00:00:00,LIVE CATTLE ,101101,50174,1787,8077,50927,151275,338621
2020-02-25 00:00:00,LIVE CATTLE ,94881,61803,-6220,11629,33078,156684,347268
2020-01-07 00:00:00,LIVE CATTLE ,142231,57231,-756,730,85000,199462,381118
2020-01-14 00:00:00,LIVE CATTLE ,145589,58900,3358,1669,86689,204489,394435
2020-01-21 00:00:00,LIVE CATTLE ,148073,56434,2484,-2466,91639,204507,400533
2020-01-28 00:00:00,LIVE CATTLE ,131644,52393,-16429,-4041,79251,184037,370156
2019-12-03 00:00:00,LIVE CATTLE ,140036,61709,827,1952,78327,201745,382583
2019-12-10 00:00:00,LIVE CATTLE ,142277,58673,2241,-3036,83604,200950,377113
2019-12-17 00:00:00,LIVE CATTLE ,151165,58343,8888,-330,92822,209508,386538
2019-12-31 00:00:00,LIVE CATTLE ,142987,56501,-4402,333,86486,199488,378966
2019-11-05 00:00:00,LIVE CATTLE ,119658,56629,17027,1306,63029,176287,349203
2019-11-12 00:00:00,LIVE CATTLE ,128301,53665,8643,-2964,74636,181966,352270
2019-11-19 00:00:00,LIVE CATTLE ,135508,56271,7207,2606,79237,191779,369746
2019-11-26 00:00:00,LIVE CATTLE ,139209,59757,3701,3486,79452,198966,384203
2019-10-01 00:00:00,LIVE CATTLE ,91900,62612,-1805,-9596,29288,154512,313045
2019-10-08 00:00:00,LIVE CATTLE ,86911,59221,-4989,-3391,27690,146132,303580
2019-10-15 00:00:00,LIVE CATTLE ,90293,55013,3382,-4208,35280,145306,300028
2019-10-22 00:00:00,LIVE CATTLE ,95695,53471,5402,-1542,42224,149166,306948
2019-10-29 00:00:00,LIVE CATTLE ,102631,55323,6936,1852,47308,157954,318668
2019-09-03 00:00:00,LIVE CATTLE ,94315,64765,1896,3708,29550,159080,343125
2019-09-10 00:00:00,LIVE CATTLE ,93893,73839,-422,9074,20054,167732,355921
2019-09-17 00:00:00,LIVE CATTLE ,96243,74432,2350,593,21811,170675,335187
2019-09-24 00:00:00,LIVE CATTLE ,93705,72208,-2538,-2224,21497,165913,325373
2019-08-06 00:00:00,LIVE CATTLE ,96532,47344,-4383,3054,49188,143876,314504
2019-08-13 00:00:00,LIVE CATTLE ,93464,48732,-3068,1388,44732,142196,317899
2019-08-20 00:00:00,LIVE CATTLE ,91194,60419,-2270,11687,30775,151613,329720
2019-08-27 00:00:00,LIVE CATTLE ,92419,61057,1225,638,31362,153476,332840
2019-07-02 00:00:00,LIVE CATTLE ,105290,50911,-3011,1553,54379,156201,349488
2019-07-09 00:00:00,LIVE CATTLE ,102511,49753,-2779,-1158,52758,152264,336340
2019-07-16 00:00:00,LIVE CATTLE ,102309,47003,-202,-2750,55306,149312,328231
2019-07-23 00:00:00,LIVE CATTLE ,99574,46084,-2735,-919,53490,145658,323342
2019-07-30 00:00:00,LIVE CATTLE ,100915,44290,1341,-1794,56625,145205,320726
2019-06-04 00:00:00,LIVE CATTLE ,124443,42525,-7872,8401,81918,166968,373198
2019-06-11 00:00:00,LIVE CATTLE ,113250,44311,-11193,1786,68939,157561,359965
2019-06-18 00:00:00,LIVE CATTLE ,112836,46575,-414,2264,66261,159411,351973
2019-06-25 00:00:00,LIVE CATTLE ,108301,49358,-4535,2783,58943,157659,350577
2019-05-07 00:00:00,LIVE CATTLE ,153372,26725,-21333,-2283,126647,180097,383343
2019-05-14 00:00:00,LIVE CATTLE ,143065,28416,-10307,1691,114649,171481,379870
2019-05-21 00:00:00,LIVE CATTLE ,136361,31869,-6704,3453,104492,168230,379795
2019-05-28 00:00:00,LIVE CATTLE ,132315,34124,-4046,2255,98191,166439,378704
2019-04-02 00:00:00,LIVE CATTLE ,193786,38686,-6310,-6289,155100,232472,440142
2019-04-09 00:00:00,LIVE CATTLE ,195081,36351,1295,-2335,158730,231432,443608
2019-04-16 00:00:00,LIVE CATTLE ,202072,38362,6991,2011,163710,240434,448683
2019-04-23 00:00:00,LIVE CATTLE ,204720,39582,2648,1220,165138,244302,451531
2019-04-30 00:00:00,LIVE CATTLE ,174705,29008,-30015,-10574,145697,203713,417847
2019-03-05 00:00:00,LIVE CATTLE ,180903,44907,8840,2882,135996,225810,423752
2019-03-12 00:00:00,LIVE CATTLE ,182501,46321,1598,1414,136180,228822,430551
2019-03-19 00:00:00,LIVE CATTLE ,194634,44344,12133,-1977,150290,238978,443576
2019-03-26 00:00:00,LIVE CATTLE ,200096,44975,5462,631,155121,245071,450055
2019-02-05 00:00:00,LIVE CATTLE ,155658,38614,3569,-4865,117044,194272,386423
2019-02-12 00:00:00,LIVE CATTLE ,159821,37317,4163,-1297,122504,197138,388678
2019-02-19 00:00:00,LIVE CATTLE ,163834,39398,4013,2081,124436,203232,391831
2019-02-26 00:00:00,LIVE CATTLE ,172063,42025,8229,2627,130038,214088,403076
2019-01-08 00:00:00,LIVE CATTLE ,140414,37558,-7,1431,102856,177972,383428
2019-01-15 00:00:00,LIVE CATTLE ,146928,39015,6514,1457,107913,185943,388310
2019-01-22 00:00:00,LIVE CATTLE ,148751,41732,1823,2717,107019,190483,389136
2019-01-29 00:00:00,LIVE CATTLE ,152089,43479,3338,1747,108610,195568,387842
2018-12-04 00:00:00,LIVE CATTLE ,121936,41898,2517,11,80038,163834,334919
2018-12-11 00:00:00,LIVE CATTLE ,123179,37846,1243,-4052,85333,161025,339833
2018-12-18 00:00:00,LIVE CATTLE ,132310,37033,9131,-813,95277,169343,348361
2018-12-24 00:00:00,LIVE CATTLE ,130633,35819,-1677,-1214,94814,166452,353417
2018-12-31 00:00:00,LIVE CATTLE ,140421,36127,9788,308,104294,176548,376145
2018-11-06 00:00:00,LIVE CATTLE ,119002,43375,-785,2910,75627,162377,353057
2018-11-13 00:00:00,LIVE CATTLE ,111003,43361,-7999,-14,67642,154364,337792
2018-11-20 00:00:00,LIVE CATTLE ,113356,42843,2353,-518,70513,156199,340089
2018-11-27 00:00:00,LIVE CATTLE ,119419,41887,6063,-956,77532,161306,344291
2018-10-02 00:00:00,LIVE CATTLE ,123175,36306,5854,3175,86869,159481,336247
2018-10-09 00:00:00,LIVE CATTLE ,121957,35335,-1218,-971,86622,157292,341490
2018-10-16 00:00:00,LIVE CATTLE ,121760,36684,-197,1349,85076,158444,329921
2018-10-23 00:00:00,LIVE CATTLE ,121358,36897,-402,213,84461,158255,331629
2018-10-30 00:00:00,LIVE CATTLE ,119787,40465,-1571,3568,79322,160252,344765
2018-09-04 00:00:00,LIVE CATTLE ,109457,43926,1876,1474,65531,153383,305289
2018-09-11 00:00:00,LIVE CATTLE ,106544,45535,-2913,1609,61009,152079,302193
2018-09-18 00:00:00,LIVE CATTLE ,115352,34597,8808,-10938,80755,149949,318844
2018-09-29 00:00:00,LIVE CATTLE ,117321,33131,1969,-1466,84190,150452,326486
2018-08-07 00:00:00,LIVE CATTLE ,106467,43823,-3169,-10654,62644,150290,301335
2018-08-14 00:00:00,LIVE CATTLE ,104397,43794,-2070,-29,60603,148191,299012
2018-08-21 00:00:00,LIVE CATTLE ,108544,40660,4147,-3134,67884,149204,297776
2018-08-28 00:00:00,LIVE CATTLE ,107581,42452,-963,1792,65129,150033,299624
2018-07-03 00:00:00,LIVE CATTLE ,106011,82572,-1091,-5504,23439,188583,323072
2018-07-10 00:00:00,LIVE CATTLE ,108027,66672,2016,-15900,41355,174699,320484
2018-07-17 00:00:00,LIVE CATTLE ,107693,65098,-334,-1574,42595,172791,320584
2018-07-24 00:00:00,LIVE CATTLE ,110184,57611,2491,-7487,52573,167795,313312
2018-07-31 00:00:00,LIVE CATTLE ,109636,54477,-548,-3134,55159,164113,309820
2018-06-05 00:00:00,LIVE CATTLE ,107208,94415,-3646,-3015,12793,201623,335678
2018-06-12 00:00:00,LIVE CATTLE ,110731,91994,3523,-2421,18737,202725,331448
2018-06-19 00:00:00,LIVE CATTLE ,107739,87126,-2992,-4868,20613,194865,326931
2018-06-26 00:00:00,LIVE CATTLE ,107102,88076,-637,950,19026,195178,327387
2018-05-01 00:00:00,LIVE CATTLE ,105355,88215,-5209,371,17140,193570,351026
2018-05-08 00:00:00,LIVE CATTLE ,110606,92545,5251,4330,18061,203151,360530
2018-05-15 00:00:00,LIVE CATTLE ,109283,97979,-1323,5434,11304,207262,358064
2018-05-22 00:00:00,LIVE CATTLE ,110657,98410,1374,431,12247,209067,359160
2018-05-29 00:00:00,LIVE CATTLE ,110854,97430,197,-980,13424,208284,352638
2018-04-03 00:00:00,LIVE CATTLE ,120726,75584,3028,14313,45142,196310,356975
2018-04-10 00:00:00,LIVE CATTLE ,116948,81969,-3778,6385,34979,198917,348516
2018-04-17 00:00:00,LIVE CATTLE ,114697,85631,-2251,3662,29066,200328,344649
2018-04-24 00:00:00,LIVE CATTLE ,119751,87844,5054,2213,31907,207595,346558
2018-03-06 00:00:00,LIVE CATTLE ,142483,46268,-10729,-2205,96215,188751,372271
2018-03-13 00:00:00,LIVE CATTLE ,132467,44307,-10016,-1961,88160,176774,362117
2018-03-20 00:00:00,LIVE CATTLE ,123150,49868,-9317,5561,73282,173018,356462
2018-03-27 00:00:00,LIVE CATTLE ,117698,61271,-5452,11403,56427,178969,357162
2018-02-06 00:00:00,LIVE CATTLE ,144488,42501,6468,-1476,101987,186989,370240
2018-02-13 00:00:00,LIVE CATTLE ,144242,43928,-246,1427,100314,188170,367150
2018-02-20 00:00:00,LIVE CATTLE ,154727,47708,10485,3780,107019,202435,374545
2018-02-27 00:00:00,LIVE CATTLE ,153212,48473,-1515,765,104739,201685,376912
2018-01-02 00:00:00,LIVE CATTLE ,125585,32124,376,1650,93461,157709,339523
2018-01-09 00:00:00,LIVE CATTLE ,126406,38069,821,5945,88337,164475,345392
2018-01-16 00:00:00,LIVE CATTLE ,123809,41459,-2597,3390,82350,165268,353365
2018-01-23 00:00:00,LIVE CATTLE ,132373,40913,8564,-546,91460,173286,356761
2018-01-30 00:00:00,LIVE CATTLE ,138020,43977,5647,3064,94043,181997,364909
2017-12-05 00:00:00,LIVE CATTLE ,157125,32587,-5763,-1557,124538,189712,361073
2017-12-12 00:00:00,LIVE CATTLE ,138271,27431,-18854,-5156,110840,165702,338330
2017-12-19 00:00:00,LIVE CATTLE ,131439,27917,-6832,486,103522,159356,334657
2017-12-26 00:00:00,LIVE CATTLE ,125209,30474,-6230,2557,94735,155683,331898
2017-11-07 00:00:00,LIVE CATTLE ,178816,40058,11360,111,138758,218874,382837
2017-11-14 00:00:00,LIVE CATTLE ,176150,37607,-2666,-2451,138543,213757,386037
2017-11-21 00:00:00,LIVE CATTLE ,164709,34720,-11441,-2887,129989,199429,379776
2017-11-28 00:00:00,LIVE CATTLE ,162888,34144,-1821,-576,128744,197032,378955
2017-10-03 00:00:00,LIVE CATTLE ,144570,37487,2618,-6029,107083,182057,333751
2017-10-10 00:00:00,LIVE CATTLE ,145551,33468,981,-4019,112083,179019,329911
2017-10-17 00:00:00,LIVE CATTLE ,146918,33885,1367,417,113033,180803,330237
2017-10-24 00:00:00,LIVE CATTLE ,153400,33772,6482,-113,119628,187172,335944
2017-10-31 00:00:00,LIVE CATTLE ,167456,39947,14056,6175,127509,207403,354471
2017-09-05 00:00:00,LIVE CATTLE ,130670,47509,-2669,582,83161,178179,315133
2017-09-12 00:00:00,LIVE CATTLE ,134143,46307,3473,-1202,87836,180450,319502
2017-09-19 00:00:00,LIVE CATTLE ,136348,43182,2205,-3125,93166,179530,326758
2017-09-26 00:00:00,LIVE CATTLE ,141952,43516,5604,334,98436,185468,337971
2017-08-01 00:00:00,LIVE CATTLE ,149377,41744,-4624,-2400,107633,191121,352122
2017-08-08 00:00:00,LIVE CATTLE ,143077,37662,-6300,-4082,105415,180739,326354
2017-08-15 00:00:00,LIVE CATTLE ,133366,39740,-9711,2078,93626,173106,310042
2017-08-22 00:00:00,LIVE CATTLE ,132456,39476,-910,-264,92980,171932,313561
2017-08-29 00:00:00,LIVE CATTLE ,133339,46927,883,7451,86412,180266,316265
2017-07-03 00:00:00,LIVE CATTLE ,164605,44600,-8479,-704,120005,209205,377773
2017-07-11 00:00:00,LIVE CATTLE ,161158,46392,-3447,1792,114766,207550,371693
2017-07-18 00:00:00,LIVE CATTLE ,158255,46929,-2903,537,111326,205184,376022
2017-07-25 00:00:00,LIVE CATTLE ,154001,44144,-4254,-2785,109857,198145,372859
2017-06-06 00:00:00,LIVE CATTLE ,182134,47183,2701,-1357,134951,229317,414712
2017-06-13 00:00:00,LIVE CATTLE ,184051,48059,1917,876,135992,232110,413641
2017-06-20 00:00:00,LIVE CATTLE ,179323,47256,-4728,-803,132067,226579,399762
2017-06-27 00:00:00,LIVE CATTLE ,173084,45304,-6239,-1952,127780,218388,386092
2017-05-02 00:00:00,LIVE CATTLE ,182094,54187,2605,5212,127907,236281,431718
2017-05-09 00:00:00,LIVE CATTLE ,178774,54973,-3320,786,123801,233747,420116
2017-05-16 00:00:00,LIVE CATTLE ,175940,49570,-2834,-5403,126370,225510,416324
2017-05-23 00:00:00,LIVE CATTLE ,181214,49476,5274,-94,131738,230690,420815
2017-05-30 00:00:00,LIVE CATTLE ,179433,48540,-1781,-936,130893,227973,421529
2017-04-04 00:00:00,LIVE CATTLE ,160629,47497,2166,1049,113132,208126,390786
2017-04-11 00:00:00,LIVE CATTLE ,163709,41672,3080,-5825,122037,205381,394324
2017-04-18 00:00:00,LIVE CATTLE ,173676,43868,9967,2196,129808,217544,409097
2017-04-25 00:00:00,LIVE CATTLE ,179489,48975,5813,5107,130514,228464,414477
2017-03-07 00:00:00,LIVE CATTLE ,131766,41624,69,118,90142,173390,338857
2017-03-14 00:00:00,LIVE CATTLE ,135968,42580,4202,956,93388,178548,349874
2017-03-21 00:00:00,LIVE CATTLE ,145983,42807,10015,227,103176,188790,367767
2017-03-28 00:00:00,LIVE CATTLE ,158463,46448,12480,3641,112015,204911,388405
2017-02-07 00:00:00,LIVE CATTLE ,137381,40946,-5766,-5908,96435,178327,338623
2017-02-14 00:00:00,LIVE CATTLE ,129921,38903,-7460,-2043,91018,168824,327514
2017-02-21 00:00:00,LIVE CATTLE ,128504,40135,-1417,1232,88369,168639,326967
2017-02-28 00:00:00,LIVE CATTLE ,131697,41506,3193,1371,90191,173203,335075
2017-01-03 00:00:00,LIVE CATTLE ,8565,6420,0,0,2145,14985,306995
2017-01-10 00:00:00,LIVE CATTLE ,134867,42560,3169,-551,92307,177427,323835
2017-01-17 00:00:00,LIVE CATTLE ,139888,45142,5021,2582,94746,185030,336427
2017-01-24 00:00:00,LIVE CATTLE ,144393,48369,4505,3227,96024,192762,349379
2017-01-31 00:00:00,LIVE CATTLE ,143147,46854,-1246,-1515,96293,190001,350015
2016-12-06 00:00:00,LIVE CATTLE ,114022,46933,2885,-6856,67089,160955,283740
2016-12-13 00:00:00,LIVE CATTLE ,118748,46426,4726,-507,72322,165174,288630
2016-12-20 00:00:00,LIVE CATTLE ,126104,45031,7356,-1395,81073,171135,300306
2016-12-27 00:00:00,LIVE CATTLE ,130382,43393,4278,-1638,86989,173775,307654
2016-11-01 00:00:00,LIVE CATTLE ,103692,77495,-274,-7200,26197,181187,275224
2016-11-08 00:00:00,LIVE CATTLE ,98105,74774,-5587,-2721,23331,172879,273341
2016-11-15 00:00:00,LIVE CATTLE ,99302,70720,1197,-4054,28582,170022,273699
2016-11-22 00:00:00,LIVE CATTLE ,106898,60406,7596,-10314,46492,167304,282892
2016-11-29 00:00:00,LIVE CATTLE ,111137,53789,4239,-6617,57348,164926,288547
2016-10-04 00:00:00,LIVE CATTLE ,106085,88527,-2605,-2142,17558,194612,264662
2016-10-11 00:00:00,LIVE CATTLE ,101266,84926,-4819,-3601,16340,186192,263180
2016-10-18 00:00:00,LIVE CATTLE ,102304,88453,1038,3527,13851,190757,268448
2016-10-25 00:00:00,LIVE CATTLE ,103966,84695,1662,-3758,19271,188661,273170
2016-09-06 00:00:00,LIVE CATTLE ,103396,87930,4020,8623,15466,191326,263449
2016-09-13 00:00:00,LIVE CATTLE ,105072,92113,1676,4183,12959,197185,260424
2016-09-20 00:00:00,LIVE CATTLE ,106055,91423,983,-690,14632,197478,261549
2016-09-27 00:00:00,LIVE CATTLE ,108690,90669,2635,-754,18021,199359,266390
2016-08-02 00:00:00,LIVE CATTLE ,96450,64595,3999,-6842,31855,161045,252242
2016-08-09 00:00:00,LIVE CATTLE ,94252,57741,-2198,-6854,36511,151993,239760
2016-08-16 00:00:00,LIVE CATTLE ,94215,60354,-37,2613,33861,154569,241313
2016-08-23 00:00:00,LIVE CATTLE ,96229,63232,2014,2878,32997,159461,246157
2016-08-30 00:00:00,LIVE CATTLE ,99376,79307,3147,16075,20069,178683,255282
2016-07-05 00:00:00,LIVE CATTLE ,88105,71628,2779,1693,16477,159733,247585
2016-07-12 00:00:00,LIVE CATTLE ,89979,77890,1874,6262,12089,167869,250841
2016-07-19 00:00:00,LIVE CATTLE ,90113,72476,134,-5414,17637,162589,244571
2016-07-26 00:00:00,LIVE CATTLE ,92451,71437,2338,-1039,21014,163888,251923
2016-06-07 00:00:00,LIVE CATTLE ,88198,61203,-5760,-3709,26995,149401,250554
2016-06-14 00:00:00,LIVE CATTLE ,89622,63748,1424,2545,25874,153370,247348
2016-06-21 00:00:00,LIVE CATTLE ,87189,69210,-2433,5462,17979,156399,244356
2016-06-28 00:00:00,LIVE CATTLE ,85326,69935,-1863,725,15391,155261,242236
2016-05-03 00:00:00,LIVE CATTLE ,95782,80328,5018,7159,15454,176110,277517
2016-05-10 00:00:00,LIVE CATTLE ,91113,76378,-4669,-3950,14735,167491,274142
2016-05-17 00:00:00,LIVE CATTLE ,98969,65205,7856,-11173,33764,164174,268314
2016-05-24 00:00:00,LIVE CATTLE ,95972,66556,-2997,1351,29416,162528,268683
2016-05-31 00:00:00,LIVE CATTLE ,93958,64912,-2014,-1644,29046,158870,259279
2016-04-05 00:00:00,LIVE CATTLE ,87192,63327,484,4357,23865,150519,283032
2016-04-12 00:00:00,LIVE CATTLE ,89342,67445,2150,4118,21897,156787,288959
2016-04-19 00:00:00,LIVE CATTLE ,90277,69375,935,1930,20902,159652,282850
2016-04-26 00:00:00,LIVE CATTLE ,90764,73169,487,3794,17595,163933,274631
2016-03-01 00:00:00,LIVE CATTLE ,78988,65094,8439,469,13894,144082,280951
2016-03-08 00:00:00,LIVE CATTLE ,82681,63751,3693,-1343,18930,146432,288597
2016-03-15 00:00:00,LIVE CATTLE ,88336,55670,5655,-8081,32666,144006,292575
2016-03-22 00:00:00,LIVE CATTLE ,92549,54525,4213,-1145,38024,147074,296499
2016-03-29 00:00:00,LIVE CATTLE ,86708,58970,-5841,4445,27738,145678,293880
2016-02-02 00:00:00,LIVE CATTLE ,68636,75009,3850,6497,-6373,143645,276556
2016-02-09 00:00:00,LIVE CATTLE ,70276,68459,1640,-6550,1817,138735,268120
2016-02-16 00:00:00,LIVE CATTLE ,69662,67946,-614,-513,1716,137608,272135
2016-02-23 00:00:00,LIVE CATTLE ,70549,64625,887,-3321,5924,135174,270927
2016-01-05 00:00:00,LIVE CATTLE ,62490,69436,936,-3999,-6946,131926,265072
2016-01-12 00:00:00,LIVE CATTLE ,65092,66775,2602,-2661,-1683,131867,274995
2016-01-19 00:00:00,LIVE CATTLE ,65048,66765,-44,-10,-1717,131813,275924
2016-01-26 00:00:00,LIVE CATTLE ,64786,68512,-262,1747,-3726,133298,277264
2015-12-01 00:00:00,LIVE CATTLE ,71090,85096,-610,2385,-14006,156186,274364
2015-12-08 00:00:00,LIVE CATTLE ,69012,80635,-2078,-4461,-11623,149647,251061
2015-12-15 00:00:00,LIVE CATTLE ,69351,78141,339,-2494,-8790,147492,248936
2015-12-22 00:00:00,LIVE CATTLE ,65121,74030,-4230,-4111,-8909,139151,250860
2015-12-29 00:00:00,LIVE CATTLE ,61554,73435,-3567,-595,-11881,134989,262818
2015-11-03 00:00:00,LIVE CATTLE ,63984,75210,1592,315,-11226,139194,266672
2015-11-10 00:00:00,LIVE CATTLE ,68610,79855,4626,4645,-11245,148465,267425
2015-11-17 00:00:00,LIVE CATTLE ,68445,80086,-165,231,-11641,148531,272654
2015-11-24 00:00:00,LIVE CATTLE ,71700,82711,3255,2625,-11011,154411,278849
2015-10-06 00:00:00,LIVE CATTLE ,68050,78133,-2388,-3747,-10083,146183,259893
2015-10-13 00:00:00,LIVE CATTLE ,64665,85219,-3385,7086,-20554,149884,260412
2015-10-20 00:00:00,LIVE CATTLE ,60933,80788,-3732,-4431,-19855,141721,254409
2015-10-27 00:00:00,LIVE CATTLE ,62392,74895,1459,-5893,-12503,137287,256978
2015-09-01 00:00:00,LIVE CATTLE ,71332,67927,-496,5919,3405,139259,246990
2015-09-08 00:00:00,LIVE CATTLE ,68430,71582,-2902,3655,-3152,140012,253003
2015-09-15 00:00:00,LIVE CATTLE ,71504,76870,3074,5288,-5366,148374,259861
2015-09-22 00:00:00,LIVE CATTLE ,71358,83749,-146,6879,-12391,155107,267058
2015-09-29 00:00:00,LIVE CATTLE ,70438,81880,-920,-1869,-11442,152318,261329
2015-08-04 00:00:00,LIVE CATTLE ,73193,64111,-5324,5388,9082,137304,242340
2015-08-11 00:00:00,LIVE CATTLE ,71597,57985,-1596,-6126,13612,129582,229259
2015-08-18 00:00:00,LIVE CATTLE ,71618,57560,21,-425,14058,129178,228832
2015-08-25 00:00:00,LIVE CATTLE ,71828,62008,210,4448,9820,133836,241162
2015-07-07 00:00:00,LIVE CATTLE ,102578,42338,-5596,490,60240,144916,247813
2015-07-14 00:00:00,LIVE CATTLE ,84094,40050,-18484,-2288,44044,124144,235318
2015-07-21 00:00:00,LIVE CATTLE ,77130,46441,-6964,6391,30689,123571,238026
2015-07-28 00:00:00,LIVE CATTLE ,78517,58723,1387,12282,19794,137240,241198
2015-06-02 00:00:00,LIVE CATTLE ,127566,45754,-1995,384,81812,173320,314748
2015-06-09 00:00:00,LIVE CATTLE ,127915,41300,349,-4454,86615,169215,300359
2015-06-16 00:00:00,LIVE CATTLE ,122365,41472,-5550,172,80893,163837,289075
2015-06-23 00:00:00,LIVE CATTLE ,118083,44064,-4282,2592,74019,162147,276256
2015-06-30 00:00:00,LIVE CATTLE ,108174,41848,-9909,-2216,66326,150022,250887
2015-05-05 00:00:00,LIVE CATTLE ,118389,42828,1712,-3454,75561,161217,281876
2015-05-12 00:00:00,LIVE CATTLE ,122287,42476,3898,-352,79811,164763,288011
2015-05-19 00:00:00,LIVE CATTLE ,127878,42520,5591,44,85358,170398,303895
2015-05-26 00:00:00,LIVE CATTLE ,129561,45370,1683,2850,84191,174931,310681
2015-04-07 00:00:00,LIVE CATTLE ,109189,42211,2079,-7982,66978,151400,268587
2015-04-14 00:00:00,LIVE CATTLE ,113184,40960,3995,-1251,72224,154144,275475
2015-04-21 00:00:00,LIVE CATTLE ,110806,43253,-2378,2293,67553,154059,272115
2015-04-28 00:00:00,LIVE CATTLE ,116677,46282,5871,3029,70395,162959,277402
2015-03-03 00:00:00,LIVE CATTLE ,89099,53307,965,3332,35792,142406,243159
2015-03-10 00:00:00,LIVE CATTLE ,91372,51434,2273,-1873,39938,142806,248433
2015-03-17 00:00:00,LIVE CATTLE ,92725,50749,1353,-685,41976,143474,259366
2015-03-24 00:00:00,LIVE CATTLE ,102248,48515,9523,-2234,53733,150763,271721
2015-03-31 00:00:00,LIVE CATTLE ,107110,50193,4862,1678,56917,157303,278224
2015-02-03 00:00:00,LIVE CATTLE ,94461,52252,1520,7571,42209,146713,249858
2015-02-10 00:00:00,LIVE CATTLE ,88218,48404,-6243,-3848,39814,136622,237992
2015-02-17 00:00:00,LIVE CATTLE ,88629,51848,411,3444,36781,140477,241511
2015-02-24 00:00:00,LIVE CATTLE ,88134,49975,-495,-1873,38159,138109,243455
2015-01-06 00:00:00,LIVE CATTLE ,114179,52303,3080,7062,61876,166482,272939
2015-01-13 00:00:00,LIVE CATTLE ,111195,48538,-2984,-3765,62657,159733,269814
2015-01-20 00:00:00,LIVE CATTLE ,98199,44777,-12996,-3761,53422,142976,256360
2015-01-27 00:00:00,LIVE CATTLE ,92941,44681,-5258,-96,48260,137622,247017
2014-12-09 00:00:00,LIVE CATTLE ,145586,48606,-11644,-4847,96980,194192,296710
2014-12-16 00:00:00,LIVE CATTLE ,137071,50186,-8515,1580,86885,187257,289532
2014-12-23 00:00:00,LIVE CATTLE ,110489,47089,-26582,-3097,63400,157578,267964
2014-12-30 00:00:00,LIVE CATTLE ,111099,45241,610,-1848,65858,156340,266501
2014-11-04 00:00:00,LIVE CATTLE ,144150,54876,-1455,688,89274,199026,308314
2014-11-11 00:00:00,LIVE CATTLE ,143245,55722,-905,846,87523,198967,309987
2014-11-18 00:00:00,LIVE CATTLE ,149325,54885,6080,-837,94440,204210,323230
2014-10-07 00:00:00,LIVE CATTLE ,147037,52301,-1156,-10965,94736,199338,317510
2014-10-14 00:00:00,LIVE CATTLE ,147428,52910,391,609,94518,200338,311317
2014-10-21 00:00:00,LIVE CATTLE ,145256,55253,-2172,2343,90003,200509,309198
2014-10-28 00:00:00,LIVE CATTLE ,145605,54188,349,-1065,91417,199793,314630
2014-09-02 00:00:00,LIVE CATTLE ,132685,56477,1930,3317,76208,189162,308067
2014-09-09 00:00:00,LIVE CATTLE ,145530,53916,12845,-2561,91614,199446,308479
2014-09-16 00:00:00,LIVE CATTLE ,152231,56326,6701,2410,95905,208557,323164
2014-09-23 00:00:00,LIVE CATTLE ,150798,59410,-1433,3084,91388,210208,312416
2014-09-30 00:00:00,LIVE CATTLE ,148193,63266,-2605,3856,84927,211459,317667
2014-08-05 00:00:00,LIVE CATTLE ,150896,49855,-4116,-12978,101041,200751,321666
2014-08-12 00:00:00,LIVE CATTLE ,145681,48248,-5215,-1607,97433,193929,316087
2014-08-19 00:00:00,LIVE CATTLE ,136961,50011,-8720,1763,86950,186972,309264
2014-08-26 00:00:00,LIVE CATTLE ,130755,53160,-6206,3149,77595,183915,305313
2014-07-01 00:00:00,LIVE CATTLE ,151888,59045,-2907,-577,92843,210933,358260
2014-07-08 00:00:00,LIVE CATTLE ,151855,53964,-33,-5081,97891,205819,345515
2014-07-15 00:00:00,LIVE CATTLE ,150346,52822,-1509,-1142,97524,203168,340438
2014-07-22 00:00:00,LIVE CATTLE ,150818,57495,472,4673,93323,208313,340897
2014-07-29 00:00:00,LIVE CATTLE ,155012,62833,4194,5338,92179,217845,341527
2014-06-03 00:00:00,LIVE CATTLE ,153957,64500,-575,5510,89457,218457,358700
2014-06-10 00:00:00,LIVE CATTLE ,154275,52333,318,-12167,101942,206608,344832
2014-06-17 00:00:00,LIVE CATTLE ,152777,57815,-1498,5482,94962,210592,348569
2014-06-24 00:00:00,LIVE CATTLE ,154795,59622,2018,1807,95173,214417,356917
2014-05-06 00:00:00,LIVE CATTLE ,168110,58084,-1726,2624,110026,226194,341984
2014-05-13 00:00:00,LIVE CATTLE ,162869,58015,-5241,-69,104854,220884,342953
2014-05-20 00:00:00,LIVE CATTLE ,165237,58594,2368,579,106643,223831,354675
2014-05-27 00:00:00,LIVE CATTLE ,154532,58990,-10705,396,95542,213522,346349
2014-04-01 00:00:00,LIVE CATTLE ,176350,63462,1476,781,112888,239812,374311
2014-04-08 00:00:00,LIVE CATTLE ,171632,49451,-4718,-14011,122181,221083,354090
2014-04-15 00:00:00,LIVE CATTLE ,171093,50148,-539,697,120945,221241,350691
2014-04-22 00:00:00,LIVE CATTLE ,169117,51800,-1976,1652,117317,220917,343379
2014-04-29 00:00:00,LIVE CATTLE ,169836,55460,719,3660,114376,225296,344352
2014-03-04 00:00:00,LIVE CATTLE ,165353,55475,-1319,1064,109878,220828,369457
2014-03-11 00:00:00,LIVE CATTLE ,165762,56315,409,840,109447,222077,362131
2014-03-18 00:00:00,LIVE CATTLE ,170394,60119,4632,3804,110275,230513,373029
2014-03-25 00:00:00,LIVE CATTLE ,174874,62681,4480,2562,112193,237555,371201
2014-02-04 00:00:00,LIVE CATTLE ,173373,54424,5550,-530,118949,227797,374913
2014-02-11 00:00:00,LIVE CATTLE ,172159,49134,-1214,-5290,123025,221293,369291
2014-02-18 00:00:00,LIVE CATTLE ,167506,48935,-4653,-199,118571,216441,366615
2014-02-25 00:00:00,LIVE CATTLE ,166672,54411,-834,5476,112261,221083,371379
2014-01-07 00:00:00,LIVE CATTLE ,146540,52244,9514,-1321,94296,198784,340331
2014-01-14 00:00:00,LIVE CATTLE ,157398,52854,10858,610,104544,210252,349905
2014-01-21 00:00:00,LIVE CATTLE ,165799,55336,8401,2482,110463,221135,363157
2014-01-28 00:00:00,LIVE CATTLE ,167823,54954,2024,-382,112869,222777,365010
2013-12-03 00:00:00,LIVE CATTLE ,133012,63713,8193,-1397,69299,196725,339909
2013-12-10 00:00:00,LIVE CATTLE ,131066,50976,-1946,-12737,80090,182042,320876
2013-12-17 00:00:00,LIVE CATTLE ,131319,52719,253,1743,78600,184038,317330
2013-12-24 00:00:00,LIVE CATTLE ,131156,53640,-163,921,77516,184796,316720
2013-11-05 00:00:00,LIVE CATTLE ,134442,66606,-1516,-4421,67836,201048,327981
2013-11-12 00:00:00,LIVE CATTLE ,134688,67312,246,706,67376,202000,332661
2013-11-19 00:00:00,LIVE CATTLE ,130176,64685,-4512,-2627,65491,194861,335107
2013-11-26 00:00:00,LIVE CATTLE ,124819,65110,-5357,425,59709,189929,331434
2013-10-01 00:00:00,LIVE CATTLE ,112567,77345,6130,-11966,35222,189912,303689
2013-10-08 00:00:00,LIVE CATTLE ,118675,64566,6108,-12779,54109,183241,300796
2013-10-15 00:00:00,LIVE CATTLE ,127920,66462,9245,1896,61458,194382,311239
2013-10-22 00:00:00,LIVE CATTLE ,129066,67509,1146,1047,61557,196575,322415
2013-10-29 00:00:00,LIVE CATTLE ,135958,71027,6892,3518,64931,206985,325560
2013-09-03 00:00:00,LIVE CATTLE ,105888,65130,625,-293,40758,171018,294522
2013-09-10 00:00:00,LIVE CATTLE ,96200,72318,-9688,7188,23882,168518,288182
2013-09-17 00:00:00,LIVE CATTLE ,100959,86458,4759,14140,14501,187417,292976
2013-09-24 00:00:00,LIVE CATTLE ,106437,89311,5478,2853,17126,195748,305641
2013-08-06 00:00:00,LIVE CATTLE ,88626,78186,-3574,-223,10440,166812,279718
2013-08-13 00:00:00,LIVE CATTLE ,98035,72411,9409,-5775,25624,170446,290033
2013-08-20 00:00:00,LIVE CATTLE ,104417,64376,6382,-8035,40041,168793,293504
2013-08-27 00:00:00,LIVE CATTLE ,105263,65423,846,1047,39840,170686,295613
2013-07-02 00:00:00,LIVE CATTLE ,92692,73187,-3206,-8859,19505,165879,266836
2013-07-09 00:00:00,LIVE CATTLE ,95334,72494,2642,-693,22840,167828,272592
2013-07-16 00:00:00,LIVE CATTLE ,95279,75517,-55,3023,19762,170796,275904
2013-07-23 00:00:00,LIVE CATTLE ,93626,77705,-1653,2188,15921,171331,281204
2013-07-30 00:00:00,LIVE CATTLE ,92200,78409,-1426,704,13791,170609,283485
2013-06-04 00:00:00,LIVE CATTLE ,108147,103206,-2539,-3439,4941,211353,298950
2013-06-11 00:00:00,LIVE CATTLE ,105379,94727,-2768,-8479,10652,200106,297040
2013-06-18 00:00:00,LIVE CATTLE ,102897,98367,-2482,3640,4530,201264,296434
2013-06-25 00:00:00,LIVE CATTLE ,95898,82046,-6999,-16321,13852,177944,274517
2013-05-07 00:00:00,LIVE CATTLE ,111768,93881,3485,-7929,17887,205649,325354
2013-05-14 00:00:00,LIVE CATTLE ,110268,97733,-1500,3852,12535,208001,319714
2013-05-21 00:00:00,LIVE CATTLE ,110108,104435,-160,6702,5673,214543,307067
2013-05-28 00:00:00,LIVE CATTLE ,110686,106645,578,2210,4041,217331,305099
2013-04-02 00:00:00,LIVE CATTLE ,102447,113086,1381,7012,-10639,215533,329781
2013-04-09 00:00:00,LIVE CATTLE ,106264,103300,3817,-9786,2964,209564,323236
2013-04-16 00:00:00,LIVE CATTLE ,106495,99243,231,-4057,7252,205738,322678
2013-04-23 00:00:00,LIVE CATTLE ,106604,103368,109,4125,3236,209972,329609
2013-04-30 00:00:00,LIVE CATTLE ,108283,101810,1679,-1558,6473,210093,327728
2013-03-05 00:00:00,LIVE CATTLE ,105573,113011,149,-1078,-7438,218584,337694
2013-03-12 00:00:00,LIVE CATTLE ,103594,111766,-1979,-1245,-8172,215360,342456
2013-03-26 00:00:00,LIVE CATTLE ,101066,106074,-2833,-3882,-5008,207140,326368
2013-02-05 00:00:00,LIVE CATTLE ,99355,91753,-2665,-96,7602,191108,330758
2013-02-12 00:00:00,LIVE CATTLE ,106379,105520,7024,13767,859,211899,328814
2013-02-19 00:00:00,LIVE CATTLE ,106751,109338,372,3818,-2587,216089,330839
2013-02-26 00:00:00,LIVE CATTLE ,105424,114089,-1327,4751,-8665,219513,332943
2013-01-08 00:00:00,LIVE CATTLE ,109393,60087,2717,576,49306,169480,341587
2013-01-15 00:00:00,LIVE CATTLE ,97325,61167,-12068,1080,36158,158492,323145
2013-01-22 00:00:00,LIVE CATTLE ,100714,84624,3389,23457,16090,185338,319743
2013-01-29 00:00:00,LIVE CATTLE ,102020,91849,1306,7225,10171,193869,328863
2012-12-04 00:00:00,LIVE CATTLE ,98341,67727,1018,1722,30614,166068,341044
2012-12-11 00:00:00,LIVE CATTLE ,93674,65750,-4667,-1977,27924,159424,325401
2012-12-18 00:00:00,LIVE CATTLE ,99901,62362,6227,-3388,37539,162263,330086
2012-12-24 00:00:00,LIVE CATTLE ,104154,58152,4253,-4210,46002,162306,329903
2012-12-31 00:00:00,LIVE CATTLE ,106676,59511,2522,1359,47165,166187,329446
2012-11-06 00:00:00,LIVE CATTLE ,91065,75547,-2345,-918,15518,166612,316317
2012-11-13 00:00:00,LIVE CATTLE ,90315,80675,-750,5128,9640,170990,330826
2012-11-20 00:00:00,LIVE CATTLE ,88482,81295,-1833,620,7187,169777,334554
2012-11-27 00:00:00,LIVE CATTLE ,97323,66005,8841,-15290,31318,163328,336064
2012-10-02 00:00:00,LIVE CATTLE ,86332,77625,-4690,12929,8707,163957,287430
2012-10-09 00:00:00,LIVE CATTLE ,86710,79452,378,1827,7258,166162,278398
2012-10-16 00:00:00,LIVE CATTLE ,86826,81741,116,2289,5085,168567,284322
2012-10-23 00:00:00,LIVE CATTLE ,92376,70420,5550,-11321,21956,162796,292522
2012-10-30 00:00:00,LIVE CATTLE ,93410,76465,1034,6045,16945,169875,307788
2012-09-04 00:00:00,LIVE CATTLE ,89758,72637,1444,3119,17121,162395,293239
2012-09-11 00:00:00,LIVE CATTLE ,95069,72210,5311,-427,22859,167279,302591
2012-09-18 00:00:00,LIVE CATTLE ,99463,65135,4394,-7075,34328,164598,294358
2012-09-25 00:00:00,LIVE CATTLE ,91022,64696,-8441,-439,26326,155718,284818
2012-08-07 00:00:00,LIVE CATTLE ,86050,76769,-8638,-749,9281,162819,292193
2012-08-14 00:00:00,LIVE CATTLE ,90007,76321,3957,-448,13686,166328,291530
2012-08-21 00:00:00,LIVE CATTLE ,89753,68068,-254,-8253,21685,157821,287750
2012-08-28 00:00:00,LIVE CATTLE ,88314,69518,-1439,1450,18796,157832,284535
2012-07-03 00:00:00,LIVE CATTLE ,97676,74613,-5197,-3041,23063,172289,314169
2012-07-10 00:00:00,LIVE CATTLE ,97326,72198,-350,-2415,25128,169524,300961
2012-07-17 00:00:00,LIVE CATTLE ,93876,72386,-3450,188,21490,166262,302765
2012-07-24 00:00:00,LIVE CATTLE ,92761,79488,-1115,7102,13273,172249,302335
2012-07-31 00:00:00,LIVE CATTLE ,94688,77518,1927,-1970,17170,172206,303512
2012-06-05 00:00:00,LIVE CATTLE ,107260,67804,-7778,-5566,39456,175064,326300
2012-06-12 00:00:00,LIVE CATTLE ,105993,68723,-1267,919,37270,174716,319200
2012-06-19 00:00:00,LIVE CATTLE ,103826,73818,-2167,5095,30008,177644,311786
2012-06-26 00:00:00,LIVE CATTLE ,102873,77654,-953,3836,25219,180527,315289
2012-05-01 00:00:00,LIVE CATTLE ,122093,90326,-2298,666,31767,212419,345571
2012-05-08 00:00:00,LIVE CATTLE ,121324,87709,-769,-2617,33615,209033,339620
2012-05-15 00:00:00,LIVE CATTLE ,118501,84492,-2823,-3217,34009,202993,338710
2012-05-22 00:00:00,LIVE CATTLE ,117618,76994,-883,-7498,40624,194612,331749
2012-05-29 00:00:00,LIVE CATTLE ,115038,73370,-2580,-3624,41668,188408,329817
2012-04-03 00:00:00,LIVE CATTLE ,125733,88709,1874,10935,37024,214442,361339
2012-04-10 00:00:00,LIVE CATTLE ,117904,81400,-7829,-7309,36504,199304,345591
2012-04-17 00:00:00,LIVE CATTLE ,121014,89900,3110,8500,31114,210914,349958
2012-04-24 00:00:00,LIVE CATTLE ,124391,89660,3377,-240,34731,214051,354253
2012-03-06 00:00:00,LIVE CATTLE ,130863,65561,-4811,-4180,65302,196424,364976
2012-03-13 00:00:00,LIVE CATTLE ,123752,67802,-7111,2241,55950,191554,351454
2012-03-20 00:00:00,LIVE CATTLE ,122400,69794,-1352,1992,52606,192194,350752
2012-03-27 00:00:00,LIVE CATTLE ,123859,77774,1459,7980,46085,201633,354737
2012-02-07 00:00:00,LIVE CATTLE ,121769,56795,-2021,-12148,64974,178564,339300
2012-02-14 00:00:00,LIVE CATTLE ,124238,58763,2469,1968,65475,183001,347250
2012-02-21 00:00:00,LIVE CATTLE ,132139,63189,7901,4426,68950,195328,357639
2012-02-28 00:00:00,LIVE CATTLE ,135674,69741,3535,6552,65933,205415,366012
2012-01-03 00:00:00,LIVE CATTLE ,108603,61662,1769,-2756,46941,170265,319647
2012-01-10 00:00:00,LIVE CATTLE ,111440,68423,2837,6761,43017,179863,333360
2012-01-17 00:00:00,LIVE CATTLE ,111148,68472,-292,49,42676,179620,333881
2012-01-24 00:00:00,LIVE CATTLE ,115519,68485,4371,13,47034,184004,335617
2012-01-31 00:00:00,LIVE CATTLE ,123790,68943,8271,458,54847,192733,339209
2011-12-06 00:00:00,LIVE CATTLE ,110701,54006,-1537,-562,56695,164707,319039
2011-12-13 00:00:00,LIVE CATTLE ,105396,56801,-5305,2795,48595,162197,311194
2011-12-20 00:00:00,LIVE CATTLE ,103089,61148,-2307,4347,41941,164237,310904
2011-12-27 00:00:00,LIVE CATTLE ,106834,64418,3745,3270,42416,171252,316393
2011-11-01 00:00:00,LIVE CATTLE ,118169,57353,-16306,-4254,60816,175522,325310
2011-11-08 00:00:00,LIVE CATTLE ,123994,53317,5825,-4036,70677,177311,324810
2011-11-15 00:00:00,LIVE CATTLE ,121460,57389,-2534,4072,64071,178849,329560
2011-11-22 00:00:00,LIVE CATTLE ,111987,53835,-9473,-3554,58152,165822,322239
2011-11-29 00:00:00,LIVE CATTLE ,112238,54568,251,733,57670,166806,316924
2011-10-04 00:00:00,LIVE CATTLE ,107804,56160,11500,2874,51644,163964,340399
2011-10-11 00:00:00,LIVE CATTLE ,116520,57699,8716,1539,58821,174219,340204
2011-10-18 00:00:00,LIVE CATTLE ,132994,60813,16474,3114,72181,193807,338012
2011-10-25 00:00:00,LIVE CATTLE ,134475,61607,1481,794,72868,196082,336771
2011-09-06 00:00:00,LIVE CATTLE ,94012,69861,3691,2991,24151,163873,319453
2011-09-13 00:00:00,LIVE CATTLE ,98055,66781,4043,-3080,31274,164836,320628
2011-09-20 00:00:00,LIVE CATTLE ,100764,55971,2709,-10810,44793,156735,329081
2011-09-27 00:00:00,LIVE CATTLE ,96304,53286,-4460,-2685,43018,149590,327627
2011-08-02 00:00:00,LIVE CATTLE ,91841,61475,-1677,3777,30366,153316,311162
2011-08-09 00:00:00,LIVE CATTLE ,88013,52852,-3828,-8623,35161,140865,306631
2011-08-16 00:00:00,LIVE CATTLE ,95410,52944,7397,92,42466,148354,311777
2011-08-23 00:00:00,LIVE CATTLE ,89332,56231,-6078,3287,33101,145563,305416
2011-08-30 00:00:00,LIVE CATTLE ,90321,66870,989,10639,23451,157191,311953
2011-07-05 00:00:00,LIVE CATTLE ,85743,57125,-1722,-2166,28618,142868,325689
2011-07-12 00:00:00,LIVE CATTLE ,92644,52002,6901,-5123,40642,144646,327644
2011-07-19 00:00:00,LIVE CATTLE ,94933,51485,2289,-517,43448,146418,323410
2011-07-26 00:00:00,LIVE CATTLE ,93518,57698,-1415,6213,35820,151216,313397
2011-06-07 00:00:00,LIVE CATTLE ,96621,61970,-10540,-6600,34651,158591,327332
2011-06-14 00:00:00,LIVE CATTLE ,93248,64762,-3373,2792,28486,158010,326651
2011-06-21 00:00:00,LIVE CATTLE ,88755,61429,-4493,-3333,27326,150184,320098
2011-06-28 00:00:00,LIVE CATTLE ,87465,59291,-1290,-2138,28174,146756,327517
2011-05-03 00:00:00,LIVE CATTLE ,120489,56933,-3719,2207,63556,177422,354805
2011-05-10 00:00:00,LIVE CATTLE ,115803,58516,-4686,1583,57287,174319,351657
2011-05-17 00:00:00,LIVE CATTLE ,115013,62726,-790,4210,52287,177739,345379
2011-05-24 00:00:00,LIVE CATTLE ,110005,64977,-5008,2251,45028,174982,339216
2011-05-31 00:00:00,LIVE CATTLE ,107161,68570,-2844,3593,38591,175731,336780
2011-04-05 00:00:00,LIVE CATTLE ,123439,51947,9463,-1429,71492,175386,393601
2011-04-12 00:00:00,LIVE CATTLE ,128100,52549,4661,602,75551,180649,388055
2011-04-19 00:00:00,LIVE CATTLE ,127152,51612,-948,-937,75540,178764,376895
2011-04-26 00:00:00,LIVE CATTLE ,124208,54726,-2944,3114,69482,178934,364340
2011-03-01 00:00:00,LIVE CATTLE ,127418,58570,-1607,2108,68848,185988,355843
2011-03-08 00:00:00,LIVE CATTLE ,129895,57316,2477,-1254,72579,187211,362122
2011-03-15 00:00:00,LIVE CATTLE ,125890,59100,-4005,1784,66790,184990,371349
2011-03-22 00:00:00,LIVE CATTLE ,113516,56544,-12374,-2556,56972,170060,360991
2011-03-29 00:00:00,LIVE CATTLE ,113976,53376,460,-3168,60600,167352,382223
2011-02-01 00:00:00,LIVE CATTLE ,130564,64954,1465,2762,65610,195518,368348
2011-02-08 00:00:00,LIVE CATTLE ,124009,54160,-6555,-10794,69849,178169,355295
2011-02-15 00:00:00,LIVE CATTLE ,127233,55991,3224,1831,71242,183224,353698
2011-02-22 00:00:00,LIVE CATTLE ,129025,56462,1792,471,72563,185487,359080
2011-01-04 00:00:00,LIVE CATTLE ,131392,54412,4575,7517,76980,185804,330306
2011-01-11 00:00:00,LIVE CATTLE ,132316,54727,924,315,77589,187043,333554
2011-01-18 00:00:00,LIVE CATTLE ,130909,61225,-1407,6498,69684,192134,344832
2011-01-25 00:00:00,LIVE CATTLE ,129099,62192,-1810,967,66907,191291,358433
2010-12-07 00:00:00,LIVE CATTLE ,132389,44065,-4645,-8108,88324,176454,340954
2010-12-14 00:00:00,LIVE CATTLE ,128719,45063,-3670,998,83656,173782,334545
2010-12-21 00:00:00,LIVE CATTLE ,125054,42868,-3665,-2195,82186,167922,325371
2010-12-28 00:00:00,LIVE CATTLE ,126817,46895,1763,4027,79922,173712,325248
2010-11-02 00:00:00,LIVE CATTLE ,136830,45548,-5931,929,91282,182378,316061
2010-11-09 00:00:00,LIVE CATTLE ,130032,44190,-6798,-1358,85842,174222,307155
2010-11-16 00:00:00,LIVE CATTLE ,129237,38689,-795,-5501,90548,167926,314299
2010-11-23 00:00:00,LIVE CATTLE ,127952,43285,-1285,4596,84667,171237,332090
2010-11-30 00:00:00,LIVE CATTLE ,137034,52173,9082,8888,84861,189207,343325
2010-10-05 00:00:00,LIVE CATTLE ,141934,34485,-6565,-4622,107449,176419,322975
2010-10-12 00:00:00,LIVE CATTLE ,138118,37300,-3816,2815,100818,175418,318427
2010-10-19 00:00:00,LIVE CATTLE ,140751,40483,2633,3183,100268,181234,315182
2010-10-26 00:00:00,LIVE CATTLE ,142761,44619,2010,4136,98142,187380,315404
2010-09-07 00:00:00,LIVE CATTLE ,152300,41229,911,1300,111071,193529,350095
2010-09-14 00:00:00,LIVE CATTLE ,152436,42703,136,1474,109733,195139,344943
2010-09-21 00:00:00,LIVE CATTLE ,153648,43224,1212,521,110424,196872,349755
2010-09-28 00:00:00,LIVE CATTLE ,148499,39107,-5149,-4117,109392,187606,338708
2010-08-03 00:00:00,LIVE CATTLE ,129288,54094,1831,-5484,75194,183382,332396
2010-08-10 00:00:00,LIVE CATTLE ,130654,44925,1366,-9169,85729,175579,338562
2010-08-17 00:00:00,LIVE CATTLE ,131790,45140,1136,215,86650,176930,337600
2010-08-24 00:00:00,LIVE CATTLE ,142327,40524,10537,-4616,101803,182851,342847
2010-08-31 00:00:00,LIVE CATTLE ,151389,39929,9062,-595,111460,191318,349496
2010-07-06 00:00:00,LIVE CATTLE ,114763,58686,2166,-2096,56077,173449,325069
2010-07-13 00:00:00,LIVE CATTLE ,112983,58428,-1780,-258,54555,171411,314710
2010-07-20 00:00:00,LIVE CATTLE ,118136,55938,5153,-2490,62198,174074,323008
2010-07-27 00:00:00,LIVE CATTLE ,127457,59578,9321,3640,67879,187035,329910
2010-06-01 00:00:00,LIVE CATTLE ,133662,50136,-6366,740,83526,183798,342241
2010-06-08 00:00:00,LIVE CATTLE ,117449,47691,-16213,-2445,69758,165140,330824
2010-06-15 00:00:00,LIVE CATTLE ,113490,53433,-3959,5742,60057,166923,325154
2010-06-22 00:00:00,LIVE CATTLE ,115564,57944,2074,4511,57620,173508,323193
2010-06-29 00:00:00,LIVE CATTLE ,112597,60782,-2967,2838,51815,173379,321443
2010-05-04 00:00:00,LIVE CATTLE ,147750,40226,-1296,2533,107524,187976,371937
2010-05-11 00:00:00,LIVE CATTLE ,152053,43674,4303,3448,108379,195727,376949
2010-05-18 00:00:00,LIVE CATTLE ,142927,48508,-9126,4834,94419,191435,361152
2010-05-25 00:00:00,LIVE CATTLE ,140028,49396,-2899,888,90632,189424,347889
2010-04-06 00:00:00,LIVE CATTLE ,138904,33655,11058,2967,105249,172559,358664
2010-04-13 00:00:00,LIVE CATTLE ,141614,32861,2710,-794,108753,174475,356346
2010-04-20 00:00:00,LIVE CATTLE ,147412,34146,5798,1285,113266,181558,366292
2010-04-27 00:00:00,LIVE CATTLE ,149046,37693,1634,3547,111353,186739,367836
2010-03-02 00:00:00,LIVE CATTLE ,120743,34423,6717,494,86320,155166,320206
2010-03-09 00:00:00,LIVE CATTLE ,122363,30289,1620,-4134,92074,152652,323346
2010-03-16 00:00:00,LIVE CATTLE ,124974,31274,2611,985,93700,156248,348450
2010-03-23 00:00:00,LIVE CATTLE ,130983,36070,6009,4796,94913,167053,358017
2010-03-30 00:00:00,LIVE CATTLE ,127846,30688,-3137,-5382,97158,158534,363471
2010-02-02 00:00:00,LIVE CATTLE ,105612,37914,-1485,2624,67698,143526,282894
2010-02-09 00:00:00,LIVE CATTLE ,108791,37050,3179,-864,71741,145841,285530
2010-02-16 00:00:00,LIVE CATTLE ,114293,34456,5502,-2594,79837,148749,294561
2010-02-23 00:00:00,LIVE CATTLE ,114026,33929,-267,-527,80097,147955,308836
2010-01-05 00:00:00,LIVE CATTLE ,95918,48431,1715,-7903,47487,144349,258975
2010-01-12 00:00:00,LIVE CATTLE ,99460,47968,3542,-463,51492,147428,278461
2010-01-19 00:00:00,LIVE CATTLE ,106621,38966,7161,-9002,67655,145587,278567
2010-01-26 00:00:00,LIVE CATTLE ,107097,35290,476,-3676,71807,142387,284138
2009-12-01 00:00:00,LIVE CATTLE ,90033,67427,624,615,22606,157460,266788
2009-12-08 00:00:00,LIVE CATTLE ,90096,67333,63,-94,22763,157429,263650
2009-12-15 00:00:00,LIVE CATTLE ,91788,65421,1692,-1912,26367,157209,260608
2009-12-22 00:00:00,LIVE CATTLE ,91045,58526,-743,-6895,32519,149571,259625
2009-12-29 00:00:00,LIVE CATTLE ,94203,56334,3158,-2192,37869,150537,264579
2009-11-03 00:00:00,LIVE CATTLE ,79199,56273,4687,-1961,22926,135472,268141
2009-11-09 00:00:00,LIVE CATTLE ,78822,51457,-377,-4816,27365,130279,265070
2009-11-17 00:00:00,LIVE CATTLE ,85951,63030,7129,11573,22921,148981,271891
2009-11-24 00:00:00,LIVE CATTLE ,89409,66812,3458,3782,22597,156221,266079
2009-10-06 00:00:00,LIVE CATTLE ,68729,67648,-2300,489,1081,136377,255493
2009-10-13 00:00:00,LIVE CATTLE ,69693,69715,964,2067,-22,139408,256823
2009-10-20 00:00:00,LIVE CATTLE ,70883,65445,1190,-4270,5438,136328,262458
2009-10-27 00:00:00,LIVE CATTLE ,74512,58234,3629,-7211,16278,132746,263566
2009-09-01 00:00:00,LIVE CATTLE ,75589,66779,-153,10206,8810,142368,244351
2009-09-08 00:00:00,LIVE CATTLE ,70615,62639,-4974,-4140,7976,133254,242009
2009-09-15 00:00:00,LIVE CATTLE ,73030,60504,2415,-2135,12526,133534,253516
2009-09-22 00:00:00,LIVE CATTLE ,69348,70639,-3682,10135,-1291,139987,257090
2009-09-29 00:00:00,LIVE CATTLE ,71029,67159,1681,-3480,3870,138188,255073
2009-08-04 00:00:00,LIVE CATTLE ,71965,41613,5141,1922,30352,113578,235693
2009-08-11 00:00:00,LIVE CATTLE ,69703,47931,-2262,6318,21772,117634,226076
2009-08-18 00:00:00,LIVE CATTLE ,73063,54046,3360,6115,19017,127109,231480
2009-08-25 00:00:00,LIVE CATTLE ,75742,56573,2679,2527,19169,132315,239923
2009-07-07 00:00:00,LIVE CATTLE ,58729,47770,3220,2360,10959,106499,216834
2009-07-14 00:00:00,LIVE CATTLE ,63754,41748,5025,-6022,22006,105502,220377
2009-07-21 00:00:00,LIVE CATTLE ,65016,38145,1262,-3603,26871,103161,227467
2009-07-28 00:00:00,LIVE CATTLE ,66824,39691,1808,1546,27133,106515,229406
2009-06-02 00:00:00,LIVE CATTLE ,54871,65356,3151,12441,-10485,120227,207951
2009-06-09 00:00:00,LIVE CATTLE ,54089,64750,-782,-606,-10661,118839,210606
2009-06-16 00:00:00,LIVE CATTLE ,53109,65309,-980,559,-12200,118418,210684
2009-06-23 00:00:00,LIVE CATTLE ,53931,56806,822,-8503,-2875,110737,212847
2009-06-30 00:00:00,LIVE CATTLE ,55509,45410,1578,-11396,10099,100919,214013
2009-05-05 00:00:00,LIVE CATTLE ,47863,52040,803,5198,-4177,99903,206498
2009-05-12 00:00:00,LIVE CATTLE ,48893,52207,1030,167,-3314,101100,205439
2009-05-19 00:00:00,LIVE CATTLE ,51210,55653,2317,3446,-4443,106863,205112
2009-05-26 00:00:00,LIVE CATTLE ,51720,52915,510,-2738,-1195,104635,200186
2009-04-07 00:00:00,LIVE CATTLE ,49504,49162,553,-8805,342,98666,209903
2009-04-14 00:00:00,LIVE CATTLE ,49150,46941,-354,-2221,2209,96091,204002
2009-04-21 00:00:00,LIVE CATTLE ,48555,46981,-595,40,1574,95536,205944
2009-04-28 00:00:00,LIVE CATTLE ,47060,46842,-1495,-139,218,93902,206057
2009-03-03 00:00:00,LIVE CATTLE ,50518,51351,-552,3111,-833,101869,202827
2009-03-10 00:00:00,LIVE CATTLE ,50882,54328,364,2977,-3446,105210,209715
2009-03-17 00:00:00,LIVE CATTLE ,48837,52038,-2045,-2290,-3201,100875,206327
2009-03-24 00:00:00,LIVE CATTLE ,47354,50556,-1483,-1482,-3202,97910,211521
2009-03-31 00:00:00,LIVE CATTLE ,48951,57967,1597,7411,-9016,106918,203981
2009-02-03 00:00:00,LIVE CATTLE ,53985,60929,-277,2700,-6944,114914,207224
2009-02-10 00:00:00,LIVE CATTLE ,51483,47277,-2502,-13652,4206,98760,202092
2009-02-17 00:00:00,LIVE CATTLE ,49932,45498,-1551,-1779,4434,95430,200762
2009-02-24 00:00:00,LIVE CATTLE ,51070,48240,1138,2742,2830,99310,204978
2009-01-06 00:00:00,LIVE CATTLE ,47518,53230,2614,-1810,-5712,100748,216984
2009-01-13 00:00:00,LIVE CATTLE ,48645,50026,1127,-3204,-1381,98671,201142
2009-01-20 00:00:00,LIVE CATTLE ,51315,54190,2670,4164,-2875,105505,203960
2009-01-27 00:00:00,LIVE CATTLE ,54262,58229,2947,4039,-3967,112491,206740
2008-12-02 00:00:00,LIVE CATTLE ,48895,53310,82,425,-4415,102205,213323
2008-12-09 00:00:00,LIVE CATTLE ,45109,55681,-3786,2371,-10572,100790,210044
2008-12-16 00:00:00,LIVE CATTLE ,44946,54990,-163,-691,-10044,99936,212225
2008-12-22 00:00:00,LIVE CATTLE ,44769,55472,-177,482,-10703,100241,212399
2008-12-30 00:00:00,LIVE CATTLE ,44904,55040,135,-432,-10136,99944,211365
2008-11-04 00:00:00,LIVE CATTLE ,53579,54114,167,-3248,-535,107693,216468
2008-11-11 00:00:00,LIVE CATTLE ,53304,52222,-275,-1892,1082,105526,212279
2008-11-18 00:00:00,LIVE CATTLE ,50741,54482,-2563,2260,-3741,105223,216423
2008-11-25 00:00:00,LIVE CATTLE ,48813,52885,-1928,-1597,-4072,101698,213883
2008-10-07 00:00:00,LIVE CATTLE ,58401,59430,-8453,-5243,-1029,117831,239492
2008-10-14 00:00:00,LIVE CATTLE ,56232,55955,-2169,-3475,277,112187,231367
2008-10-21 00:00:00,LIVE CATTLE ,56514,59309,282,3354,-2795,115823,225382
2008-10-28 00:00:00,LIVE CATTLE ,53412,57362,-3102,-1947,-3950,110774,214044
2008-09-02 00:00:00,LIVE CATTLE ,73827,64245,1780,6380,9582,138072,275222
2008-09-09 00:00:00,LIVE CATTLE ,74973,70667,1146,6422,4306,145640,272352
2008-09-16 00:00:00,LIVE CATTLE ,72444,72215,-2529,1548,229,144659,276655
2008-09-23 00:00:00,LIVE CATTLE ,68819,69409,-3625,-2806,-590,138228,256310
2008-09-30 00:00:00,LIVE CATTLE ,66854,64673,-1965,-4736,2181,131527,246257
2008-08-05 00:00:00,LIVE CATTLE ,75636,56708,-3063,-2449,18928,132344,296992
2008-08-12 00:00:00,LIVE CATTLE ,75276,55302,-360,-1406,19974,130578,276299
2008-08-19 00:00:00,LIVE CATTLE ,74371,57552,-905,2250,16819,131923,275574
2008-08-26 00:00:00,LIVE CATTLE ,72047,57865,-2324,313,14182,129912,271356
2008-07-01 00:00:00,LIVE CATTLE ,91334,33090,1430,5711,58244,124424,312602
2008-07-08 00:00:00,LIVE CATTLE ,89092,34121,-2242,1031,54971,123213,305885
2008-07-15 00:00:00,LIVE CATTLE ,82033,39320,-7059,5199,42713,121353,294372
2008-07-22 00:00:00,LIVE CATTLE ,83028,51263,995,11943,31765,134291,298308
2008-07-29 00:00:00,LIVE CATTLE ,78699,59157,-4329,7894,19542,137856,294381
2008-06-03 00:00:00,LIVE CATTLE ,90811,34357,-3630,-2003,56454,125168,297547
2008-06-10 00:00:00,LIVE CATTLE ,90131,31005,-680,-3352,59126,121136,295678
2008-06-17 00:00:00,LIVE CATTLE ,89785,27942,-346,-3063,61843,117727,296409
2008-06-24 00:00:00,LIVE CATTLE ,89904,27379,119,-563,62525,117283,302372
2008-05-06 00:00:00,LIVE CATTLE ,105226,42940,3643,-2398,62286,148166,298329
2008-05-13 00:00:00,LIVE CATTLE ,103589,38537,-1637,-4403,65052,142126,298813
2008-05-20 00:00:00,LIVE CATTLE ,97971,39382,-5618,845,58589,137353,297598
2008-05-27 00:00:00,LIVE CATTLE ,94441,36360,-3530,-3022,58081,130801,296795
2008-04-01 00:00:00,LIVE CATTLE ,95343,55153,7379,3773,40190,150496,275988
2008-04-08 00:00:00,LIVE CATTLE ,96897,53320,1554,-1833,43577,150217,279762
2008-04-15 00:00:00,LIVE CATTLE ,97780,50397,883,-2923,47383,148177,283571
2008-04-22 00:00:00,LIVE CATTLE ,96110,46850,-1670,-3547,49260,142960,291232
2008-04-29 00:00:00,LIVE CATTLE ,101583,45338,5473,-1512,56245,146921,294520
2008-03-04 00:00:00,LIVE CATTLE ,76481,59481,1634,2942,17000,135962,283138
2008-03-11 00:00:00,LIVE CATTLE ,77694,57010,1213,-2471,20684,134704,276911
2008-03-18 00:00:00,LIVE CATTLE ,83053,56586,5359,-424,26467,139639,272674
2008-03-25 00:00:00,LIVE CATTLE ,87964,51380,4911,-5206,36584,139344,269301
2008-02-05 00:00:00,LIVE CATTLE ,67666,59241,6078,2615,8425,126907,271252
2008-02-12 00:00:00,LIVE CATTLE ,69998,57195,2332,-2046,12803,127193,270729
2008-02-19 00:00:00,LIVE CATTLE ,69089,56013,-909,-1182,13076,125102,269699
2008-02-26 00:00:00,LIVE CATTLE ,74847,56539,5758,526,18308,131386,278145
2008-01-08 00:00:00,LIVE CATTLE ,57012,54191,-3125,1157,2821,111203,243690
2008-01-15 00:00:00,LIVE CATTLE ,58063,55888,1051,1697,2175,113951,254705
2008-01-22 00:00:00,LIVE CATTLE ,59070,54713,1007,-1175,4357,113783,253305
2008-01-29 00:00:00,LIVE CATTLE ,61588,56626,2518,1913,4962,118214,261239
2007-12-04 00:00:00,LIVE CATTLE ,55505,50050,322,4228,5455,105555,237412
2007-12-11 00:00:00,LIVE CATTLE ,58879,47451,3374,-2599,11428,106330,245789
2007-12-18 00:00:00,LIVE CATTLE ,57574,52479,-1305,5028,5095,110053,242864
2007-12-24 00:00:00,LIVE CATTLE ,57673,53794,99,1315,3879,111467,240200
2007-12-31 00:00:00,LIVE CATTLE ,60137,53034,2464,-760,7103,113171,241412
2007-11-06 00:00:00,LIVE CATTLE ,52469,49198,-1100,4937,3271,101667,237546
2007-11-13 00:00:00,LIVE CATTLE ,52871,42892,402,-6306,9979,95763,247131
2007-11-20 00:00:00,LIVE CATTLE ,53918,45536,1047,2644,8382,99454,242358
2007-11-27 00:00:00,LIVE CATTLE ,55183,45822,1265,286,9361,101005,238458
2007-10-02 00:00:00,LIVE CATTLE ,58021,34902,-1716,1051,23119,92923,241252
2007-10-09 00:00:00,LIVE CATTLE ,52809,38546,-5212,3644,14263,91355,232287
2007-10-16 00:00:00,LIVE CATTLE ,53405,40166,596,1620,13239,93571,232179
2007-10-23 00:00:00,LIVE CATTLE ,54708,40521,1303,355,14187,95229,235272
2007-10-30 00:00:00,LIVE CATTLE ,53569,44261,-1139,3740,9308,97830,232219
2007-09-04 00:00:00,LIVE CATTLE ,60908,32148,2956,-2294,28760,93056,232177
2007-09-11 00:00:00,LIVE CATTLE ,59819,32809,-1089,661,27010,92628,227108
2007-09-18 00:00:00,LIVE CATTLE ,56766,34237,-3053,1428,22529,91003,231028
2007-09-25 00:00:00,LIVE CATTLE ,59737,33851,2971,-386,25886,93588,246914
2007-08-07 00:00:00,LIVE CATTLE ,64256,36321,-1790,-1718,27935,100577,241527
2007-08-14 00:00:00,LIVE CATTLE ,53722,35342,-10534,-979,18380,89064,224582
2007-08-21 00:00:00,LIVE CATTLE ,49234,38499,-4488,3157,10735,87733,223683
2007-08-28 00:00:00,LIVE CATTLE ,57952,34442,8718,-4057,23510,92394,228259
2007-07-03 00:00:00,LIVE CATTLE ,50034,40061,-2966,4840,9973,90095,220243
2007-07-10 00:00:00,LIVE CATTLE ,58623,42518,8589,2457,16105,101141,229572
2007-07-17 00:00:00,LIVE CATTLE ,60334,39071,1711,-3447,21263,99405,236495
2007-07-24 00:00:00,LIVE CATTLE ,61272,38490,938,-581,22782,99762,241378
2007-07-31 00:00:00,LIVE CATTLE ,66046,38039,4774,-451,28007,104085,251840
2007-06-05 00:00:00,LIVE CATTLE ,59638,32893,-5975,-6175,26745,92531,251058
2007-06-12 00:00:00,LIVE CATTLE ,57108,32586,-2530,-307,24522,89694,243270
2007-06-19 00:00:00,LIVE CATTLE ,59227,33440,2119,854,25787,92667,241428
2007-06-26 00:00:00,LIVE CATTLE ,53000,35221,-6227,1781,17779,88221,227375
2007-05-01 00:00:00,LIVE CATTLE ,63804,41925,1244,3275,21879,105729,264813
2007-05-08 00:00:00,LIVE CATTLE ,62977,39919,-827,-2006,23058,102896,253456
2007-05-15 00:00:00,LIVE CATTLE ,66057,41341,3080,1422,24716,107398,261875
2007-05-22 00:00:00,LIVE CATTLE ,69306,43427,3249,2086,25879,112733,266552
2007-05-29 00:00:00,LIVE CATTLE ,65613,39068,-3693,-4359,26545,104681,265906
2007-04-03 00:00:00,LIVE CATTLE ,74190,46974,531,4800,27216,121164,298482
2007-04-10 00:00:00,LIVE CATTLE ,74068,43347,-122,-3627,30721,117415,294301
2007-04-17 00:00:00,LIVE CATTLE ,65155,37886,-8913,-5461,27269,103041,277906
2007-04-24 00:00:00,LIVE CATTLE ,62560,38650,-2595,764,23910,101210,268049
2007-03-06 00:00:00,LIVE CATTLE ,74624,37011,-2620,-938,37613,111635,285021
2007-03-13 00:00:00,LIVE CATTLE ,76858,40593,2234,3582,36265,117451,299316
2007-03-20 00:00:00,LIVE CATTLE ,74197,41762,-2661,1169,32435,115959,297871
2007-03-27 00:00:00,LIVE CATTLE ,73659,42174,-538,412,31485,115833,298522
2007-02-06 00:00:00,LIVE CATTLE ,68036,32448,4458,1129,35588,100484,268561
2007-02-13 00:00:00,LIVE CATTLE ,70945,33903,2909,1455,37042,104848,273259
2007-02-20 00:00:00,LIVE CATTLE ,73556,35235,2611,1332,38321,108791,274295
2007-02-27 00:00:00,LIVE CATTLE ,77244,37949,3688,2714,39295,115193,283602
2007-01-03 00:00:00,LIVE CATTLE ,59712,25430,2128,-3125,34282,85142,246598
2007-01-09 00:00:00,LIVE CATTLE ,62042,27638,2330,2208,34404,89680,255284
2007-01-16 00:00:00,LIVE CATTLE ,64640,30934,2598,3296,33706,95574,261503
2007-01-23 00:00:00,LIVE CATTLE ,64581,30378,-59,-556,34203,94959,257867
2007-01-30 00:00:00,LIVE CATTLE ,63578,31319,-1003,941,32259,94897,254118
2006-12-05 00:00:00,LIVE CATTLE ,52004,29126,1514,-1135,22878,81130,221763
2006-12-12 00:00:00,LIVE CATTLE ,54879,30048,2875,922,24831,84927,221742
2006-12-19 00:00:00,LIVE CATTLE ,56250,28248,1371,-1800,28002,84498,223026
2006-12-26 00:00:00,LIVE CATTLE ,57584,28555,1334,307,29029,86139,229204
2006-11-07 00:00:00,LIVE CATTLE ,53077,27447,4873,257,25630,80524,198160
2006-11-14 00:00:00,LIVE CATTLE ,52075,28065,-1002,618,24010,80140,213804
2006-11-21 00:00:00,LIVE CATTLE ,50841,28775,-1234,710,22066,79616,219597
2006-11-28 00:00:00,LIVE CATTLE ,50490,30261,-351,1486,20229,80751,219526
2006-10-03 00:00:00,LIVE CATTLE ,50070,29934,-59,1426,20136,80004,221700
2006-10-10 00:00:00,LIVE CATTLE ,49948,27225,-122,-2709,22723,77173,209091
2006-10-17 00:00:00,LIVE CATTLE ,46237,26439,-3711,-786,19798,72676,200539
2006-10-24 00:00:00,LIVE CATTLE ,47219,27826,982,1387,19393,75045,201415
2006-10-31 00:00:00,LIVE CATTLE ,48204,27190,985,-636,21014,75394,195423
2006-09-05 00:00:00,LIVE CATTLE ,60222,30599,5210,5743,29623,90821,209993
2006-09-12 00:00:00,LIVE CATTLE ,60501,29941,279,-658,30560,90442,210851
2006-09-19 00:00:00,LIVE CATTLE ,52026,26267,-8475,-3674,25759,78293,216116
2006-09-26 00:00:00,LIVE CATTLE ,50129,28508,-1897,2241,21621,78637,217870
2006-08-01 00:00:00,LIVE CATTLE ,45687,19139,-2231,-2412,26548,64826,233026
2006-08-08 00:00:00,LIVE CATTLE ,50521,18466,4834,-673,32055,68987,233053
2006-08-15 00:00:00,LIVE CATTLE ,49514,19487,-1007,1021,30027,69001,203496
2006-08-22 00:00:00,LIVE CATTLE ,52348,23126,2834,3639,29222,75474,203023
2006-08-29 00:00:00,LIVE CATTLE ,55012,24856,2664,1730,30156,79868,203046
2006-07-03 00:00:00,LIVE CATTLE ,55632,18230,4962,-3662,37402,73862,223722
2006-07-11 00:00:00,LIVE CATTLE ,53808,19399,-1824,1169,34409,73207,233082
2006-07-18 00:00:00,LIVE CATTLE ,50947,21145,-2861,1746,29802,72092,232171
2006-07-25 00:00:00,LIVE CATTLE ,47918,21551,-3029,406,26367,69469,234577
2006-06-06 00:00:00,LIVE CATTLE ,54642,34827,2648,-7920,19815,89469,248837
2006-06-13 00:00:00,LIVE CATTLE ,54531,32147,-111,-2680,22384,86678,244033
2006-06-20 00:00:00,LIVE CATTLE ,49839,24045,-4692,-8102,25794,73884,222638
2006-06-27 00:00:00,LIVE CATTLE ,50670,21892,831,-2153,28778,72562,227067
2006-05-02 00:00:00,LIVE CATTLE ,49331,48053,4774,-1464,1278,97384,241495
2006-05-09 00:00:00,LIVE CATTLE ,53763,50700,4432,2647,3063,104463,256111
2006-05-16 00:00:00,LIVE CATTLE ,52161,45884,-1602,-4816,6277,98045,271148
2006-05-23 00:00:00,LIVE CATTLE ,52137,45864,-24,-20,6273,98001,268812
2006-05-30 00:00:00,LIVE CATTLE ,51994,42747,-143,-3117,9247,94741,259745
2006-04-04 00:00:00,LIVE CATTLE ,47846,45081,5625,-1066,2765,92927,237458
2006-04-11 00:00:00,LIVE CATTLE ,43884,46060,-3962,979,-2176,89944,238034
2006-04-18 00:00:00,LIVE CATTLE ,44239,48721,355,2661,-4482,92960,239631
2006-04-25 00:00:00,LIVE CATTLE ,44557,49517,318,796,-4960,94074,245764
2006-03-07 00:00:00,LIVE CATTLE ,40647,26069,681,3265,14578,66716,208661
2006-03-14 00:00:00,LIVE CATTLE ,41577,36621,930,10552,4956,78198,217731
2006-03-21 00:00:00,LIVE CATTLE ,39682,43176,-1895,6555,-3494,82858,222381
2006-03-28 00:00:00,LIVE CATTLE ,42221,46147,2539,2971,-3926,88368,230770
2006-02-07 00:00:00,LIVE CATTLE ,50977,21318,-7671,-1249,29659,72295,227304
2006-02-14 00:00:00,LIVE CATTLE ,46180,18557,-4797,-2761,27623,64737,218888
2006-02-21 00:00:00,LIVE CATTLE ,43709,19123,-2471,566,24586,62832,215574
2006-02-28 00:00:00,LIVE CATTLE ,39966,22804,-3743,3681,17162,62770,211135
2006-01-03 00:00:00,LIVE CATTLE ,72727,19808,5614,-227,52919,92535,199893
2006-01-10 00:00:00,LIVE CATTLE ,72990,21358,263,1550,51632,94348,213621
2006-01-17 00:00:00,LIVE CATTLE ,65410,21721,-7580,363,43689,87131,229356
2006-01-24 00:00:00,LIVE CATTLE ,63541,23589,-1869,1868,39952,87130,238347
2006-01-31 00:00:00,LIVE CATTLE ,58648,22567,-4893,-1022,36081,81215,237194
2005-12-06 00:00:00,LIVE CATTLE ,67484,16249,6095,-2357,51235,83733,196414
2005-12-13 00:00:00,LIVE CATTLE ,68011,17929,527,1680,50082,85940,199166
2005-12-20 00:00:00,LIVE CATTLE ,68848,19584,837,1655,49264,88432,198245
2005-12-27 00:00:00,LIVE CATTLE ,67113,20035,-1735,451,47078,87148,195778
2005-11-01 00:00:00,LIVE CATTLE ,51425,16782,-1849,495,34643,68207,168060
2005-11-08 00:00:00,LIVE CATTLE ,53997,18117,2572,1335,35880,72114,166183
2005-11-15 00:00:00,LIVE CATTLE ,55519,19330,1522,1213,36189,74849,173332
2005-11-22 00:00:00,LIVE CATTLE ,56751,19241,1232,-89,37510,75992,178002
2005-11-29 00:00:00,LIVE CATTLE ,61389,18606,4638,-635,42783,79995,187344
2005-10-04 00:00:00,LIVE CATTLE ,50871,22650,7290,-1593,28221,73521,164709
2005-10-11 00:00:00,LIVE CATTLE ,54490,21050,3619,-1600,33440,75540,168999
2005-10-18 00:00:00,LIVE CATTLE ,51040,16397,-3450,-4653,34643,67437,165123
2005-10-25 00:00:00,LIVE CATTLE ,53274,16287,2234,-110,36987,69561,168332
2005-09-06 00:00:00,LIVE CATTLE ,37555,34772,1513,-1667,2783,72327,136364
2005-09-13 00:00:00,LIVE CATTLE ,36452,23490,-1103,-11282,12962,59942,142365
2005-09-20 00:00:00,LIVE CATTLE ,38893,22237,2441,-1253,16656,61130,148681
2005-09-27 00:00:00,LIVE CATTLE ,43581,24243,4688,2006,19338,67824,154724
2005-08-02 00:00:00,LIVE CATTLE ,33991,35059,2439,-1979,-1068,69050,139375
2005-08-09 00:00:00,LIVE CATTLE ,33959,38052,-32,2993,-4093,72011,130694
2005-08-16 00:00:00,LIVE CATTLE ,35216,42699,1257,4647,-7483,77915,132570
2005-08-23 00:00:00,LIVE CATTLE ,34885,38355,-331,-4344,-3470,73240,134147
2005-07-05 00:00:00,LIVE CATTLE ,29660,34150,872,1891,-4490,63810,124653
2005-07-12 00:00:00,LIVE CATTLE ,29112,37608,-548,3458,-8496,66720,134933
2005-07-19 00:00:00,LIVE CATTLE ,31344,37663,2232,55,-6319,69007,142552
2005-07-26 00:00:00,LIVE CATTLE ,31552,37038,208,-625,-5486,68590,136698
2005-06-07 00:00:00,LIVE CATTLE ,35240,16284,-5246,123,18956,51524,141343
2005-06-14 00:00:00,LIVE CATTLE ,30832,21561,-4408,5277,9271,52393,133331
2005-06-21 00:00:00,LIVE CATTLE ,31066,28992,234,7431,2074,60058,130623
2005-06-28 00:00:00,LIVE CATTLE ,28788,32259,-2278,3267,-3471,61047,125673
2005-05-03 00:00:00,LIVE CATTLE ,43917,18284,-1511,125,25633,62201,139364
2005-05-10 00:00:00,LIVE CATTLE ,45449,17812,1532,-472,27637,63261,141299
2005-05-17 00:00:00,LIVE CATTLE ,50207,17980,4758,168,32227,68187,153965
2005-05-24 00:00:00,LIVE CATTLE ,40842,16105,-9365,-1875,24737,56947,144146
2005-05-31 00:00:00,LIVE CATTLE ,40486,16161,-356,56,24325,56647,147167
2005-04-05 00:00:00,LIVE CATTLE ,45312,13720,-755,-3884,31592,59032,148107
2005-04-12 00:00:00,LIVE CATTLE ,42647,14553,-2665,833,28094,57200,139966
2005-04-19 00:00:00,LIVE CATTLE ,40654,16572,-1993,2019,24082,57226,138611
2005-04-26 00:00:00,LIVE CATTLE ,45428,18159,4774,1587,27269,63587,142633
2005-03-01 00:00:00,LIVE CATTLE ,38101,19332,181,1798,18769,57433,128754
2005-03-08 00:00:00,LIVE CATTLE ,44760,16969,6659,-2363,27791,61729,136253
2005-03-15 00:00:00,LIVE CATTLE ,53212,17524,8452,555,35688,70736,149496
2005-03-22 00:00:00,LIVE CATTLE ,46706,15780,-6506,-1744,30926,62486,152539
2005-03-29 00:00:00,LIVE CATTLE ,46067,17604,-639,1824,28463,63671,153910
2005-02-01 00:00:00,LIVE CATTLE ,41616,16137,1247,-115,25479,57753,149527
2005-02-08 00:00:00,LIVE CATTLE ,46405,15509,4789,-628,30896,61914,149847
2005-02-15 00:00:00,LIVE CATTLE ,43250,18030,-3155,2521,25220,61280,141651
2005-02-22 00:00:00,LIVE CATTLE ,37920,17534,-5330,-496,20386,55454,131945
2005-01-04 00:00:00,LIVE CATTLE ,36088,15084,-2909,-354,21004,51172,136358
2005-01-11 00:00:00,LIVE CATTLE ,41027,15033,4939,-51,25994,56060,143587
2005-01-18 00:00:00,LIVE CATTLE ,43679,16234,2652,1201,27445,59913,143906
2005-01-25 00:00:00,LIVE CATTLE ,40369,16252,-3310,18,24117,56621,145413
2021-07-13,LIVE CATTLE ,106260,41603,-5491,1978,64657,147863,297188
2021-07-06,LIVE CATTLE ,111751,39625,-2313,-1366,72126,151376,301276
2021-06-01,LIVE CATTLE ,114916,55430,-2622,4483,59486,170346,307484
2021-06-08,LIVE CATTLE ,114447,52959,-469,-2471,61488,167406,299937
2021-06-15,LIVE CATTLE ,117766,48445,3319,-4514,69321,166211,298470
2021-06-22,LIVE CATTLE ,118184,43270,418,-5175,74914,161454,299739
2021-06-29,LIVE CATTLE ,114064,40991,-4120,-2279,73073,155055,298250
2021-05-04,LIVE CATTLE ,116956,61527,-409,6416,55429,178483,319895
2021-05-11,LIVE CATTLE ,118722,55568,1766,-5959,63154,174290,317964
2021-05-18,LIVE CATTLE ,119080,52125,358,-3443,66955,171205,321653
2021-05-25,LIVE CATTLE ,117538,50947,-1542,-1178,66591,168485,314914
2021-04-06,LIVE CATTLE ,134251,41568,8716,-111,92683,175819,343764
2021-04-13,LIVE CATTLE ,133829,43526,-422,1958,90303,177355,338260
2021-04-20,LIVE CATTLE ,124458,50253,-9371,6727,74205,174711,329481
2021-04-27,LIVE CATTLE ,117365,55111,-7093,4858,62254,172476,325889
2021-03-02,LIVE CATTLE ,124188,40556,-5638,237,83632,164744,334771
2021-03-09,LIVE CATTLE ,123289,39413,-899,-1143,83876,162702,332811
2021-03-16,LIVE CATTLE ,123037,37752,-252,-1661,85285,160789,339538
2021-03-23,LIVE CATTLE ,120460,41830,-2577,4078,78630,162290,335893
2021-03-30,LIVE CATTLE ,125535,41679,5075,-151,83856,167214,337652
2021-02-02,LIVE CATTLE ,119530,40335,3852,-913,79195,159865,326813
2021-02-09,LIVE CATTLE ,126480,34385,6950,-5950,92095,160865,327998
2021-02-16,LIVE CATTLE ,133748,37547,7268,3162,96201,171295,335474
2021-02-23,LIVE CATTLE ,129826,40319,-3922,2772,89507,170145,335763
2021-01-05,LIVE CATTLE ,97429,40704,-548,3033,56725,138133,295130
2021-01-12,LIVE CATTLE ,98495,46458,1066,5754,52037,144953,309816
2021-01-19,LIVE CATTLE ,101532,50177,3037,3719,51355,151709,319711
2021-01-26,LIVE CATTLE ,115678,41248,14146,-8929,74430,156926,330153
2020-12-01,LIVE CATTLE ,92093,45186,4740,1470,46907,137279,276540
2020-12-08,LIVE CATTLE ,92081,42902,-12,-2284,49179,134983,280347
2020-12-15,LIVE CATTLE ,95963,43399,3882,497,52564,139362,285447
2020-12-21,LIVE CATTLE ,99935,40302,3972,-3097,59633,140237,286828
2020-12-29,LIVE CATTLE ,97977,37671,-1958,-2631,60306,135648,290656
2020-11-03,LIVE CATTLE ,81361,56897,-2051,-1305,24464,138258,274781
2020-11-10,LIVE CATTLE ,80636,46238,-725,-10659,34398,126874,272937
2020-11-17,LIVE CATTLE ,85280,42393,4644,-3845,42887,127673,274607
2020-11-24,LIVE CATTLE ,87353,43716,2073,1323,43637,131069,275793
2020-10-06,LIVE CATTLE ,97587,35142,-7040,-3796,62445,132729,292713
2020-10-13,LIVE CATTLE ,96600,39524,-987,4382,57076,136124,274870
2020-10-20,LIVE CATTLE ,89369,48024,-7231,8500,41345,137393,269100
2020-10-27,LIVE CATTLE ,83412,58202,-5957,10178,25210,141614,276956
2020-09-01,LIVE CATTLE ,101734,38826,-501,1614,62908,140560,296230
2020-09-08,LIVE CATTLE ,102011,37891,277,-935,64120,139902,292001
2020-09-15,LIVE CATTLE ,102551,36437,540,-1454,66114,138988,293213
2020-09-22,LIVE CATTLE ,99890,37361,-2661,924,62529,137251,294392
2020-09-29,LIVE CATTLE ,104627,38938,4737,1577,65689,143565,303540
2020-08-04,LIVE CATTLE ,84504,43802,3527,557,40702,128306,286440
2020-08-11,LIVE CATTLE ,89728,40101,5224,-3701,49627,129829,288083
2020-08-18,LIVE CATTLE ,98726,38144,8998,-1957,60582,136870,291071
2020-08-25,LIVE CATTLE ,102235,37212,3509,-932,65023,139447,298063
2020-07-07,LIVE CATTLE ,73759,45411,2778,-1692,28348,119170,271400
2020-07-14,LIVE CATTLE ,70466,43137,-3293,-2274,27329,113603,264808
2020-07-21,LIVE CATTLE ,76046,42907,5580,-230,33139,118953,278666
2020-07-28,LIVE CATTLE ,80977,43245,4931,338,37732,124222,281860
2020-06-02,LIVE CATTLE ,73758,40269,3051,4223,33489,114027,268330
2020-06-09,LIVE CATTLE ,69927,42290,-3831,2021,27637,112217,267373
2020-06-16,LIVE CATTLE ,67714,43710,-2213,1420,24004,111424,272003
2020-06-23,LIVE CATTLE ,70703,46268,2989,2558,24435,116971,277497
2020-06-30,LIVE CATTLE ,70981,47103,278,835,23878,118084,275097
2020-05-05,LIVE CATTLE ,70630,41289,-1737,-550,29341,111919,273107
2020-05-12,LIVE CATTLE ,69544,35186,-1086,-6103,34358,104730,260608
2020-05-19,LIVE CATTLE ,69511,35186,-33,0,34325,104697,258012
2020-05-26,LIVE CATTLE ,70707,36046,1196,860,34661,106753,260172
2020-04-07,LIVE CATTLE ,67674,47565,-6122,-2365,20109,115239,265359
2020-04-14,LIVE CATTLE ,70601,46242,2927,-1323,24359,116843,265223
2020-04-21,LIVE CATTLE ,71208,43869,607,-2373,27339,115077,265434
2020-04-28,LIVE CATTLE ,72367,41839,1159,-2030,30528,114206,266919
2020-03-03,LIVE CATTLE ,93021,68498,-1860,6695,24523,161519,344960
2020-03-10,LIVE CATTLE ,91703,72093,-1318,3595,19610,163796,332804
2020-03-17,LIVE CATTLE ,81695,65251,-10008,-6842,16444,146946,299434
2020-03-24,LIVE CATTLE ,77494,55494,-4201,-9757,22000,132988,275540
2020-03-31,LIVE CATTLE ,73796,49930,-3698,-5564,23866,123726,264447
2020-02-04,LIVE CATTLE ,113267,42722,-18377,-9671,70545,155989,343504
2020-02-11,LIVE CATTLE ,99314,42097,-13953,-625,57217,141411,333065
2020-02-18,LIVE CATTLE ,101101,50174,1787,8077,50927,151275,338621
2020-02-25,LIVE CATTLE ,94881,61803,-6220,11629,33078,156684,347268
2020-01-07,LIVE CATTLE ,142231,57231,-756,730,85000,199462,381118
2020-01-14,LIVE CATTLE ,145589,58900,3358,1669,86689,204489,394435
2020-01-21,LIVE CATTLE ,148073,56434,2484,-2466,91639,204507,400533
2020-01-28,LIVE CATTLE ,131644,52393,-16429,-4041,79251,184037,370156
2019-12-03,LIVE CATTLE ,140036,61709,827,1952,78327,201745,382583
2019-12-10,LIVE CATTLE ,142277,58673,2241,-3036,83604,200950,377113
2019-12-17,LIVE CATTLE ,151165,58343,8888,-330,92822,209508,386538
2019-12-31,LIVE CATTLE ,142987,56501,-4402,333,86486,199488,378966
2019-11-05,LIVE CATTLE ,119658,56629,17027,1306,63029,176287,349203
2019-11-12,LIVE CATTLE ,128301,53665,8643,-2964,74636,181966,352270
2019-11-19,LIVE CATTLE ,135508,56271,7207,2606,79237,191779,369746
2019-11-26,LIVE CATTLE ,139209,59757,3701,3486,79452,198966,384203
2019-10-01,LIVE CATTLE ,91900,62612,-1805,-9596,29288,154512,313045
2019-10-08,LIVE CATTLE ,86911,59221,-4989,-3391,27690,146132,303580
2019-10-15,LIVE CATTLE ,90293,55013,3382,-4208,35280,145306,300028
2019-10-22,LIVE CATTLE ,95695,53471,5402,-1542,42224,149166,306948
2019-10-29,LIVE CATTLE ,102631,55323,6936,1852,47308,157954,318668
2019-09-03,LIVE CATTLE ,94315,64765,1896,3708,29550,159080,343125
2019-09-10,LIVE CATTLE ,93893,73839,-422,9074,20054,167732,355921
2019-09-17,LIVE CATTLE ,96243,74432,2350,593,21811,170675,335187
2019-09-24,LIVE CATTLE ,93705,72208,-2538,-2224,21497,165913,325373
2019-08-06,LIVE CATTLE ,96532,47344,-4383,3054,49188,143876,314504
2019-08-13,LIVE CATTLE ,93464,48732,-3068,1388,44732,142196,317899
2019-08-20,LIVE CATTLE ,91194,60419,-2270,11687,30775,151613,329720
2019-08-27,LIVE CATTLE ,92419,61057,1225,638,31362,153476,332840
2019-07-02,LIVE CATTLE ,105290,50911,-3011,1553,54379,156201,349488
2019-07-09,LIVE CATTLE ,102511,49753,-2779,-1158,52758,152264,336340
2019-07-16,LIVE CATTLE ,102309,47003,-202,-2750,55306,149312,328231
2019-07-23,LIVE CATTLE ,99574,46084,-2735,-919,53490,145658,323342
2019-07-30,LIVE CATTLE ,100915,44290,1341,-1794,56625,145205,320726
2019-06-04,LIVE CATTLE ,124443,42525,-7872,8401,81918,166968,373198
2019-06-11,LIVE CATTLE ,113250,44311,-11193,1786,68939,157561,359965
2019-06-25,LIVE CATTLE ,108301,49358,-4535,2783,58943,157659,350577
2019-05-07,LIVE CATTLE ,153372,26725,-21333,-2283,126647,180097,383343
2019-05-14,LIVE CATTLE ,143065,28416,-10307,1691,114649,171481,379870
2019-05-21,LIVE CATTLE ,136361,31869,-6704,3453,104492,168230,379795
2019-05-28,LIVE CATTLE ,132315,34124,-4046,2255,98191,166439,378704
2019-04-02,LIVE CATTLE ,193786,38686,-6310,-6289,155100,232472,440142
2019-04-09,LIVE CATTLE ,195081,36351,1295,-2335,158730,231432,443608
2019-04-16,LIVE CATTLE ,202072,38362,6991,2011,163710,240434,448683
2019-04-23,LIVE CATTLE ,204720,39582,2648,1220,165138,244302,451531
2019-04-30,LIVE CATTLE ,174705,29008,-30015,-10574,145697,203713,417847
2019-03-05,LIVE CATTLE ,180903,44907,8840,2882,135996,225810,423752
2019-03-12,LIVE CATTLE ,182501,46321,1598,1414,136180,228822,430551
2019-03-19,LIVE CATTLE ,194634,44344,12133,-1977,150290,238978,443576
2019-03-26,LIVE CATTLE ,200096,44975,5462,631,155121,245071,450055
2019-02-05,LIVE CATTLE ,155658,38614,3569,-4865,117044,194272,386423
2019-02-12,LIVE CATTLE ,159821,37317,4163,-1297,122504,197138,388678
2019-02-19,LIVE CATTLE ,163834,39398,4013,2081,124436,203232,391831
2019-02-26,LIVE CATTLE ,172063,42025,8229,2627,130038,214088,403076
2019-01-08,LIVE CATTLE ,140414,37558,-7,1431,102856,177972,383428
2019-01-15,LIVE CATTLE ,146928,39015,6514,1457,107913,185943,388310
2019-01-22,LIVE CATTLE ,148751,41732,1823,2717,107019,190483,389136
2019-01-29,LIVE CATTLE ,152089,43479,3338,1747,108610,195568,387842
2018-12-04,LIVE CATTLE ,121936,41898,2517,11,80038,163834,334919
2018-12-11,LIVE CATTLE ,123179,37846,1243,-4052,85333,161025,339833
2018-12-18,LIVE CATTLE ,132310,37033,9131,-813,95277,169343,348361
2018-12-24,LIVE CATTLE ,130633,35819,-1677,-1214,94814,166452,353417
2018-12-31,LIVE CATTLE ,140421,36127,9788,308,104294,176548,376145
2018-11-06,LIVE CATTLE ,119002,43375,-785,2910,75627,162377,353057
2018-11-13,LIVE CATTLE ,111003,43361,-7999,-14,67642,154364,337792
2018-11-27,LIVE CATTLE ,119419,41887,6063,-956,77532,161306,344291
2018-10-02,LIVE CATTLE ,123175,36306,5854,3175,86869,159481,336247
2018-10-09,LIVE CATTLE ,121957,35335,-1218,-971,86622,157292,341490
2018-10-16,LIVE CATTLE ,121760,36684,-197,1349,85076,158444,329921
2018-10-23,LIVE CATTLE ,121358,36897,-402,213,84461,158255,331629
2018-10-30,LIVE CATTLE ,119787,40465,-1571,3568,79322,160252,344765
2018-07-24,LIVE CATTLE ,110184,57611,2491,-7487,52573,167795,313312
2018-07-31,LIVE CATTLE ,109636,54477,-548,-3134,55159,164113,309820
2018-06-05,LIVE CATTLE ,107208,94415,-3646,-3015,12793,201623,335678
2018-05-01,LIVE CATTLE ,105355,88215,-5209,371,17140,193570,351026
2018-05-08,LIVE CATTLE ,110606,92545,5251,4330,18061,203151,360530
2018-05-15,LIVE CATTLE ,109283,97979,-1323,5434,11304,207262,358064
2018-05-29,LIVE CATTLE ,110854,97430,197,-980,13424,208284,352638
2018-04-03,LIVE CATTLE ,120726,75584,3028,14313,45142,196310,356975
2018-04-10,LIVE CATTLE ,116948,81969,-3778,6385,34979,198917,348516
2018-04-17,LIVE CATTLE ,114697,85631,-2251,3662,29066,200328,344649
2018-04-24,LIVE CATTLE ,119751,87844,5054,2213,31907,207595,346558
2018-03-06,LIVE CATTLE ,142483,46268,-10729,-2205,96215,188751,372271
2018-03-13,LIVE CATTLE ,132467,44307,-10016,-1961,88160,176774,362117
2018-03-20,LIVE CATTLE ,123150,49868,-9317,5561,73282,173018,356462
2018-03-27,LIVE CATTLE ,117698,61271,-5452,11403,56427,178969,357162
2018-02-06,LIVE CATTLE ,144488,42501,6468,-1476,101987,186989,370240
2018-02-13,LIVE CATTLE ,144242,43928,-246,1427,100314,188170,367150
2018-02-20,LIVE CATTLE ,154727,47708,10485,3780,107019,202435,374545
2018-02-27,LIVE CATTLE ,153212,48473,-1515,765,104739,201685,376912
2018-01-02,LIVE CATTLE ,125585,32124,376,1650,93461,157709,339523
2018-01-09,LIVE CATTLE ,126406,38069,821,5945,88337,164475,345392
2018-01-16,LIVE CATTLE ,123809,41459,-2597,3390,82350,165268,353365
2018-01-23,LIVE CATTLE ,132373,40913,8564,-546,91460,173286,356761
2018-01-30,LIVE CATTLE ,138020,43977,5647,3064,94043,181997,364909
2017-12-05,LIVE CATTLE ,157125,32587,-5763,-1557,124538,189712,361073
2017-12-12,LIVE CATTLE ,138271,27431,-18854,-5156,110840,165702,338330
2017-12-19,LIVE CATTLE ,131439,27917,-6832,486,103522,159356,334657
2017-12-26,LIVE CATTLE ,125209,30474,-6230,2557,94735,155683,331898
2017-11-07,LIVE CATTLE ,178816,40058,11360,111,138758,218874,382837
2017-11-14,LIVE CATTLE ,176150,37607,-2666,-2451,138543,213757,386037
2017-11-21,LIVE CATTLE ,164709,34720,-11441,-2887,129989,199429,379776
2017-11-28,LIVE CATTLE ,162888,34144,-1821,-576,128744,197032,378955
2017-10-03,LIVE CATTLE ,144570,37487,2618,-6029,107083,182057,333751
2017-10-10,LIVE CATTLE ,145551,33468,981,-4019,112083,179019,329911
2017-10-17,LIVE CATTLE ,146918,33885,1367,417,113033,180803,330237
2017-10-24,LIVE CATTLE ,153400,33772,6482,-113,119628,187172,335944
2017-10-31,LIVE CATTLE ,167456,39947,14056,6175,127509,207403,354471
2017-09-05,LIVE CATTLE ,130670,47509,-2669,582,83161,178179,315133
2017-09-12,LIVE CATTLE ,134143,46307,3473,-1202,87836,180450,319502
2017-09-19,LIVE CATTLE ,136348,43182,2205,-3125,93166,179530,326758
2017-09-26,LIVE CATTLE ,141952,43516,5604,334,98436,185468,337971
2017-08-01,LIVE CATTLE ,149377,41744,-4624,-2400,107633,191121,352122
2017-08-08,LIVE CATTLE ,143077,37662,-6300,-4082,105415,180739,326354
2017-08-15,LIVE CATTLE ,133366,39740,-9711,2078,93626,173106,310042
2017-08-22,LIVE CATTLE ,132456,39476,-910,-264,92980,171932,313561
2017-08-29,LIVE CATTLE ,133339,46927,883,7451,86412,180266,316265
2017-07-03,LIVE CATTLE ,164605,44600,-8479,-704,120005,209205,377773
2017-07-11,LIVE CATTLE ,161158,46392,-3447,1792,114766,207550,371693
2017-07-18,LIVE CATTLE ,158255,46929,-2903,537,111326,205184,376022
2017-07-25,LIVE CATTLE ,154001,44144,-4254,-2785,109857,198145,372859
2017-06-06,LIVE CATTLE ,182134,47183,2701,-1357,134951,229317,414712
2017-06-13,LIVE CATTLE ,184051,48059,1917,876,135992,232110,413641
2017-06-20,LIVE CATTLE ,179323,47256,-4728,-803,132067,226579,399762
2017-06-27,LIVE CATTLE ,173084,45304,-6239,-1952,127780,218388,386092
2017-05-02,LIVE CATTLE ,182094,54187,2605,5212,127907,236281,431718
2017-05-09,LIVE CATTLE ,178774,54973,-3320,786,123801,233747,420116
2017-05-16,LIVE CATTLE ,175940,49570,-2834,-5403,126370,225510,416324
2017-05-23,LIVE CATTLE ,181214,49476,5274,-94,131738,230690,420815
2017-05-30,LIVE CATTLE ,179433,48540,-1781,-936,130893,227973,421529
2017-04-04,LIVE CATTLE ,160629,47497,2166,1049,113132,208126,390786
2017-04-11,LIVE CATTLE ,163709,41672,3080,-5825,122037,205381,394324
2017-04-18,LIVE CATTLE ,173676,43868,9967,2196,129808,217544,409097
2017-04-25,LIVE CATTLE ,179489,48975,5813,5107,130514,228464,414477
2017-03-07,LIVE CATTLE ,131766,41624,69,118,90142,173390,338857
2017-03-14,LIVE CATTLE ,135968,42580,4202,956,93388,178548,349874
2017-03-21,LIVE CATTLE ,145983,42807,10015,227,103176,188790,367767
2017-03-28,LIVE CATTLE ,158463,46448,12480,3641,112015,204911,388405
2017-02-07,LIVE CATTLE ,137381,40946,-5766,-5908,96435,178327,338623
2017-02-14,LIVE CATTLE ,129921,38903,-7460,-2043,91018,168824,327514
2017-02-21,LIVE CATTLE ,128504,40135,-1417,1232,88369,168639,326967
2017-02-28,LIVE CATTLE ,131697,41506,3193,1371,90191,173203,335075
2017-01-03,LIVE CATTLE ,8565,6420,0,0,2145,14985,306995
2017-01-10,LIVE CATTLE ,134867,42560,3169,-551,92307,177427,323835
2017-01-17,LIVE CATTLE ,139888,45142,5021,2582,94746,185030,336427
2017-01-24,LIVE CATTLE ,144393,48369,4505,3227,96024,192762,349379
2017-01-31,LIVE CATTLE ,143147,46854,-1246,-1515,96293,190001,350015
2016-12-06,LIVE CATTLE ,114022,46933,2885,-6856,67089,160955,283740
2016-12-13,LIVE CATTLE ,118748,46426,4726,-507,72322,165174,288630
2016-12-20,LIVE CATTLE ,126104,45031,7356,-1395,81073,171135,300306
2016-12-27,LIVE CATTLE ,130382,43393,4278,-1638,86989,173775,307654
2016-11-01,LIVE CATTLE ,103692,77495,-274,-7200,26197,181187,275224
2016-11-08,LIVE CATTLE ,98105,74774,-5587,-2721,23331,172879,273341
2016-11-15,LIVE CATTLE ,99302,70720,1197,-4054,28582,170022,273699
2016-11-22,LIVE CATTLE ,106898,60406,7596,-10314,46492,167304,282892
2016-11-29,LIVE CATTLE ,111137,53789,4239,-6617,57348,164926,288547
2016-10-04,LIVE CATTLE ,106085,88527,-2605,-2142,17558,194612,264662
2016-10-11,LIVE CATTLE ,101266,84926,-4819,-3601,16340,186192,263180
2016-10-18,LIVE CATTLE ,102304,88453,1038,3527,13851,190757,268448
2016-10-25,LIVE CATTLE ,103966,84695,1662,-3758,19271,188661,273170
2016-09-06,LIVE CATTLE ,103396,87930,4020,8623,15466,191326,263449
2016-09-13,LIVE CATTLE ,105072,92113,1676,4183,12959,197185,260424
2016-09-20,LIVE CATTLE ,106055,91423,983,-690,14632,197478,261549
2016-09-27,LIVE CATTLE ,108690,90669,2635,-754,18021,199359,266390
2016-08-02,LIVE CATTLE ,96450,64595,3999,-6842,31855,161045,252242
2016-08-09,LIVE CATTLE ,94252,57741,-2198,-6854,36511,151993,239760
2016-08-16,LIVE CATTLE ,94215,60354,-37,2613,33861,154569,241313
2016-08-23,LIVE CATTLE ,96229,63232,2014,2878,32997,159461,246157
2016-08-30,LIVE CATTLE ,99376,79307,3147,16075,20069,178683,255282
2016-07-05,LIVE CATTLE ,88105,71628,2779,1693,16477,159733,247585
2016-07-12,LIVE CATTLE ,89979,77890,1874,6262,12089,167869,250841
2016-07-19,LIVE CATTLE ,90113,72476,134,-5414,17637,162589,244571
2016-07-26,LIVE CATTLE ,92451,71437,2338,-1039,21014,163888,251923
2016-06-07,LIVE CATTLE ,88198,61203,-5760,-3709,26995,149401,250554
2016-06-14,LIVE CATTLE ,89622,63748,1424,2545,25874,153370,247348
2016-06-21,LIVE CATTLE ,87189,69210,-2433,5462,17979,156399,244356
2016-06-28,LIVE CATTLE ,85326,69935,-1863,725,15391,155261,242236
2016-05-03,LIVE CATTLE ,95782,80328,5018,7159,15454,176110,277517
2016-05-10,LIVE CATTLE ,91113,76378,-4669,-3950,14735,167491,274142
2016-05-17,LIVE CATTLE ,98969,65205,7856,-11173,33764,164174,268314
2016-05-24,LIVE CATTLE ,95972,66556,-2997,1351,29416,162528,268683
2016-05-31,LIVE CATTLE ,93958,64912,-2014,-1644,29046,158870,259279
2016-04-05,LIVE CATTLE ,87192,63327,484,4357,23865,150519,283032
2016-04-12,LIVE CATTLE ,89342,67445,2150,4118,21897,156787,288959
2016-04-19,LIVE CATTLE ,90277,69375,935,1930,20902,159652,282850
2016-04-26,LIVE CATTLE ,90764,73169,487,3794,17595,163933,274631
2016-03-01,LIVE CATTLE ,78988,65094,8439,469,13894,144082,280951
2016-03-08,LIVE CATTLE ,82681,63751,3693,-1343,18930,146432,288597
2016-03-15,LIVE CATTLE ,88336,55670,5655,-8081,32666,144006,292575
2016-03-22,LIVE CATTLE ,92549,54525,4213,-1145,38024,147074,296499
2016-03-29,LIVE CATTLE ,86708,58970,-5841,4445,27738,145678,293880
2016-02-02,LIVE CATTLE ,68636,75009,3850,6497,-6373,143645,276556
2016-02-09,LIVE CATTLE ,70276,68459,1640,-6550,1817,138735,268120
2016-02-16,LIVE CATTLE ,69662,67946,-614,-513,1716,137608,272135
2016-02-23,LIVE CATTLE ,70549,64625,887,-3321,5924,135174,270927
2016-01-05,LIVE CATTLE ,62490,69436,936,-3999,-6946,131926,265072
2016-01-12,LIVE CATTLE ,65092,66775,2602,-2661,-1683,131867,274995
2016-01-19,LIVE CATTLE ,65048,66765,-44,-10,-1717,131813,275924
2016-01-26,LIVE CATTLE ,64786,68512,-262,1747,-3726,133298,277264
2015-12-01,LIVE CATTLE ,71090,85096,-610,2385,-14006,156186,274364
2015-12-08,LIVE CATTLE ,69012,80635,-2078,-4461,-11623,149647,251061
2015-12-15,LIVE CATTLE ,69351,78141,339,-2494,-8790,147492,248936
2015-12-22,LIVE CATTLE ,65121,74030,-4230,-4111,-8909,139151,250860
2015-12-29,LIVE CATTLE ,61554,73435,-3567,-595,-11881,134989,262818
2015-11-03,LIVE CATTLE ,63984,75210,1592,315,-11226,139194,266672
2015-11-10,LIVE CATTLE ,68610,79855,4626,4645,-11245,148465,267425
2015-11-17,LIVE CATTLE ,68445,80086,-165,231,-11641,148531,272654
2015-11-24,LIVE CATTLE ,71700,82711,3255,2625,-11011,154411,278849
2015-10-06,LIVE CATTLE ,68050,78133,-2388,-3747,-10083,146183,259893
2015-10-13,LIVE CATTLE ,64665,85219,-3385,7086,-20554,149884,260412
2015-10-20,LIVE CATTLE ,60933,80788,-3732,-4431,-19855,141721,254409
2015-10-27,LIVE CATTLE ,62392,74895,1459,-5893,-12503,137287,256978
2015-09-01,LIVE CATTLE ,71332,67927,-496,5919,3405,139259,246990
2015-09-08,LIVE CATTLE ,68430,71582,-2902,3655,-3152,140012,253003
2015-09-15,LIVE CATTLE ,71504,76870,3074,5288,-5366,148374,259861
2015-09-22,LIVE CATTLE ,71358,83749,-146,6879,-12391,155107,267058
2015-09-29,LIVE CATTLE ,70438,81880,-920,-1869,-11442,152318,261329
2015-08-04,LIVE CATTLE ,73193,64111,-5324,5388,9082,137304,242340
2015-08-11,LIVE CATTLE ,71597,57985,-1596,-6126,13612,129582,229259
2015-08-18,LIVE CATTLE ,71618,57560,21,-425,14058,129178,228832
2015-08-25,LIVE CATTLE ,71828,62008,210,4448,9820,133836,241162
2015-07-07,LIVE CATTLE ,102578,42338,-5596,490,60240,144916,247813
2015-07-14,LIVE CATTLE ,84094,40050,-18484,-2288,44044,124144,235318
2015-07-21,LIVE CATTLE ,77130,46441,-6964,6391,30689,123571,238026
2015-07-28,LIVE CATTLE ,78517,58723,1387,12282,19794,137240,241198
2015-06-02,LIVE CATTLE ,127566,45754,-1995,384,81812,173320,314748
2015-06-09,LIVE CATTLE ,127915,41300,349,-4454,86615,169215,300359
2015-06-16,LIVE CATTLE ,122365,41472,-5550,172,80893,163837,289075
2015-06-23,LIVE CATTLE ,118083,44064,-4282,2592,74019,162147,276256
2015-06-30,LIVE CATTLE ,108174,41848,-9909,-2216,66326,150022,250887
2015-05-05,LIVE CATTLE ,118389,42828,1712,-3454,75561,161217,281876
2015-05-12,LIVE CATTLE ,122287,42476,3898,-352,79811,164763,288011
2015-05-19,LIVE CATTLE ,127878,42520,5591,44,85358,170398,303895
2015-05-26,LIVE CATTLE ,129561,45370,1683,2850,84191,174931,310681
2015-04-07,LIVE CATTLE ,109189,42211,2079,-7982,66978,151400,268587
2015-04-14,LIVE CATTLE ,113184,40960,3995,-1251,72224,154144,275475
2015-04-21,LIVE CATTLE ,110806,43253,-2378,2293,67553,154059,272115
2015-04-28,LIVE CATTLE ,116677,46282,5871,3029,70395,162959,277402
2015-03-03,LIVE CATTLE ,89099,53307,965,3332,35792,142406,243159
2015-03-10,LIVE CATTLE ,91372,51434,2273,-1873,39938,142806,248433
2015-03-17,LIVE CATTLE ,92725,50749,1353,-685,41976,143474,259366
2015-03-24,LIVE CATTLE ,102248,48515,9523,-2234,53733,150763,271721
2015-03-31,LIVE CATTLE ,107110,50193,4862,1678,56917,157303,278224
2015-02-03,LIVE CATTLE ,94461,52252,1520,7571,42209,146713,249858
2015-02-10,LIVE CATTLE ,88218,48404,-6243,-3848,39814,136622,237992
2015-02-17,LIVE CATTLE ,88629,51848,411,3444,36781,140477,241511
2015-02-24,LIVE CATTLE ,88134,49975,-495,-1873,38159,138109,243455
2015-01-06,LIVE CATTLE ,114179,52303,3080,7062,61876,166482,272939
2015-01-13,LIVE CATTLE ,111195,48538,-2984,-3765,62657,159733,269814
2015-01-20,LIVE CATTLE ,98199,44777,-12996,-3761,53422,142976,256360
2015-01-27,LIVE CATTLE ,92941,44681,-5258,-96,48260,137622,247017
2014-12-09,LIVE CATTLE ,145586,48606,-11644,-4847,96980,194192,296710
2014-12-16,LIVE CATTLE ,137071,50186,-8515,1580,86885,187257,289532
2014-12-23,LIVE CATTLE ,110489,47089,-26582,-3097,63400,157578,267964
2014-12-30,LIVE CATTLE ,111099,45241,610,-1848,65858,156340,266501
2014-11-04,LIVE CATTLE ,144150,54876,-1455,688,89274,199026,308314
2014-11-11,LIVE CATTLE ,143245,55722,-905,846,87523,198967,309987
2014-11-18,LIVE CATTLE ,149325,54885,6080,-837,94440,204210,323230
2014-10-07,LIVE CATTLE ,147037,52301,-1156,-10965,94736,199338,317510
2014-10-14,LIVE CATTLE ,147428,52910,391,609,94518,200338,311317
2014-10-21,LIVE CATTLE ,145256,55253,-2172,2343,90003,200509,309198
2014-10-28,LIVE CATTLE ,145605,54188,349,-1065,91417,199793,314630
2014-09-02,LIVE CATTLE ,132685,56477,1930,3317,76208,189162,308067
2014-09-09,LIVE CATTLE ,145530,53916,12845,-2561,91614,199446,308479
2014-09-16,LIVE CATTLE ,152231,56326,6701,2410,95905,208557,323164
2014-09-23,LIVE CATTLE ,150798,59410,-1433,3084,91388,210208,312416
2014-09-30,LIVE CATTLE ,148193,63266,-2605,3856,84927,211459,317667
2014-08-05,LIVE CATTLE ,150896,49855,-4116,-12978,101041,200751,321666
2014-08-12,LIVE CATTLE ,145681,48248,-5215,-1607,97433,193929,316087
2014-08-19,LIVE CATTLE ,136961,50011,-8720,1763,86950,186972,309264
2014-08-26,LIVE CATTLE ,130755,53160,-6206,3149,77595,183915,305313
2014-07-01,LIVE CATTLE ,151888,59045,-2907,-577,92843,210933,358260
2014-07-08,LIVE CATTLE ,151855,53964,-33,-5081,97891,205819,345515
2014-07-15,LIVE CATTLE ,150346,52822,-1509,-1142,97524,203168,340438
2014-07-22,LIVE CATTLE ,150818,57495,472,4673,93323,208313,340897
2014-07-29,LIVE CATTLE ,155012,62833,4194,5338,92179,217845,341527
2014-06-03,LIVE CATTLE ,153957,64500,-575,5510,89457,218457,358700
2014-06-10,LIVE CATTLE ,154275,52333,318,-12167,101942,206608,344832
2014-06-17,LIVE CATTLE ,152777,57815,-1498,5482,94962,210592,348569
2014-06-24,LIVE CATTLE ,154795,59622,2018,1807,95173,214417,356917
2014-05-06,LIVE CATTLE ,168110,58084,-1726,2624,110026,226194,341984
2014-05-13,LIVE CATTLE ,162869,58015,-5241,-69,104854,220884,342953
2014-05-20,LIVE CATTLE ,165237,58594,2368,579,106643,223831,354675
2014-05-27,LIVE CATTLE ,154532,58990,-10705,396,95542,213522,346349
2014-04-01,LIVE CATTLE ,176350,63462,1476,781,112888,239812,374311
2014-04-08,LIVE CATTLE ,171632,49451,-4718,-14011,122181,221083,354090
2014-04-15,LIVE CATTLE ,171093,50148,-539,697,120945,221241,350691
2014-04-22,LIVE CATTLE ,169117,51800,-1976,1652,117317,220917,343379
2014-04-29,LIVE CATTLE ,169836,55460,719,3660,114376,225296,344352
2014-03-04,LIVE CATTLE ,165353,55475,-1319,1064,109878,220828,369457
2014-03-11,LIVE CATTLE ,165762,56315,409,840,109447,222077,362131
2014-03-18,LIVE CATTLE ,170394,60119,4632,3804,110275,230513,373029
2014-03-25,LIVE CATTLE ,174874,62681,4480,2562,112193,237555,371201
2014-02-04,LIVE CATTLE ,173373,54424,5550,-530,118949,227797,374913
2014-02-11,LIVE CATTLE ,172159,49134,-1214,-5290,123025,221293,369291
2014-02-18,LIVE CATTLE ,167506,48935,-4653,-199,118571,216441,366615
2014-02-25,LIVE CATTLE ,166672,54411,-834,5476,112261,221083,371379
2014-01-07,LIVE CATTLE ,146540,52244,9514,-1321,94296,198784,340331
2014-01-14,LIVE CATTLE ,157398,52854,10858,610,104544,210252,349905
2014-01-21,LIVE CATTLE ,165799,55336,8401,2482,110463,221135,363157
2014-01-28,LIVE CATTLE ,167823,54954,2024,-382,112869,222777,365010
2013-12-03,LIVE CATTLE ,133012,63713,8193,-1397,69299,196725,339909
2013-12-10,LIVE CATTLE ,131066,50976,-1946,-12737,80090,182042,320876
2013-12-17,LIVE CATTLE ,131319,52719,253,1743,78600,184038,317330
2013-12-24,LIVE CATTLE ,131156,53640,-163,921,77516,184796,316720
2013-11-05,LIVE CATTLE ,134442,66606,-1516,-4421,67836,201048,327981
2013-11-12,LIVE CATTLE ,134688,67312,246,706,67376,202000,332661
2013-11-19,LIVE CATTLE ,130176,64685,-4512,-2627,65491,194861,335107
2013-11-26,LIVE CATTLE ,124819,65110,-5357,425,59709,189929,331434
2013-10-01,LIVE CATTLE ,112567,77345,6130,-11966,35222,189912,303689
2013-10-08,LIVE CATTLE ,118675,64566,6108,-12779,54109,183241,300796
2013-10-15,LIVE CATTLE ,127920,66462,9245,1896,61458,194382,311239
2013-10-22,LIVE CATTLE ,129066,67509,1146,1047,61557,196575,322415
2013-10-29,LIVE CATTLE ,135958,71027,6892,3518,64931,206985,325560
2013-09-03,LIVE CATTLE ,105888,65130,625,-293,40758,171018,294522
2013-09-10,LIVE CATTLE ,96200,72318,-9688,7188,23882,168518,288182
2013-09-17,LIVE CATTLE ,100959,86458,4759,14140,14501,187417,292976
2013-09-24,LIVE CATTLE ,106437,89311,5478,2853,17126,195748,305641
2013-08-06,LIVE CATTLE ,88626,78186,-3574,-223,10440,166812,279718
2013-08-13,LIVE CATTLE ,98035,72411,9409,-5775,25624,170446,290033
2013-08-20,LIVE CATTLE ,104417,64376,6382,-8035,40041,168793,293504
2013-08-27,LIVE CATTLE ,105263,65423,846,1047,39840,170686,295613
2013-07-02,LIVE CATTLE ,92692,73187,-3206,-8859,19505,165879,266836
2013-07-09,LIVE CATTLE ,95334,72494,2642,-693,22840,167828,272592
2013-07-16,LIVE CATTLE ,95279,75517,-55,3023,19762,170796,275904
2013-07-23,LIVE CATTLE ,93626,77705,-1653,2188,15921,171331,281204
2013-07-30,LIVE CATTLE ,92200,78409,-1426,704,13791,170609,283485
2013-06-04,LIVE CATTLE ,108147,103206,-2539,-3439,4941,211353,298950
2019-12-24,LIVE CATTLE ,147389,56168,-3776,-2175,91221,203557,382290
2013-06-25,LIVE CATTLE ,95898,82046,-6999,-16321,13852,177944,274517
2013-05-07,LIVE CATTLE ,111768,93881,3485,-7929,17887,205649,325354
2013-05-14,LIVE CATTLE ,110268,97733,-1500,3852,12535,208001,319714
2013-05-21,LIVE CATTLE ,110108,104435,-160,6702,5673,214543,307067
2013-05-28,LIVE CATTLE ,110686,106645,578,2210,4041,217331,305099
2013-04-02,LIVE CATTLE ,102447,113086,1381,7012,-10639,215533,329781
2013-04-09,LIVE CATTLE ,106264,103300,3817,-9786,2964,209564,323236
2013-04-16,LIVE CATTLE ,106495,99243,231,-4057,7252,205738,322678
2013-04-23,LIVE CATTLE ,106604,103368,109,4125,3236,209972,329609
2013-04-30,LIVE CATTLE ,108283,101810,1679,-1558,6473,210093,327728
2013-03-05,LIVE CATTLE ,105573,113011,149,-1078,-7438,218584,337694
2013-03-12,LIVE CATTLE ,103594,111766,-1979,-1245,-8172,215360,342456
2013-03-26,LIVE CATTLE ,101066,106074,-2833,-3882,-5008,207140,326368
2013-02-05,LIVE CATTLE ,99355,91753,-2665,-96,7602,191108,330758
2013-02-12,LIVE CATTLE ,106379,105520,7024,13767,859,211899,328814
2013-02-19,LIVE CATTLE ,106751,109338,372,3818,-2587,216089,330839
2013-02-26,LIVE CATTLE ,105424,114089,-1327,4751,-8665,219513,332943
2013-01-08,LIVE CATTLE ,109393,60087,2717,576,49306,169480,341587
2013-01-15,LIVE CATTLE ,97325,61167,-12068,1080,36158,158492,323145
2013-01-22,LIVE CATTLE ,100714,84624,3389,23457,16090,185338,319743
2013-01-29,LIVE CATTLE ,102020,91849,1306,7225,10171,193869,328863
2012-12-04,LIVE CATTLE ,98341,67727,1018,1722,30614,166068,341044
2012-12-11,LIVE CATTLE ,93674,65750,-4667,-1977,27924,159424,325401
2012-12-18,LIVE CATTLE ,99901,62362,6227,-3388,37539,162263,330086
2012-12-24,LIVE CATTLE ,104154,58152,4253,-4210,46002,162306,329903
2012-12-31,LIVE CATTLE ,106676,59511,2522,1359,47165,166187,329446
2012-11-06,LIVE CATTLE ,91065,75547,-2345,-918,15518,166612,316317
2012-11-13,LIVE CATTLE ,90315,80675,-750,5128,9640,170990,330826
2012-11-20,LIVE CATTLE ,88482,81295,-1833,620,7187,169777,334554
2012-11-27,LIVE CATTLE ,97323,66005,8841,-15290,31318,163328,336064
2012-10-02,LIVE CATTLE ,86332,77625,-4690,12929,8707,163957,287430
2012-10-09,LIVE CATTLE ,86710,79452,378,1827,7258,166162,278398
2012-10-16,LIVE CATTLE ,86826,81741,116,2289,5085,168567,284322
2012-10-23,LIVE CATTLE ,92376,70420,5550,-11321,21956,162796,292522
2012-10-30,LIVE CATTLE ,93410,76465,1034,6045,16945,169875,307788
2012-09-04,LIVE CATTLE ,89758,72637,1444,3119,17121,162395,293239
2012-09-11,LIVE CATTLE ,95069,72210,5311,-427,22859,167279,302591
2012-09-18,LIVE CATTLE ,99463,65135,4394,-7075,34328,164598,294358
2012-09-25,LIVE CATTLE ,91022,64696,-8441,-439,26326,155718,284818
2012-08-07,LIVE CATTLE ,86050,76769,-8638,-749,9281,162819,292193
2012-08-14,LIVE CATTLE ,90007,76321,3957,-448,13686,166328,291530
2012-08-21,LIVE CATTLE ,89753,68068,-254,-8253,21685,157821,287750
2012-08-28,LIVE CATTLE ,88314,69518,-1439,1450,18796,157832,284535
2012-07-03,LIVE CATTLE ,97676,74613,-5197,-3041,23063,172289,314169
2012-07-10,LIVE CATTLE ,97326,72198,-350,-2415,25128,169524,300961
2012-07-17,LIVE CATTLE ,93876,72386,-3450,188,21490,166262,302765
2012-07-24,LIVE CATTLE ,92761,79488,-1115,7102,13273,172249,302335
2012-07-31,LIVE CATTLE ,94688,77518,1927,-1970,17170,172206,303512
2012-06-05,LIVE CATTLE ,107260,67804,-7778,-5566,39456,175064,326300
2012-06-12,LIVE CATTLE ,105993,68723,-1267,919,37270,174716,319200
2012-06-19,LIVE CATTLE ,103826,73818,-2167,5095,30008,177644,311786
2012-06-26,LIVE CATTLE ,102873,77654,-953,3836,25219,180527,315289
2012-05-01,LIVE CATTLE ,122093,90326,-2298,666,31767,212419,345571
2012-05-08,LIVE CATTLE ,121324,87709,-769,-2617,33615,209033,339620
2012-05-15,LIVE CATTLE ,118501,84492,-2823,-3217,34009,202993,338710
2012-05-22,LIVE CATTLE ,117618,76994,-883,-7498,40624,194612,331749
2012-05-29,LIVE CATTLE ,115038,73370,-2580,-3624,41668,188408,329817
2012-04-03,LIVE CATTLE ,125733,88709,1874,10935,37024,214442,361339
2012-04-10,LIVE CATTLE ,117904,81400,-7829,-7309,36504,199304,345591
2012-04-17,LIVE CATTLE ,121014,89900,3110,8500,31114,210914,349958
2012-04-24,LIVE CATTLE ,124391,89660,3377,-240,34731,214051,354253
2012-03-06,LIVE CATTLE ,130863,65561,-4811,-4180,65302,196424,364976
2012-03-13,LIVE CATTLE ,123752,67802,-7111,2241,55950,191554,351454
2012-03-20,LIVE CATTLE ,122400,69794,-1352,1992,52606,192194,350752
2012-03-27,LIVE CATTLE ,123859,77774,1459,7980,46085,201633,354737
2012-02-07,LIVE CATTLE ,121769,56795,-2021,-12148,64974,178564,339300
2012-02-14,LIVE CATTLE ,124238,58763,2469,1968,65475,183001,347250
2012-02-21,LIVE CATTLE ,132139,63189,7901,4426,68950,195328,357639
2012-02-28,LIVE CATTLE ,135674,69741,3535,6552,65933,205415,366012
2012-01-03,LIVE CATTLE ,108603,61662,1769,-2756,46941,170265,319647
2012-01-10,LIVE CATTLE ,111440,68423,2837,6761,43017,179863,333360
2012-01-17,LIVE CATTLE ,111148,68472,-292,49,42676,179620,333881
2012-01-24,LIVE CATTLE ,115519,68485,4371,13,47034,184004,335617
2012-01-31,LIVE CATTLE ,123790,68943,8271,458,54847,192733,339209
2011-12-06,LIVE CATTLE ,110701,54006,-1537,-562,56695,164707,319039
2011-12-13,LIVE CATTLE ,105396,56801,-5305,2795,48595,162197,311194
2011-12-20,LIVE CATTLE ,103089,61148,-2307,4347,41941,164237,310904
2011-12-27,LIVE CATTLE ,106834,64418,3745,3270,42416,171252,316393
2011-11-01,LIVE CATTLE ,118169,57353,-16306,-4254,60816,175522,325310
2011-11-08,LIVE CATTLE ,123994,53317,5825,-4036,70677,177311,324810
2011-11-15,LIVE CATTLE ,121460,57389,-2534,4072,64071,178849,329560
2011-11-22,LIVE CATTLE ,111987,53835,-9473,-3554,58152,165822,322239
2011-11-29,LIVE CATTLE ,112238,54568,251,733,57670,166806,316924
2011-10-04,LIVE CATTLE ,107804,56160,11500,2874,51644,163964,340399
2011-10-11,LIVE CATTLE ,116520,57699,8716,1539,58821,174219,340204
2011-10-18,LIVE CATTLE ,132994,60813,16474,3114,72181,193807,338012
2011-10-25,LIVE CATTLE ,134475,61607,1481,794,72868,196082,336771
2011-09-06,LIVE CATTLE ,94012,69861,3691,2991,24151,163873,319453
2011-09-13,LIVE CATTLE ,98055,66781,4043,-3080,31274,164836,320628
2011-09-20,LIVE CATTLE ,100764,55971,2709,-10810,44793,156735,329081
2011-09-27,LIVE CATTLE ,96304,53286,-4460,-2685,43018,149590,327627
2011-08-02,LIVE CATTLE ,91841,61475,-1677,3777,30366,153316,311162
2011-08-09,LIVE CATTLE ,88013,52852,-3828,-8623,35161,140865,306631
2011-08-16,LIVE CATTLE ,95410,52944,7397,92,42466,148354,311777
2011-08-23,LIVE CATTLE ,89332,56231,-6078,3287,33101,145563,305416
2011-08-30,LIVE CATTLE ,90321,66870,989,10639,23451,157191,311953
2011-07-05,LIVE CATTLE ,85743,57125,-1722,-2166,28618,142868,325689
2011-07-12,LIVE CATTLE ,92644,52002,6901,-5123,40642,144646,327644
2011-07-19,LIVE CATTLE ,94933,51485,2289,-517,43448,146418,323410
2011-07-26,LIVE CATTLE ,93518,57698,-1415,6213,35820,151216,313397
2011-06-07,LIVE CATTLE ,96621,61970,-10540,-6600,34651,158591,327332
2011-06-14,LIVE CATTLE ,93248,64762,-3373,2792,28486,158010,326651
2011-06-21,LIVE CATTLE ,88755,61429,-4493,-3333,27326,150184,320098
2011-06-28,LIVE CATTLE ,87465,59291,-1290,-2138,28174,146756,327517
2011-05-03,LIVE CATTLE ,120489,56933,-3719,2207,63556,177422,354805
2011-05-10,LIVE CATTLE ,115803,58516,-4686,1583,57287,174319,351657
2011-05-17,LIVE CATTLE ,115013,62726,-790,4210,52287,177739,345379
2011-05-24,LIVE CATTLE ,110005,64977,-5008,2251,45028,174982,339216
2011-05-31,LIVE CATTLE ,107161,68570,-2844,3593,38591,175731,336780
2011-04-05,LIVE CATTLE ,123439,51947,9463,-1429,71492,175386,393601
2011-04-12,LIVE CATTLE ,128100,52549,4661,602,75551,180649,388055
2011-04-19,LIVE CATTLE ,127152,51612,-948,-937,75540,178764,376895
2011-04-26,LIVE CATTLE ,124208,54726,-2944,3114,69482,178934,364340
2011-03-01,LIVE CATTLE ,127418,58570,-1607,2108,68848,185988,355843
2011-03-08,LIVE CATTLE ,129895,57316,2477,-1254,72579,187211,362122
2011-03-15,LIVE CATTLE ,125890,59100,-4005,1784,66790,184990,371349
2011-03-22,LIVE CATTLE ,113516,56544,-12374,-2556,56972,170060,360991
2011-03-29,LIVE CATTLE ,113976,53376,460,-3168,60600,167352,382223
2011-02-01,LIVE CATTLE ,130564,64954,1465,2762,65610,195518,368348
2011-02-08,LIVE CATTLE ,124009,54160,-6555,-10794,69849,178169,355295
2011-02-15,LIVE CATTLE ,127233,55991,3224,1831,71242,183224,353698
2011-02-22,LIVE CATTLE ,129025,56462,1792,471,72563,185487,359080
2011-01-04,LIVE CATTLE ,131392,54412,4575,7517,76980,185804,330306
2011-01-11,LIVE CATTLE ,132316,54727,924,315,77589,187043,333554
2011-01-18,LIVE CATTLE ,130909,61225,-1407,6498,69684,192134,344832
2011-01-25,LIVE CATTLE ,129099,62192,-1810,967,66907,191291,358433
2010-12-07,LIVE CATTLE ,132389,44065,-4645,-8108,88324,176454,340954
2010-12-14,LIVE CATTLE ,128719,45063,-3670,998,83656,173782,334545
2010-12-21,LIVE CATTLE ,125054,42868,-3665,-2195,82186,167922,325371
2010-12-28,LIVE CATTLE ,126817,46895,1763,4027,79922,173712,325248
2010-11-02,LIVE CATTLE ,136830,45548,-5931,929,91282,182378,316061
2010-11-09,LIVE CATTLE ,130032,44190,-6798,-1358,85842,174222,307155
2010-11-16,LIVE CATTLE ,129237,38689,-795,-5501,90548,167926,314299
2010-11-23,LIVE CATTLE ,127952,43285,-1285,4596,84667,171237,332090
2010-11-30,LIVE CATTLE ,137034,52173,9082,8888,84861,189207,343325
2010-10-05,LIVE CATTLE ,141934,34485,-6565,-4622,107449,176419,322975
2010-10-12,LIVE CATTLE ,138118,37300,-3816,2815,100818,175418,318427
2010-10-19,LIVE CATTLE ,140751,40483,2633,3183,100268,181234,315182
2010-10-26,LIVE CATTLE ,142761,44619,2010,4136,98142,187380,315404
2010-09-07,LIVE CATTLE ,152300,41229,911,1300,111071,193529,350095
2010-09-14,LIVE CATTLE ,152436,42703,136,1474,109733,195139,344943
2010-09-21,LIVE CATTLE ,153648,43224,1212,521,110424,196872,349755
2010-09-28,LIVE CATTLE ,148499,39107,-5149,-4117,109392,187606,338708
2010-08-03,LIVE CATTLE ,129288,54094,1831,-5484,75194,183382,332396
2010-08-10,LIVE CATTLE ,130654,44925,1366,-9169,85729,175579,338562
2010-08-17,LIVE CATTLE ,131790,45140,1136,215,86650,176930,337600
2010-08-24,LIVE CATTLE ,142327,40524,10537,-4616,101803,182851,342847
2010-08-31,LIVE CATTLE ,151389,39929,9062,-595,111460,191318,349496
2010-07-06,LIVE CATTLE ,114763,58686,2166,-2096,56077,173449,325069
2010-07-13,LIVE CATTLE ,112983,58428,-1780,-258,54555,171411,314710
2010-07-20,LIVE CATTLE ,118136,55938,5153,-2490,62198,174074,323008
2010-07-27,LIVE CATTLE ,127457,59578,9321,3640,67879,187035,329910
2010-06-01,LIVE CATTLE ,133662,50136,-6366,740,83526,183798,342241
2010-06-08,LIVE CATTLE ,117449,47691,-16213,-2445,69758,165140,330824
2010-06-15,LIVE CATTLE ,113490,53433,-3959,5742,60057,166923,325154
2010-06-22,LIVE CATTLE ,115564,57944,2074,4511,57620,173508,323193
2010-06-29,LIVE CATTLE ,112597,60782,-2967,2838,51815,173379,321443
2010-05-04,LIVE CATTLE ,147750,40226,-1296,2533,107524,187976,371937
2010-05-11,LIVE CATTLE ,152053,43674,4303,3448,108379,195727,376949
2010-05-18,LIVE CATTLE ,142927,48508,-9126,4834,94419,191435,361152
2010-05-25,LIVE CATTLE ,140028,49396,-2899,888,90632,189424,347889
2010-04-06,LIVE CATTLE ,138904,33655,11058,2967,105249,172559,358664
2010-04-13,LIVE CATTLE ,141614,32861,2710,-794,108753,174475,356346
2010-04-20,LIVE CATTLE ,147412,34146,5798,1285,113266,181558,366292
2010-04-27,LIVE CATTLE ,149046,37693,1634,3547,111353,186739,367836
2010-03-02,LIVE CATTLE ,120743,34423,6717,494,86320,155166,320206
2010-03-09,LIVE CATTLE ,122363,30289,1620,-4134,92074,152652,323346
2010-03-16,LIVE CATTLE ,124974,31274,2611,985,93700,156248,348450
2010-03-23,LIVE CATTLE ,130983,36070,6009,4796,94913,167053,358017
2010-03-30,LIVE CATTLE ,127846,30688,-3137,-5382,97158,158534,363471
2010-02-02,LIVE CATTLE ,105612,37914,-1485,2624,67698,143526,282894
2010-02-09,LIVE CATTLE ,108791,37050,3179,-864,71741,145841,285530
2010-02-16,LIVE CATTLE ,114293,34456,5502,-2594,79837,148749,294561
2010-02-23,LIVE CATTLE ,114026,33929,-267,-527,80097,147955,308836
2010-01-05,LIVE CATTLE ,95918,48431,1715,-7903,47487,144349,258975
2010-01-12,LIVE CATTLE ,99460,47968,3542,-463,51492,147428,278461
2010-01-19,LIVE CATTLE ,106621,38966,7161,-9002,67655,145587,278567
2010-01-26,LIVE CATTLE ,107097,35290,476,-3676,71807,142387,284138
2009-12-01,LIVE CATTLE ,90033,67427,624,615,22606,157460,266788
2009-12-08,LIVE CATTLE ,90096,67333,63,-94,22763,157429,263650
2009-12-15,LIVE CATTLE ,91788,65421,1692,-1912,26367,157209,260608
2009-12-22,LIVE CATTLE ,91045,58526,-743,-6895,32519,149571,259625
2009-12-29,LIVE CATTLE ,94203,56334,3158,-2192,37869,150537,264579
2009-11-03,LIVE CATTLE ,79199,56273,4687,-1961,22926,135472,268141
2009-11-09,LIVE CATTLE ,78822,51457,-377,-4816,27365,130279,265070
2009-11-17,LIVE CATTLE ,85951,63030,7129,11573,22921,148981,271891
2009-11-24,LIVE CATTLE ,89409,66812,3458,3782,22597,156221,266079
2009-10-06,LIVE CATTLE ,68729,67648,-2300,489,1081,136377,255493
2009-10-13,LIVE CATTLE ,69693,69715,964,2067,-22,139408,256823
2009-10-20,LIVE CATTLE ,70883,65445,1190,-4270,5438,136328,262458
2009-10-27,LIVE CATTLE ,74512,58234,3629,-7211,16278,132746,263566
2009-09-01,LIVE CATTLE ,75589,66779,-153,10206,8810,142368,244351
2009-09-08,LIVE CATTLE ,70615,62639,-4974,-4140,7976,133254,242009
2009-09-15,LIVE CATTLE ,73030,60504,2415,-2135,12526,133534,253516
2009-09-22,LIVE CATTLE ,69348,70639,-3682,10135,-1291,139987,257090
2009-09-29,LIVE CATTLE ,71029,67159,1681,-3480,3870,138188,255073
2009-08-04,LIVE CATTLE ,71965,41613,5141,1922,30352,113578,235693
2009-08-11,LIVE CATTLE ,69703,47931,-2262,6318,21772,117634,226076
2009-08-18,LIVE CATTLE ,73063,54046,3360,6115,19017,127109,231480
2009-08-25,LIVE CATTLE ,75742,56573,2679,2527,19169,132315,239923
2009-07-07,LIVE CATTLE ,58729,47770,3220,2360,10959,106499,216834
2009-07-14,LIVE CATTLE ,63754,41748,5025,-6022,22006,105502,220377
2009-07-21,LIVE CATTLE ,65016,38145,1262,-3603,26871,103161,227467
2009-07-28,LIVE CATTLE ,66824,39691,1808,1546,27133,106515,229406
2009-06-02,LIVE CATTLE ,54871,65356,3151,12441,-10485,120227,207951
2009-06-09,LIVE CATTLE ,54089,64750,-782,-606,-10661,118839,210606
2009-06-16,LIVE CATTLE ,53109,65309,-980,559,-12200,118418,210684
2009-06-23,LIVE CATTLE ,53931,56806,822,-8503,-2875,110737,212847
2009-06-30,LIVE CATTLE ,55509,45410,1578,-11396,10099,100919,214013
2009-05-05,LIVE CATTLE ,47863,52040,803,5198,-4177,99903,206498
2009-05-12,LIVE CATTLE ,48893,52207,1030,167,-3314,101100,205439
2009-05-19,LIVE CATTLE ,51210,55653,2317,3446,-4443,106863,205112
2009-05-26,LIVE CATTLE ,51720,52915,510,-2738,-1195,104635,200186
2009-04-07,LIVE CATTLE ,49504,49162,553,-8805,342,98666,209903
2009-04-14,LIVE CATTLE ,49150,46941,-354,-2221,2209,96091,204002
2009-04-21,LIVE CATTLE ,48555,46981,-595,40,1574,95536,205944
2009-04-28,LIVE CATTLE ,47060,46842,-1495,-139,218,93902,206057
2009-03-03,LIVE CATTLE ,50518,51351,-552,3111,-833,101869,202827
2009-03-10,LIVE CATTLE ,50882,54328,364,2977,-3446,105210,209715
2009-03-17,LIVE CATTLE ,48837,52038,-2045,-2290,-3201,100875,206327
2009-03-24,LIVE CATTLE ,47354,50556,-1483,-1482,-3202,97910,211521
2009-03-31,LIVE CATTLE ,48951,57967,1597,7411,-9016,106918,203981
2009-02-03,LIVE CATTLE ,53985,60929,-277,2700,-6944,114914,207224
2009-02-10,LIVE CATTLE ,51483,47277,-2502,-13652,4206,98760,202092
2009-02-17,LIVE CATTLE ,49932,45498,-1551,-1779,4434,95430,200762
2009-02-24,LIVE CATTLE ,51070,48240,1138,2742,2830,99310,204978
2009-01-06,LIVE CATTLE ,47518,53230,2614,-1810,-5712,100748,216984
2009-01-13,LIVE CATTLE ,48645,50026,1127,-3204,-1381,98671,201142
2009-01-20,LIVE CATTLE ,51315,54190,2670,4164,-2875,105505,203960
2009-01-27,LIVE CATTLE ,54262,58229,2947,4039,-3967,112491,206740
2008-12-02,LIVE CATTLE ,48895,53310,82,425,-4415,102205,213323
2008-12-09,LIVE CATTLE ,45109,55681,-3786,2371,-10572,100790,210044
2008-12-16,LIVE CATTLE ,44946,54990,-163,-691,-10044,99936,212225
2008-12-22,LIVE CATTLE ,44769,55472,-177,482,-10703,100241,212399
2008-12-30,LIVE CATTLE ,44904,55040,135,-432,-10136,99944,211365
2008-11-04,LIVE CATTLE ,53579,54114,167,-3248,-535,107693,216468
2008-11-11,LIVE CATTLE ,53304,52222,-275,-1892,1082,105526,212279
2008-11-18,LIVE CATTLE ,50741,54482,-2563,2260,-3741,105223,216423
2008-11-25,LIVE CATTLE ,48813,52885,-1928,-1597,-4072,101698,213883
2008-10-07,LIVE CATTLE ,58401,59430,-8453,-5243,-1029,117831,239492
2008-10-14,LIVE CATTLE ,56232,55955,-2169,-3475,277,112187,231367
2008-10-21,LIVE CATTLE ,56514,59309,282,3354,-2795,115823,225382
2008-10-28,LIVE CATTLE ,53412,57362,-3102,-1947,-3950,110774,214044
2008-09-02,LIVE CATTLE ,73827,64245,1780,6380,9582,138072,275222
2008-09-09,LIVE CATTLE ,74973,70667,1146,6422,4306,145640,272352
2008-09-16,LIVE CATTLE ,72444,72215,-2529,1548,229,144659,276655
2008-09-23,LIVE CATTLE ,68819,69409,-3625,-2806,-590,138228,256310
2008-09-30,LIVE CATTLE ,66854,64673,-1965,-4736,2181,131527,246257
2008-08-05,LIVE CATTLE ,75636,56708,-3063,-2449,18928,132344,296992
2008-08-12,LIVE CATTLE ,75276,55302,-360,-1406,19974,130578,276299
2008-08-19,LIVE CATTLE ,74371,57552,-905,2250,16819,131923,275574
2008-08-26,LIVE CATTLE ,72047,57865,-2324,313,14182,129912,271356
2008-07-01,LIVE CATTLE ,91334,33090,1430,5711,58244,124424,312602
2008-07-08,LIVE CATTLE ,89092,34121,-2242,1031,54971,123213,305885
2008-07-15,LIVE CATTLE ,82033,39320,-7059,5199,42713,121353,294372
2008-07-22,LIVE CATTLE ,83028,51263,995,11943,31765,134291,298308
2008-07-29,LIVE CATTLE ,78699,59157,-4329,7894,19542,137856,294381
2008-06-03,LIVE CATTLE ,90811,34357,-3630,-2003,56454,125168,297547
2008-06-10,LIVE CATTLE ,90131,31005,-680,-3352,59126,121136,295678
2008-06-17,LIVE CATTLE ,89785,27942,-346,-3063,61843,117727,296409
2008-06-24,LIVE CATTLE ,89904,27379,119,-563,62525,117283,302372
2008-05-06,LIVE CATTLE ,105226,42940,3643,-2398,62286,148166,298329
2008-05-13,LIVE CATTLE ,103589,38537,-1637,-4403,65052,142126,298813
2008-05-20,LIVE CATTLE ,97971,39382,-5618,845,58589,137353,297598
2008-05-27,LIVE CATTLE ,94441,36360,-3530,-3022,58081,130801,296795
2008-04-01,LIVE CATTLE ,95343,55153,7379,3773,40190,150496,275988
2008-04-08,LIVE CATTLE ,96897,53320,1554,-1833,43577,150217,279762
2008-04-15,LIVE CATTLE ,97780,50397,883,-2923,47383,148177,283571
2008-04-22,LIVE CATTLE ,96110,46850,-1670,-3547,49260,142960,291232
2008-04-29,LIVE CATTLE ,101583,45338,5473,-1512,56245,146921,294520
2008-03-04,LIVE CATTLE ,76481,59481,1634,2942,17000,135962,283138
2008-03-11,LIVE CATTLE ,77694,57010,1213,-2471,20684,134704,276911
2008-03-18,LIVE CATTLE ,83053,56586,5359,-424,26467,139639,272674
2008-03-25,LIVE CATTLE ,87964,51380,4911,-5206,36584,139344,269301
2008-02-05,LIVE CATTLE ,67666,59241,6078,2615,8425,126907,271252
2008-02-12,LIVE CATTLE ,69998,57195,2332,-2046,12803,127193,270729
2008-02-19,LIVE CATTLE ,69089,56013,-909,-1182,13076,125102,269699
2008-02-26,LIVE CATTLE ,74847,56539,5758,526,18308,131386,278145
2008-01-08,LIVE CATTLE ,57012,54191,-3125,1157,2821,111203,243690
2008-01-15,LIVE CATTLE ,58063,55888,1051,1697,2175,113951,254705
2008-01-22,LIVE CATTLE ,59070,54713,1007,-1175,4357,113783,253305
2008-01-29,LIVE CATTLE ,61588,56626,2518,1913,4962,118214,261239
2007-12-04,LIVE CATTLE ,55505,50050,322,4228,5455,105555,237412
2007-12-11,LIVE CATTLE ,58879,47451,3374,-2599,11428,106330,245789
2007-12-18,LIVE CATTLE ,57574,52479,-1305,5028,5095,110053,242864
2007-12-24,LIVE CATTLE ,57673,53794,99,1315,3879,111467,240200
2007-12-31,LIVE CATTLE ,60137,53034,2464,-760,7103,113171,241412
2007-11-06,LIVE CATTLE ,52469,49198,-1100,4937,3271,101667,237546
2007-11-13,LIVE CATTLE ,52871,42892,402,-6306,9979,95763,247131
2007-11-20,LIVE CATTLE ,53918,45536,1047,2644,8382,99454,242358
2007-11-27,LIVE CATTLE ,55183,45822,1265,286,9361,101005,238458
2007-10-02,LIVE CATTLE ,58021,34902,-1716,1051,23119,92923,241252
2007-10-09,LIVE CATTLE ,52809,38546,-5212,3644,14263,91355,232287
2007-10-16,LIVE CATTLE ,53405,40166,596,1620,13239,93571,232179
2007-10-23,LIVE CATTLE ,54708,40521,1303,355,14187,95229,235272
2007-10-30,LIVE CATTLE ,53569,44261,-1139,3740,9308,97830,232219
2007-09-04,LIVE CATTLE ,60908,32148,2956,-2294,28760,93056,232177
2007-09-11,LIVE CATTLE ,59819,32809,-1089,661,27010,92628,227108
2007-09-18,LIVE CATTLE ,56766,34237,-3053,1428,22529,91003,231028
2007-09-25,LIVE CATTLE ,59737,33851,2971,-386,25886,93588,246914
2007-08-07,LIVE CATTLE ,64256,36321,-1790,-1718,27935,100577,241527
2007-08-14,LIVE CATTLE ,53722,35342,-10534,-979,18380,89064,224582
2007-08-21,LIVE CATTLE ,49234,38499,-4488,3157,10735,87733,223683
2007-08-28,LIVE CATTLE ,57952,34442,8718,-4057,23510,92394,228259
2007-07-03,LIVE CATTLE ,50034,40061,-2966,4840,9973,90095,220243
2007-07-10,LIVE CATTLE ,58623,42518,8589,2457,16105,101141,229572
2007-07-17,LIVE CATTLE ,60334,39071,1711,-3447,21263,99405,236495
2007-07-24,LIVE CATTLE ,61272,38490,938,-581,22782,99762,241378
2007-07-31,LIVE CATTLE ,66046,38039,4774,-451,28007,104085,251840
2007-06-05,LIVE CATTLE ,59638,32893,-5975,-6175,26745,92531,251058
2007-06-12,LIVE CATTLE ,57108,32586,-2530,-307,24522,89694,243270
2007-06-19,LIVE CATTLE ,59227,33440,2119,854,25787,92667,241428
2007-06-26,LIVE CATTLE ,53000,35221,-6227,1781,17779,88221,227375
2007-05-01,LIVE CATTLE ,63804,41925,1244,3275,21879,105729,264813
2007-05-08,LIVE CATTLE ,62977,39919,-827,-2006,23058,102896,253456
2007-05-15,LIVE CATTLE ,66057,41341,3080,1422,24716,107398,261875
2007-05-22,LIVE CATTLE ,69306,43427,3249,2086,25879,112733,266552
2007-05-29,LIVE CATTLE ,65613,39068,-3693,-4359,26545,104681,265906
2007-04-03,LIVE CATTLE ,74190,46974,531,4800,27216,121164,298482
2007-04-10,LIVE CATTLE ,74068,43347,-122,-3627,30721,117415,294301
2007-04-17,LIVE CATTLE ,65155,37886,-8913,-5461,27269,103041,277906
2007-04-24,LIVE CATTLE ,62560,38650,-2595,764,23910,101210,268049
2007-03-06,LIVE CATTLE ,74624,37011,-2620,-938,37613,111635,285021
2007-03-13,LIVE CATTLE ,76858,40593,2234,3582,36265,117451,299316
2007-03-20,LIVE CATTLE ,74197,41762,-2661,1169,32435,115959,297871
2007-03-27,LIVE CATTLE ,73659,42174,-538,412,31485,115833,298522
2007-02-06,LIVE CATTLE ,68036,32448,4458,1129,35588,100484,268561
2007-02-13,LIVE CATTLE ,70945,33903,2909,1455,37042,104848,273259
2007-02-20,LIVE CATTLE ,73556,35235,2611,1332,38321,108791,274295
2007-02-27,LIVE CATTLE ,77244,37949,3688,2714,39295,115193,283602
2007-01-03,LIVE CATTLE ,59712,25430,2128,-3125,34282,85142,246598
2007-01-09,LIVE CATTLE ,62042,27638,2330,2208,34404,89680,255284
2007-01-16,LIVE CATTLE ,64640,30934,2598,3296,33706,95574,261503
2007-01-23,LIVE CATTLE ,64581,30378,-59,-556,34203,94959,257867
2007-01-30,LIVE CATTLE ,63578,31319,-1003,941,32259,94897,254118
2006-12-05,LIVE CATTLE ,52004,29126,1514,-1135,22878,81130,221763
2006-12-12,LIVE CATTLE ,54879,30048,2875,922,24831,84927,221742
2006-12-19,LIVE CATTLE ,56250,28248,1371,-1800,28002,84498,223026
2006-12-26,LIVE CATTLE ,57584,28555,1334,307,29029,86139,229204
2006-11-07,LIVE CATTLE ,53077,27447,4873,257,25630,80524,198160
2006-11-14,LIVE CATTLE ,52075,28065,-1002,618,24010,80140,213804
2006-11-21,LIVE CATTLE ,50841,28775,-1234,710,22066,79616,219597
2006-11-28,LIVE CATTLE ,50490,30261,-351,1486,20229,80751,219526
2006-10-03,LIVE CATTLE ,50070,29934,-59,1426,20136,80004,221700
2006-10-10,LIVE CATTLE ,49948,27225,-122,-2709,22723,77173,209091
2006-10-17,LIVE CATTLE ,46237,26439,-3711,-786,19798,72676,200539
2006-10-24,LIVE CATTLE ,47219,27826,982,1387,19393,75045,201415
2006-10-31,LIVE CATTLE ,48204,27190,985,-636,21014,75394,195423
2006-09-05,LIVE CATTLE ,60222,30599,5210,5743,29623,90821,209993
2006-09-12,LIVE CATTLE ,60501,29941,279,-658,30560,90442,210851
2006-09-19,LIVE CATTLE ,52026,26267,-8475,-3674,25759,78293,216116
2006-09-26,LIVE CATTLE ,50129,28508,-1897,2241,21621,78637,217870
2006-08-01,LIVE CATTLE ,45687,19139,-2231,-2412,26548,64826,233026
2006-08-08,LIVE CATTLE ,50521,18466,4834,-673,32055,68987,233053
2006-08-15,LIVE CATTLE ,49514,19487,-1007,1021,30027,69001,203496
2006-08-22,LIVE CATTLE ,52348,23126,2834,3639,29222,75474,203023
2006-08-29,LIVE CATTLE ,55012,24856,2664,1730,30156,79868,203046
2006-07-03,LIVE CATTLE ,55632,18230,4962,-3662,37402,73862,223722
2006-07-11,LIVE CATTLE ,53808,19399,-1824,1169,34409,73207,233082
2006-07-18,LIVE CATTLE ,50947,21145,-2861,1746,29802,72092,232171
2006-07-25,LIVE CATTLE ,47918,21551,-3029,406,26367,69469,234577
2006-06-06,LIVE CATTLE ,54642,34827,2648,-7920,19815,89469,248837
2006-06-13,LIVE CATTLE ,54531,32147,-111,-2680,22384,86678,244033
2006-06-20,LIVE CATTLE ,49839,24045,-4692,-8102,25794,73884,222638
2006-06-27,LIVE CATTLE ,50670,21892,831,-2153,28778,72562,227067
2006-05-02,LIVE CATTLE ,49331,48053,4774,-1464,1278,97384,241495
2006-05-09,LIVE CATTLE ,53763,50700,4432,2647,3063,104463,256111
2006-05-16,LIVE CATTLE ,52161,45884,-1602,-4816,6277,98045,271148
2006-05-23,LIVE CATTLE ,52137,45864,-24,-20,6273,98001,268812
2006-05-30,LIVE CATTLE ,51994,42747,-143,-3117,9247,94741,259745
2006-04-04,LIVE CATTLE ,47846,45081,5625,-1066,2765,92927,237458
2006-04-11,LIVE CATTLE ,43884,46060,-3962,979,-2176,89944,238034
2006-04-18,LIVE CATTLE ,44239,48721,355,2661,-4482,92960,239631
2006-04-25,LIVE CATTLE ,44557,49517,318,796,-4960,94074,245764
2006-03-07,LIVE CATTLE ,40647,26069,681,3265,14578,66716,208661
2006-03-14,LIVE CATTLE ,41577,36621,930,10552,4956,78198,217731
2006-03-21,LIVE CATTLE ,39682,43176,-1895,6555,-3494,82858,222381
2006-03-28,LIVE CATTLE ,42221,46147,2539,2971,-3926,88368,230770
2006-02-07,LIVE CATTLE ,50977,21318,-7671,-1249,29659,72295,227304
2006-02-14,LIVE CATTLE ,46180,18557,-4797,-2761,27623,64737,218888
2006-02-21,LIVE CATTLE ,43709,19123,-2471,566,24586,62832,215574
2006-02-28,LIVE CATTLE ,39966,22804,-3743,3681,17162,62770,211135
2006-01-03,LIVE CATTLE ,72727,19808,5614,-227,52919,92535,199893
2006-01-10,LIVE CATTLE ,72990,21358,263,1550,51632,94348,213621
2006-01-17,LIVE CATTLE ,65410,21721,-7580,363,43689,87131,229356
2006-01-24,LIVE CATTLE ,63541,23589,-1869,1868,39952,87130,238347
2006-01-31,LIVE CATTLE ,58648,22567,-4893,-1022,36081,81215,237194
2005-12-06,LIVE CATTLE ,67484,16249,6095,-2357,51235,83733,196414
2005-12-13,LIVE CATTLE ,68011,17929,527,1680,50082,85940,199166
2005-12-20,LIVE CATTLE ,68848,19584,837,1655,49264,88432,198245
2005-12-27,LIVE CATTLE ,67113,20035,-1735,451,47078,87148,195778
2005-11-01,LIVE CATTLE ,51425,16782,-1849,495,34643,68207,168060
2005-11-08,LIVE CATTLE ,53997,18117,2572,1335,35880,72114,166183
2005-11-15,LIVE CATTLE ,55519,19330,1522,1213,36189,74849,173332
2005-11-22,LIVE CATTLE ,56751,19241,1232,-89,37510,75992,178002
2005-11-29,LIVE CATTLE ,61389,18606,4638,-635,42783,79995,187344
2005-10-04,LIVE CATTLE ,50871,22650,7290,-1593,28221,73521,164709
2005-10-11,LIVE CATTLE ,54490,21050,3619,-1600,33440,75540,168999
2005-10-18,LIVE CATTLE ,51040,16397,-3450,-4653,34643,67437,165123
2005-10-25,LIVE CATTLE ,53274,16287,2234,-110,36987,69561,168332
2005-09-06,LIVE CATTLE ,37555,34772,1513,-1667,2783,72327,136364
2005-09-13,LIVE CATTLE ,36452,23490,-1103,-11282,12962,59942,142365
2005-09-20,LIVE CATTLE ,38893,22237,2441,-1253,16656,61130,148681
2005-09-27,LIVE CATTLE ,43581,24243,4688,2006,19338,67824,154724
2005-08-02,LIVE CATTLE ,33991,35059,2439,-1979,-1068,69050,139375
2005-08-09,LIVE CATTLE ,33959,38052,-32,2993,-4093,72011,130694
2005-08-16,LIVE CATTLE ,35216,42699,1257,4647,-7483,77915,132570
2005-08-23,LIVE CATTLE ,34885,38355,-331,-4344,-3470,73240,134147
2005-07-05,LIVE CATTLE ,29660,34150,872,1891,-4490,63810,124653
2005-07-12,LIVE CATTLE ,29112,37608,-548,3458,-8496,66720,134933
2005-07-19,LIVE CATTLE ,31344,37663,2232,55,-6319,69007,142552
2005-07-26,LIVE CATTLE ,31552,37038,208,-625,-5486,68590,136698
2005-06-07,LIVE CATTLE ,35240,16284,-5246,123,18956,51524,141343
2005-06-14,LIVE CATTLE ,30832,21561,-4408,5277,9271,52393,133331
2005-06-21,LIVE CATTLE ,31066,28992,234,7431,2074,60058,130623
2005-06-28,LIVE CATTLE ,28788,32259,-2278,3267,-3471,61047,125673
2005-05-03,LIVE CATTLE ,43917,18284,-1511,125,25633,62201,139364
2005-05-10,LIVE CATTLE ,45449,17812,1532,-472,27637,63261,141299
2005-05-17,LIVE CATTLE ,50207,17980,4758,168,32227,68187,153965
2005-05-24,LIVE CATTLE ,40842,16105,-9365,-1875,24737,56947,144146
2005-05-31,LIVE CATTLE ,40486,16161,-356,56,24325,56647,147167
2005-04-05,LIVE CATTLE ,45312,13720,-755,-3884,31592,59032,148107
2005-04-12,LIVE CATTLE ,42647,14553,-2665,833,28094,57200,139966
2005-04-19,LIVE CATTLE ,40654,16572,-1993,2019,24082,57226,138611
2005-04-26,LIVE CATTLE ,45428,18159,4774,1587,27269,63587,142633
2005-03-01,LIVE CATTLE ,38101,19332,181,1798,18769,57433,128754
2005-03-08,LIVE CATTLE ,44760,16969,6659,-2363,27791,61729,136253
2005-03-15,LIVE CATTLE ,53212,17524,8452,555,35688,70736,149496
2005-03-22,LIVE CATTLE ,46706,15780,-6506,-1744,30926,62486,152539
2005-03-29,LIVE CATTLE ,46067,17604,-639,1824,28463,63671,153910
2005-02-01,LIVE CATTLE ,41616,16137,1247,-115,25479,57753,149527
2005-02-08,LIVE CATTLE ,46405,15509,4789,-628,30896,61914,149847
2005-02-15,LIVE CATTLE ,43250,18030,-3155,2521,25220,61280,141651
2005-02-22,LIVE CATTLE ,37920,17534,-5330,-496,20386,55454,131945
2005-01-04,LIVE CATTLE ,36088,15084,-2909,-354,21004,51172,136358
2005-01-11,LIVE CATTLE ,41027,15033,4939,-51,25994,56060,143587
2005-01-18,LIVE CATTLE ,43679,16234,2652,1201,27445,59913,143906
2005-01-25,LIVE CATTLE ,40369,16252,-3310,18,24117,56621,145413
