Date,Symbol,Long,Short,Change Long,Change Short,Net positions,Total positions,Open interest
2021-03-09,NEW ZEALAND DOLLAR ,32664,15538,839,121,17126,48202,51380
2021-03-02,NEW ZEALAND DOLLAR ,31825,15417,1403,-356,16408,47242,48587
2021-02-02,NEW ZEALAND DOLLAR ,30501,18854,2324,5435,11647,49355,50685
2021-02-09,NEW ZEALAND DOLLAR ,29133,17589,-1368,-1265,11544,46722,48655
2021-02-16,NEW ZEALAND DOLLAR ,30243,16532,1110,-1057,13711,46775,48103
2021-02-23,NEW ZEALAND DOLLAR ,30422,15773,179,-759,14649,46195,48209
2021-01-05,NEW ZEALAND DOLLAR ,26552,14556,-1287,-749,11996,41108,47194
2021-01-12,NEW ZEALAND DOLLAR ,26131,11424,-421,-3132,14707,37555,44757
2021-01-19,NEW ZEALAND DOLLAR ,27997,12014,1866,590,15983,40011,46244
2021-01-26,NEW ZEALAND DOLLAR ,28177,13419,180,1405,14758,41596,46804
2020-12-01,NEW ZEALAND DOLLAR ,32806,23748,571,-175,9058,56554,55345
2020-12-08,NEW ZEALAND DOLLAR ,34730,24180,1924,432,10550,58910,61261
2020-12-15,NEW ZEALAND DOLLAR ,28739,14546,-5991,-9634,14193,43285,47402
2020-12-21,NEW ZEALAND DOLLAR ,28710,15056,-29,510,13654,43766,48309
2020-12-29,NEW ZEALAND DOLLAR ,27839,15305,-871,249,12534,43144,47915
2020-11-03,NEW ZEALAND DOLLAR ,21903,14852,-120,-176,7051,36755,40400
2020-11-10,NEW ZEALAND DOLLAR ,25695,17978,3792,3126,7717,43673,46065
2020-11-17,NEW ZEALAND DOLLAR ,29325,20457,3630,2479,8868,49782,50687
2020-11-24,NEW ZEALAND DOLLAR ,32235,23923,2910,3466,8312,56158,54640
2020-10-06,NEW ZEALAND DOLLAR ,16755,11665,-345,-2106,5090,28420,34612
2020-10-13,NEW ZEALAND DOLLAR ,20227,13737,3472,2072,6490,33964,38209
2020-10-20,NEW ZEALAND DOLLAR ,19897,13295,-330,-442,6602,33192,37295
2020-10-27,NEW ZEALAND DOLLAR ,22023,15028,2126,1733,6995,37051,40388
2020-09-01,NEW ZEALAND DOLLAR ,21434,14468,1678,-1100,6966,35902,40244
2020-09-08,NEW ZEALAND DOLLAR ,20109,15209,-1325,741,4900,35318,44047
2020-09-15,NEW ZEALAND DOLLAR ,18002,14760,-2107,-449,3242,32762,35834
2020-09-22,NEW ZEALAND DOLLAR ,16700,11840,-1302,-2920,4860,28540,35216
2020-09-29,NEW ZEALAND DOLLAR ,17100,13771,400,1931,3329,30871,35923
2020-08-04,NEW ZEALAND DOLLAR ,18584,20032,1201,1804,-1448,38616,38499
2020-08-11,NEW ZEALAND DOLLAR ,17878,18057,-706,-1975,-179,35935,37528
2020-08-18,NEW ZEALAND DOLLAR ,20513,16751,2635,-1306,3762,37264,38561
2020-08-25,NEW ZEALAND DOLLAR ,19756,15568,-757,-1183,4188,35324,36678
2020-07-07,NEW ZEALAND DOLLAR ,15806,16123,-508,165,-317,31929,31229
2020-07-14,NEW ZEALAND DOLLAR ,16973,15856,1167,-267,1117,32829,33202
2020-07-21,NEW ZEALAND DOLLAR ,19597,17122,2624,1266,2475,36719,36105
2020-07-28,NEW ZEALAND DOLLAR ,17383,18228,-2214,1106,-845,35611,36142
2020-06-02,NEW ZEALAND DOLLAR ,14318,27241,2100,-20,-12923,41559,46537
2020-06-09,NEW ZEALAND DOLLAR ,15165,26406,847,-835,-11241,41571,46711
2020-06-16,NEW ZEALAND DOLLAR ,14452,16384,-713,-10022,-1932,30836,27321
2020-06-23,NEW ZEALAND DOLLAR ,16174,16189,1722,-195,-15,32363,29351
2020-06-30,NEW ZEALAND DOLLAR ,16314,15958,140,-231,356,32272,30845
2020-05-05,NEW ZEALAND DOLLAR ,12042,26995,2186,3360,-14953,39037,44372
2020-05-12,NEW ZEALAND DOLLAR ,11953,27831,-89,836,-15878,39784,45368
2020-05-19,NEW ZEALAND DOLLAR ,10742,26609,-1211,-1222,-15867,37351,44143
2020-05-26,NEW ZEALAND DOLLAR ,12218,27261,1476,652,-15043,39479,45668
2020-04-07,NEW ZEALAND DOLLAR ,9968,24621,1928,475,-14653,34589,40306
2020-04-14,NEW ZEALAND DOLLAR ,8958,23536,-1010,-1085,-14578,32494,39812
2020-04-21,NEW ZEALAND DOLLAR ,8282,22541,-676,-995,-14259,30823,39153
2020-04-28,NEW ZEALAND DOLLAR ,9856,23635,1574,1094,-13779,33491,41267
2020-03-03,NEW ZEALAND DOLLAR ,20530,37487,1536,3182,-16957,58017,62847
2020-03-10,NEW ZEALAND DOLLAR ,20681,36057,151,-1430,-15376,56738,71034
2020-03-17,NEW ZEALAND DOLLAR ,9976,30251,-10705,-5806,-20275,40227,44688
2020-03-24,NEW ZEALAND DOLLAR ,6993,23009,-2983,-7242,-16016,30002,37622
2020-03-31,NEW ZEALAND DOLLAR ,8040,24146,1047,1137,-16106,32186,39144
2020-02-04,NEW ZEALAND DOLLAR ,18599,20791,-4283,-31,-2192,39390,43692
2020-02-11,NEW ZEALAND DOLLAR ,19893,23969,1294,3178,-4076,43862,48946
2020-02-18,NEW ZEALAND DOLLAR ,17485,29672,-2408,5703,-12187,47157,52585
2020-02-25,NEW ZEALAND DOLLAR ,18994,34305,1509,4633,-15311,53299,58240
2020-01-07,NEW ZEALAND DOLLAR ,27369,28857,3476,-94,-1488,56226,50802
2020-01-14,NEW ZEALAND DOLLAR ,24085,24446,-3284,-4411,-361,48531,48651
2020-01-21,NEW ZEALAND DOLLAR ,24112,22279,27,-2167,1833,46391,48300
2020-01-28,NEW ZEALAND DOLLAR ,22882,20822,-1230,-1457,2060,43704,46500
2019-12-03,NEW ZEALAND DOLLAR ,16467,43459,5841,-2993,-26992,59926,71895
2019-12-10,NEW ZEALAND DOLLAR ,14433,39773,-2034,-3686,-25340,54206,75194
2019-12-17,NEW ZEALAND DOLLAR ,16160,24377,1727,-15396,-8217,40537,44340
2019-12-31,NEW ZEALAND DOLLAR ,23893,28951,5242,2504,-5058,52844,48744
2019-11-05,NEW ZEALAND DOLLAR ,14376,53341,2764,1326,-38965,67717,75326
2019-11-12,NEW ZEALAND DOLLAR ,16750,52985,2374,-356,-36235,69735,79394
2019-11-19,NEW ZEALAND DOLLAR ,12349,47448,-4401,-5537,-35099,59797,73073
2019-11-26,NEW ZEALAND DOLLAR ,10626,46452,-1723,-996,-35826,57078,70840
2019-10-01,NEW ZEALAND DOLLAR ,16114,58588,-3401,-525,-42474,74702,75163
2019-10-08,NEW ZEALAND DOLLAR ,14377,52594,-1737,-5994,-38217,66971,73793
2019-10-15,NEW ZEALAND DOLLAR ,14383,54399,6,1805,-40016,68782,74796
2019-10-22,NEW ZEALAND DOLLAR ,12149,52291,-2234,-2108,-40142,64440,73499
2019-10-29,NEW ZEALAND DOLLAR ,11612,52015,-537,-276,-40403,63627,72478
2019-09-03,NEW ZEALAND DOLLAR ,21066,51742,-69,4560,-30676,72808,67827
2019-09-10,NEW ZEALAND DOLLAR ,22490,52280,1424,538,-29790,74770,73148
2019-09-17,NEW ZEALAND DOLLAR ,15824,51867,-6666,-413,-36043,67691,68408
2019-09-24,NEW ZEALAND DOLLAR ,19515,59113,3691,7246,-39598,78628,75074
2019-08-06,NEW ZEALAND DOLLAR ,17898,29462,2781,2026,-11564,47360,57131
2019-08-13,NEW ZEALAND DOLLAR ,20500,33947,2602,4485,-13447,54447,59895
2019-08-20,NEW ZEALAND DOLLAR ,21073,39333,573,5386,-18260,60406,62760
2019-08-27,NEW ZEALAND DOLLAR ,21135,47182,62,7849,-26047,68317,64672
2019-07-02,NEW ZEALAND DOLLAR ,11272,35304,-6339,-6360,-24032,46576,55017
2019-07-09,NEW ZEALAND DOLLAR ,10484,32689,-788,-2615,-22205,43173,54222
2019-07-16,NEW ZEALAND DOLLAR ,10839,28158,355,-4531,-17319,38997,50025
2019-07-23,NEW ZEALAND DOLLAR ,16029,28254,5190,96,-12225,44283,54066
2019-07-30,NEW ZEALAND DOLLAR ,15117,27436,-912,-818,-12319,42553,53172
2019-06-04,NEW ZEALAND DOLLAR ,23476,43872,-1510,2738,-20396,67348,68760
2019-06-11,NEW ZEALAND DOLLAR ,23072,39194,-404,-4678,-16122,62266,62497
2019-06-18,NEW ZEALAND DOLLAR ,19552,44020,-3520,4826,-24468,63572,64240
2019-06-25,NEW ZEALAND DOLLAR ,17611,41664,-1941,-2356,-24053,59275,61828
2019-05-07,NEW ZEALAND DOLLAR ,16308,29050,-2730,-1448,-12742,45358,48392
2019-05-14,NEW ZEALAND DOLLAR ,19075,30513,2767,1463,-11438,49588,50262
2019-05-21,NEW ZEALAND DOLLAR ,26446,37310,7371,6797,-10864,63756,58548
2019-05-28,NEW ZEALAND DOLLAR ,24986,41134,-1460,3824,-16148,66120,61961
2019-04-02,NEW ZEALAND DOLLAR ,20854,21259,-1716,-1513,-405,42113,39164
2019-04-09,NEW ZEALAND DOLLAR ,18911,20394,-1943,-865,-1483,39305,37599
2019-04-16,NEW ZEALAND DOLLAR ,17030,20251,-1881,-143,-3221,37281,37770
2019-04-23,NEW ZEALAND DOLLAR ,21367,26817,4337,6566,-5450,48184,45134
2019-04-30,NEW ZEALAND DOLLAR ,19038,30498,-2329,3681,-11460,49536,49266
2019-03-05,NEW ZEALAND DOLLAR ,20687,19266,2392,1885,1421,39953,39314
2019-03-12,NEW ZEALAND DOLLAR ,20974,16377,287,-2889,4597,37351,42326
2019-03-19,NEW ZEALAND DOLLAR ,17301,18425,-3673,2048,-1124,35726,36146
2019-03-26,NEW ZEALAND DOLLAR ,22570,22772,5269,4347,-202,45342,42640
2019-02-05,NEW ZEALAND DOLLAR ,19257,18710,4366,1003,547,37967,34054
2019-02-12,NEW ZEALAND DOLLAR ,17944,19067,-1313,357,-1123,37011,35744
2019-02-19,NEW ZEALAND DOLLAR ,18718,19458,774,391,-740,38176,36758
2019-02-26,NEW ZEALAND DOLLAR ,18295,17381,-423,-2077,914,35676,35407
2019-01-08,NEW ZEALAND DOLLAR ,14895,16433,-3377,123,-1538,31328,29804
2019-01-15,NEW ZEALAND DOLLAR ,14129,17069,-766,636,-2940,31198,30350
2019-01-22,NEW ZEALAND DOLLAR ,15437,20026,1308,2957,-4589,35463,33089
2019-01-29,NEW ZEALAND DOLLAR ,14891,17707,-546,-2319,-2816,32598,31684
2018-12-04,NEW ZEALAND DOLLAR ,17694,38991,1321,2078,-21297,56685,56348
2018-12-11,NEW ZEALAND DOLLAR ,19127,34368,1433,-4623,-15241,53495,62587
2018-12-18,NEW ZEALAND DOLLAR ,18820,15409,-307,-18959,3411,34229,29675
2018-12-24,NEW ZEALAND DOLLAR ,17717,15777,-1103,368,1940,33494,28524
2018-12-31,NEW ZEALAND DOLLAR ,18272,16310,555,533,1962,34582,29640
2018-11-06,NEW ZEALAND DOLLAR ,10434,36160,1478,-7827,-25726,46594,51288
2018-11-13,NEW ZEALAND DOLLAR ,11138,32006,704,-4154,-20868,43144,50015
2018-11-20,NEW ZEALAND DOLLAR ,15489,34836,4351,2830,-19347,50325,53661
2018-11-27,NEW ZEALAND DOLLAR ,16373,36913,884,2077,-20540,53286,54184
2018-10-02,NEW ZEALAND DOLLAR ,10678,41274,-228,-1467,-30596,51952,56448
2018-10-09,NEW ZEALAND DOLLAR ,15418,49238,4740,7964,-33820,64656,64710
2018-10-16,NEW ZEALAND DOLLAR ,11136,46548,-4282,-2690,-35412,57684,62490
2018-10-23,NEW ZEALAND DOLLAR ,9634,42682,-1502,-3866,-33048,52316,58683
2018-10-30,NEW ZEALAND DOLLAR ,8956,43987,-678,1305,-35031,52943,59718
2018-09-04,NEW ZEALAND DOLLAR ,16291,41185,-154,813,-24894,57476,55781
2018-09-11,NEW ZEALAND DOLLAR ,19408,42055,3117,870,-22647,61463,59669
2018-09-18,NEW ZEALAND DOLLAR ,11021,43010,-8387,955,-31989,54031,57429
2018-09-29,NEW ZEALAND DOLLAR ,10906,42741,-115,-269,-31835,53647,56994
2018-08-07,NEW ZEALAND DOLLAR ,14051,38578,-403,444,-24527,52629,51319
2018-08-14,NEW ZEALAND DOLLAR ,15723,42416,1672,3838,-26693,58139,56128
2018-08-21,NEW ZEALAND DOLLAR ,15665,40808,-58,-1608,-25143,56473,55473
2018-08-28,NEW ZEALAND DOLLAR ,16445,40372,780,-436,-23927,56817,54564
2018-07-03,NEW ZEALAND DOLLAR ,14522,40926,-376,8466,-26404,55448,53676
2018-07-10,NEW ZEALAND DOLLAR ,13170,39744,-1352,-1182,-26574,52914,52787
2018-07-17,NEW ZEALAND DOLLAR ,15392,40459,2222,715,-25067,55851,53254
2018-07-24,NEW ZEALAND DOLLAR ,14977,39347,-415,-1112,-24370,54324,51898
2018-07-31,NEW ZEALAND DOLLAR ,14454,38134,-523,-1213,-23680,52588,51816
2018-06-05,NEW ZEALAND DOLLAR ,33307,28924,2362,-620,4383,62231,62065
2018-06-12,NEW ZEALAND DOLLAR ,34836,27830,1529,-1094,7006,62666,64699
2018-06-19,NEW ZEALAND DOLLAR ,14656,30596,-20180,2766,-15940,45252,43308
2018-06-26,NEW ZEALAND DOLLAR ,14898,32460,242,1864,-17562,47358,45026
2018-05-01,NEW ZEALAND DOLLAR ,29899,13326,-10034,-2173,16573,43225,47605
2018-05-08,NEW ZEALAND DOLLAR ,29004,16458,-895,3132,12546,45462,49725
2018-05-15,NEW ZEALAND DOLLAR ,28754,26801,-250,10343,1953,55555,59874
2018-05-22,NEW ZEALAND DOLLAR ,27077,28440,-1677,1639,-1363,55517,60456
2018-05-29,NEW ZEALAND DOLLAR ,30945,29544,3868,1104,1401,60489,62523
2018-04-03,NEW ZEALAND DOLLAR ,32948,14571,199,61,18377,47519,47079
2018-04-10,NEW ZEALAND DOLLAR ,41652,18825,8704,4254,22827,60477,55938
2018-04-17,NEW ZEALAND DOLLAR ,47255,19652,5603,827,27603,66907,61437
2018-04-24,NEW ZEALAND DOLLAR ,39933,15499,-7322,-4153,24434,55432,55385
2018-03-06,NEW ZEALAND DOLLAR ,33091,33061,912,-109,30,66152,59354
2018-03-13,NEW ZEALAND DOLLAR ,34689,37505,1598,4444,-2816,72194,66872
2018-03-20,NEW ZEALAND DOLLAR ,31078,11452,-3611,-26053,19626,42530,44482
2018-03-27,NEW ZEALAND DOLLAR ,32749,14510,1671,3058,18239,47259,46728
2018-02-06,NEW ZEALAND DOLLAR ,29316,25984,-351,-213,3332,55300,55563
2018-02-13,NEW ZEALAND DOLLAR ,28648,26428,-668,444,2220,55076,53739
2018-02-20,NEW ZEALAND DOLLAR ,29422,28478,774,2050,944,57900,54483
2018-02-27,NEW ZEALAND DOLLAR ,32179,33170,2757,4692,-991,65349,58443
2018-01-02,NEW ZEALAND DOLLAR ,15509,32494,-2631,-3232,-16985,48003,45141
2018-01-09,NEW ZEALAND DOLLAR ,17304,28321,1795,-4173,-11017,45625,45519
2018-01-16,NEW ZEALAND DOLLAR ,17795,25786,491,-2535,-7991,43581,46780
2018-01-23,NEW ZEALAND DOLLAR ,24620,26086,6825,300,-1466,50706,53374
2018-01-30,NEW ZEALAND DOLLAR ,29667,26197,5047,111,3470,55864,55783
2017-12-05,NEW ZEALAND DOLLAR ,24228,37121,268,-861,-12893,61349,61386
2017-12-12,NEW ZEALAND DOLLAR ,23811,37239,-417,118,-13428,61050,74192
2017-12-19,NEW ZEALAND DOLLAR ,19456,36075,-4355,-1164,-16619,55531,48385
2017-12-26,NEW ZEALAND DOLLAR ,18140,35726,-1316,-349,-17586,53866,47219
2017-11-07,NEW ZEALAND DOLLAR ,18943,30130,-2820,2660,-11187,49073,52072
2017-11-14,NEW ZEALAND DOLLAR ,18146,30037,-797,-93,-11891,48183,53690
2017-11-21,NEW ZEALAND DOLLAR ,22489,35883,4343,5846,-13394,58372,59737
2017-11-28,NEW ZEALAND DOLLAR ,23960,37982,1471,2099,-14022,61942,61260
2017-10-03,NEW ZEALAND DOLLAR ,20928,12810,-1441,-1506,8118,33738,34175
2017-10-10,NEW ZEALAND DOLLAR ,21529,15800,601,2990,5729,37329,36460
2017-10-17,NEW ZEALAND DOLLAR ,20423,13446,-1106,-2354,6977,33869,33757
2017-10-24,NEW ZEALAND DOLLAR ,20549,19938,126,6492,611,40487,41185
2017-10-31,NEW ZEALAND DOLLAR ,21763,27470,1214,7532,-5707,49233,49610
2017-09-05,NEW ZEALAND DOLLAR ,26773,12050,-2229,1852,14723,38823,46094
2017-09-12,NEW ZEALAND DOLLAR ,25150,12800,-1623,750,12350,37950,49256
2017-09-19,NEW ZEALAND DOLLAR ,23248,16578,-1902,3778,6670,39826,37073
2017-09-26,NEW ZEALAND DOLLAR ,22369,14316,-879,-2262,8053,36685,35914
2017-08-01,NEW ZEALAND DOLLAR ,41531,6593,310,177,34938,48124,54968
2017-08-08,NEW ZEALAND DOLLAR ,40241,6756,-1290,163,33485,46997,53151
2017-08-15,NEW ZEALAND DOLLAR ,33509,8670,-6732,1914,24839,42179,48413
2017-08-22,NEW ZEALAND DOLLAR ,29590,7708,-3919,-962,21882,37298,44090
2017-08-29,NEW ZEALAND DOLLAR ,29002,10198,-588,2490,18804,39200,43732
2017-07-03,NEW ZEALAND DOLLAR ,44484,15351,-517,-4417,29133,59835,57560
2017-07-11,NEW ZEALAND DOLLAR ,45435,13530,951,-1821,31905,58965,58499
2017-07-18,NEW ZEALAND DOLLAR ,44257,8276,-1178,-5254,35981,52533,57496
2017-07-25,NEW ZEALAND DOLLAR ,41221,6416,-3036,-1860,34805,47637,54603
2017-06-06,NEW ZEALAND DOLLAR ,19348,21133,2462,-1292,-1785,40481,43814
2017-06-13,NEW ZEALAND DOLLAR ,27261,25666,7913,4533,1595,52927,53576
2017-06-20,NEW ZEALAND DOLLAR ,38388,16933,11127,-8733,21455,55321,50095
2017-06-27,NEW ZEALAND DOLLAR ,45001,19768,6613,2835,25233,64769,57424
2017-05-02,NEW ZEALAND DOLLAR ,19190,31160,497,-2937,-11970,50350,43368
2017-05-09,NEW ZEALAND DOLLAR ,12070,22856,-7120,-8304,-10786,34926,44057
2017-05-16,NEW ZEALAND DOLLAR ,11918,23872,-152,1016,-11954,35790,45187
2017-05-23,NEW ZEALAND DOLLAR ,14018,23235,2100,-637,-9217,37253,44165
2017-05-30,NEW ZEALAND DOLLAR ,16886,22425,2868,-810,-5539,39311,44203
2017-04-04,NEW ZEALAND DOLLAR ,17009,31733,793,2888,-14724,48742,40904
2017-04-11,NEW ZEALAND DOLLAR ,19008,34161,1999,2428,-15153,53169,43375
2017-04-18,NEW ZEALAND DOLLAR ,18320,33326,-688,-835,-15006,51646,43061
2017-04-25,NEW ZEALAND DOLLAR ,18693,34097,373,771,-15404,52790,43947
2017-03-07,NEW ZEALAND DOLLAR ,27207,31632,-9991,-2629,-4425,58839,51405
2017-03-14,NEW ZEALAND DOLLAR ,19509,25114,-7698,-6518,-5605,44623,34986
2017-03-21,NEW ZEALAND DOLLAR ,16599,29209,-2910,4095,-12610,45808,37898
2017-03-28,NEW ZEALAND DOLLAR ,16216,28845,-383,-364,-12629,45061,37949
2017-02-07,NEW ZEALAND DOLLAR ,34860,33015,2148,-719,1845,67875,54073
2017-02-14,NEW ZEALAND DOLLAR ,36565,33689,1705,674,2876,70254,56314
2017-02-21,NEW ZEALAND DOLLAR ,35252,32094,-1313,-1595,3158,67346,55082
2017-02-28,NEW ZEALAND DOLLAR ,37198,34261,1946,2167,2937,71459,57102
2017-01-03,NEW ZEALAND DOLLAR ,8565,6420,0,0,2145,14985,44227
2017-01-10,NEW ZEALAND DOLLAR ,22989,36949,-2533,14,-13960,59938,43936
2017-01-17,NEW ZEALAND DOLLAR ,25517,37805,2528,856,-12288,63322,45994
2017-01-24,NEW ZEALAND DOLLAR ,25851,35734,334,-2071,-9883,61585,44940
2017-01-31,NEW ZEALAND DOLLAR ,32712,33734,6861,-2000,-1022,66446,51587
2016-12-06,NEW ZEALAND DOLLAR ,27641,31593,-2590,-510,-3952,59234,48740
2016-12-13,NEW ZEALAND DOLLAR ,29402,33104,1761,1511,-3702,62506,54226
2016-12-20,NEW ZEALAND DOLLAR ,28313,35266,-1089,2162,-6953,63579,41806
2016-12-27,NEW ZEALAND DOLLAR ,25448,36449,-2865,1183,-11001,61897,43266
2016-11-01,NEW ZEALAND DOLLAR ,28557,29522,-947,-402,-965,58079,46788
2016-11-08,NEW ZEALAND DOLLAR ,36124,33619,7567,4097,2505,69743,52113
2016-11-15,NEW ZEALAND DOLLAR ,33547,31504,-2577,-2115,2043,65051,48563
2016-11-22,NEW ZEALAND DOLLAR ,31779,32312,-1768,808,-533,64091,50007
2016-11-29,NEW ZEALAND DOLLAR ,30231,32103,-1548,-209,-1872,62334,49885
2016-10-04,NEW ZEALAND DOLLAR ,32224,40054,-1935,-898,-7830,72278,49242
2016-10-11,NEW ZEALAND DOLLAR ,30962,38698,-1262,-1356,-7736,69660,47124
2016-10-18,NEW ZEALAND DOLLAR ,29513,29666,-1449,-9032,-153,59179,47413
2016-10-25,NEW ZEALAND DOLLAR ,29504,29924,-9,258,-420,59428,47257
2016-09-06,NEW ZEALAND DOLLAR ,37243,31115,5496,1261,6128,68358,51939
2016-09-13,NEW ZEALAND DOLLAR ,34900,29771,-2343,-1344,5129,64671,61941
2016-09-20,NEW ZEALAND DOLLAR ,34778,42694,-122,12923,-7916,77472,49526
2016-09-27,NEW ZEALAND DOLLAR ,34159,40952,-619,-1742,-6793,75111,49416
2016-08-02,NEW ZEALAND DOLLAR ,27049,26832,451,449,217,53881,40392
2016-08-09,NEW ZEALAND DOLLAR ,28314,28927,1265,2095,-613,57241,41475
2016-08-16,NEW ZEALAND DOLLAR ,28980,29675,666,748,-695,58655,43268
2016-08-23,NEW ZEALAND DOLLAR ,29926,30804,946,1129,-878,60730,44393
2016-08-30,NEW ZEALAND DOLLAR ,31747,29854,1821,-950,1893,61601,46496
2016-07-05,NEW ZEALAND DOLLAR ,30606,32009,808,-615,-1403,62615,44234
2016-07-12,NEW ZEALAND DOLLAR ,31694,30683,1088,-1326,1011,62377,44750
2016-07-19,NEW ZEALAND DOLLAR ,29156,26983,-2538,-3700,2173,56139,41199
2016-07-26,NEW ZEALAND DOLLAR ,26598,26383,-2558,-600,215,52981,39825
2016-06-07,NEW ZEALAND DOLLAR ,38562,30026,6643,3611,8536,68588,57750
2016-06-14,NEW ZEALAND DOLLAR ,29558,33376,-9004,3350,-3818,62934,41919
2016-06-21,NEW ZEALAND DOLLAR ,30013,33058,455,-318,-3045,63071,43562
2016-06-28,NEW ZEALAND DOLLAR ,29798,32624,-215,-434,-2826,62422,43462
2016-05-03,NEW ZEALAND DOLLAR ,25306,16106,847,-969,9200,41412,36578
2016-05-10,NEW ZEALAND DOLLAR ,33573,24221,8267,8115,9352,57794,45419
2016-05-17,NEW ZEALAND DOLLAR ,32545,25857,-1028,1636,6688,58402,43986
2016-05-24,NEW ZEALAND DOLLAR ,30414,25838,-2131,-19,4576,56252,42189
2016-05-31,NEW ZEALAND DOLLAR ,31919,26415,1505,577,5504,58334,44604
2016-04-05,NEW ZEALAND DOLLAR ,20152,17249,-103,-1132,2903,37401,28309
2016-04-12,NEW ZEALAND DOLLAR ,21472,17180,1320,-69,4292,38652,29575
2016-04-19,NEW ZEALAND DOLLAR ,22674,17323,1202,143,5351,39997,31313
2016-04-26,NEW ZEALAND DOLLAR ,24459,17075,1785,-248,7384,41534,33789
2016-03-01,NEW ZEALAND DOLLAR ,16593,20750,625,-1833,-4157,37343,31473
2016-03-08,NEW ZEALAND DOLLAR ,20419,22419,3826,1669,-2000,42838,34957
2016-03-15,NEW ZEALAND DOLLAR ,20524,19234,105,-3185,1290,39758,28451
2016-03-22,NEW ZEALAND DOLLAR ,19375,18358,-1149,-876,1017,37733,27163
2016-03-29,NEW ZEALAND DOLLAR ,20255,18381,880,23,1874,38636,28248
2016-02-02,NEW ZEALAND DOLLAR ,13492,21928,-1674,1362,-8436,35420,30979
2016-02-09,NEW ZEALAND DOLLAR ,13666,22805,174,877,-9139,36471,33544
2016-02-16,NEW ZEALAND DOLLAR ,14465,22782,799,-23,-8317,37247,33596
2016-02-23,NEW ZEALAND DOLLAR ,15968,22583,1503,-199,-6615,38551,32618
2016-01-05,NEW ZEALAND DOLLAR ,16842,15263,1871,146,1579,32105,24928
2016-01-12,NEW ZEALAND DOLLAR ,17149,15608,307,345,1541,32757,25434
2016-01-19,NEW ZEALAND DOLLAR ,14938,17892,-2211,2284,-2954,32830,28114
2016-01-26,NEW ZEALAND DOLLAR ,15166,20566,228,2674,-5400,35732,30437
2015-12-01,NEW ZEALAND DOLLAR ,22881,18124,278,-469,4757,41005,36623
2015-12-08,NEW ZEALAND DOLLAR ,24452,15571,1571,-2553,8881,40023,38425
2015-12-15,NEW ZEALAND DOLLAR ,16346,15227,-8106,-344,1119,31573,23626
2015-12-22,NEW ZEALAND DOLLAR ,14946,15167,-1400,-60,-221,30113,24057
2015-12-29,NEW ZEALAND DOLLAR ,14971,15117,25,-50,-146,30088,24587
2015-11-03,NEW ZEALAND DOLLAR ,21266,14648,927,-102,6618,35914,32539
2015-11-10,NEW ZEALAND DOLLAR ,21267,15703,1,1055,5564,36970,33719
2015-11-17,NEW ZEALAND DOLLAR ,22219,16971,952,1268,5248,39190,34899
2015-11-24,NEW ZEALAND DOLLAR ,22603,18593,384,1622,4010,41196,35099
2015-10-06,NEW ZEALAND DOLLAR ,18357,19328,-2638,-4729,-971,37685,31930
2015-10-13,NEW ZEALAND DOLLAR ,18344,17652,-13,-1676,692,35996,29038
2015-10-20,NEW ZEALAND DOLLAR ,19447,15688,1103,-1964,3759,35135,30142
2015-10-27,NEW ZEALAND DOLLAR ,20339,14750,892,-938,5589,35089,31743
2015-09-01,NEW ZEALAND DOLLAR ,13543,21822,-1845,371,-8279,35365,34339
2015-09-08,NEW ZEALAND DOLLAR ,11677,23497,-1866,1675,-11820,35174,38325
2015-09-15,NEW ZEALAND DOLLAR ,22462,24556,10785,1059,-2094,47018,33352
2015-09-22,NEW ZEALAND DOLLAR ,22990,26519,528,1963,-3529,49509,35920
2015-09-29,NEW ZEALAND DOLLAR ,20995,24057,-1995,-2462,-3062,45052,34105
2015-08-04,NEW ZEALAND DOLLAR ,14391,26290,841,-25,-11899,40681,38530
2015-08-11,NEW ZEALAND DOLLAR ,13931,24503,-460,-1787,-10572,38434,36861
2015-08-18,NEW ZEALAND DOLLAR ,14012,23969,81,-534,-9957,37981,36523
2015-08-25,NEW ZEALAND DOLLAR ,15388,21451,1376,-2518,-6063,36839,33400
2015-07-07,NEW ZEALAND DOLLAR ,14679,33027,-2270,12,-18348,47706,42873
2015-07-14,NEW ZEALAND DOLLAR ,13504,33158,-1175,131,-19654,46662,42311
2015-07-21,NEW ZEALAND DOLLAR ,13200,29154,-304,-4004,-15954,42354,38544
2015-07-28,NEW ZEALAND DOLLAR ,13550,26315,350,-2839,-12765,39865,37487
2015-06-02,NEW ZEALAND DOLLAR ,9432,19971,-994,4458,-10539,29403,33005
2015-06-09,NEW ZEALAND DOLLAR ,11097,22892,1665,2921,-11795,33989,36911
2015-06-16,NEW ZEALAND DOLLAR ,19382,28550,8285,5658,-9168,47932,37169
2015-06-23,NEW ZEALAND DOLLAR ,19661,33224,279,4674,-13563,52885,42911
2015-06-30,NEW ZEALAND DOLLAR ,16949,33015,-2712,-209,-16066,49964,43256
2015-05-05,NEW ZEALAND DOLLAR ,19585,10521,1304,2420,9064,30106,28379
2015-05-12,NEW ZEALAND DOLLAR ,14268,12498,-5317,1977,1770,26766,25525
2015-05-19,NEW ZEALAND DOLLAR ,11192,13423,-3076,925,-2231,24615,26331
2015-05-26,NEW ZEALAND DOLLAR ,10426,15513,-766,2090,-5087,25939,28514
2015-04-07,NEW ZEALAND DOLLAR ,16950,11172,507,-1240,5778,28122,24920
2015-04-14,NEW ZEALAND DOLLAR ,17081,11078,131,-94,6003,28159,25176
2015-04-21,NEW ZEALAND DOLLAR ,18473,9985,1392,-1093,8488,28458,26617
2015-04-28,NEW ZEALAND DOLLAR ,18281,8101,-192,-1884,10180,26382,28071
2015-03-03,NEW ZEALAND DOLLAR ,14597,15964,3490,527,-1367,30561,27610
2015-03-10,NEW ZEALAND DOLLAR ,13347,15827,-1250,-137,-2480,29174,29726
2015-03-17,NEW ZEALAND DOLLAR ,13117,14258,-230,-1569,-1141,27375,23317
2015-03-24,NEW ZEALAND DOLLAR ,12149,13015,-968,-1243,-866,25164,20958
2015-03-31,NEW ZEALAND DOLLAR ,16443,12412,4294,-603,4031,28855,24049
2015-02-03,NEW ZEALAND DOLLAR ,10537,15034,-1371,-533,-4497,25571,25687
2015-02-10,NEW ZEALAND DOLLAR ,9272,15472,-1265,438,-6200,24744,26593
2015-02-17,NEW ZEALAND DOLLAR ,10021,15774,749,302,-5753,25795,27700
2015-02-24,NEW ZEALAND DOLLAR ,11107,15437,1086,-337,-4330,26544,27328
2015-01-06,NEW ZEALAND DOLLAR ,9865,10772,1629,690,-907,20637,19437
2015-01-13,NEW ZEALAND DOLLAR ,8396,10172,-1469,-600,-1776,18568,21064
2015-01-20,NEW ZEALAND DOLLAR ,10941,12758,2545,2586,-1817,23699,22818
2015-01-27,NEW ZEALAND DOLLAR ,11908,15567,967,2809,-3659,27475,25594
2014-12-09,NEW ZEALAND DOLLAR ,9786,12081,514,1129,-2295,21867,23550
2014-12-16,NEW ZEALAND DOLLAR ,9865,10504,79,-1577,-639,20369,18447
2014-12-23,NEW ZEALAND DOLLAR ,9786,11194,-79,690,-1408,20980,19295
2014-12-30,NEW ZEALAND DOLLAR ,8236,10082,-1550,-1112,-1846,18318,18071
2014-11-04,NEW ZEALAND DOLLAR ,9737,13846,1231,1442,-4109,23583,23716
2014-11-11,NEW ZEALAND DOLLAR ,9244,10233,-493,-3613,-989,19477,19809
2014-11-18,NEW ZEALAND DOLLAR ,9134,10381,-110,148,-1247,19515,19907
2014-10-07,NEW ZEALAND DOLLAR ,10052,10152,-40,124,-100,20204,19214
2014-10-14,NEW ZEALAND DOLLAR ,9171,11555,-881,1403,-2384,20726,21317
2014-10-21,NEW ZEALAND DOLLAR ,8526,10858,-645,-697,-2332,19384,21311
2014-10-28,NEW ZEALAND DOLLAR ,8506,12404,-20,1546,-3898,20910,22023
2014-09-02,NEW ZEALAND DOLLAR ,15623,5451,-782,887,10172,21074,23319
2014-09-09,NEW ZEALAND DOLLAR ,14369,4847,-1254,-604,9522,19216,24920
2014-09-16,NEW ZEALAND DOLLAR ,9814,8694,-4555,3847,1120,18508,16050
2014-09-23,NEW ZEALAND DOLLAR ,9779,7938,-35,-756,1841,17717,16146
2014-09-30,NEW ZEALAND DOLLAR ,10092,10028,313,2090,64,20120,18209
2014-08-05,NEW ZEALAND DOLLAR ,18949,4449,-4603,-3814,14500,23398,25603
2014-08-12,NEW ZEALAND DOLLAR ,17913,4484,-1036,35,13429,22397,25214
2014-08-19,NEW ZEALAND DOLLAR ,16796,4764,-1117,280,12032,21560,24048
2014-08-26,NEW ZEALAND DOLLAR ,16405,4564,-391,-200,11841,20969,23619
2014-07-01,NEW ZEALAND DOLLAR ,26563,17578,1708,-1125,8985,44141,33455
2014-07-08,NEW ZEALAND DOLLAR ,26750,12334,187,-5244,14416,39084,36123
2014-07-15,NEW ZEALAND DOLLAR ,26570,11117,-180,-1217,15453,37687,32879
2014-07-22,NEW ZEALAND DOLLAR ,26028,10896,-542,-221,15132,36924,32728
2014-07-29,NEW ZEALAND DOLLAR ,23552,8263,-2476,-2633,15289,31815,30531
2014-06-03,NEW ZEALAND DOLLAR ,22400,4869,366,779,17531,27269,30066
2014-06-10,NEW ZEALAND DOLLAR ,20401,3546,-1999,-1323,16855,23947,32946
2014-06-17,NEW ZEALAND DOLLAR ,21671,17938,1270,14392,3733,39609,28467
2014-06-24,NEW ZEALAND DOLLAR ,24855,18703,3184,765,6152,43558,31415
2014-05-06,NEW ZEALAND DOLLAR ,25027,4334,2048,-165,20693,29361,33025
2014-05-13,NEW ZEALAND DOLLAR ,23806,4466,-1221,132,19340,28272,30932
2014-05-20,NEW ZEALAND DOLLAR ,22486,4892,-1320,426,17594,27378,30556
2014-05-27,NEW ZEALAND DOLLAR ,22034,4090,-452,-802,17944,26124,30649
2014-04-01,NEW ZEALAND DOLLAR ,25765,7285,-478,-745,18480,33050,32313
2014-04-08,NEW ZEALAND DOLLAR ,26521,6755,756,-530,19766,33276,32898
2014-04-15,NEW ZEALAND DOLLAR ,26671,6824,150,69,19847,33495,33100
2014-04-22,NEW ZEALAND DOLLAR ,26056,5881,-615,-943,20175,31937,32579
2014-04-29,NEW ZEALAND DOLLAR ,22979,4499,-3077,-1382,18480,27478,29858
2014-03-04,NEW ZEALAND DOLLAR ,19346,5914,2817,367,13432,25260,25616
2014-03-11,NEW ZEALAND DOLLAR ,21155,6706,1809,792,14449,27861,31905
2014-03-18,NEW ZEALAND DOLLAR ,24645,8894,3490,2188,15751,33539,31463
2014-03-25,NEW ZEALAND DOLLAR ,26243,8030,1598,-864,18213,34273,32748
2014-02-04,NEW ZEALAND DOLLAR ,14588,6556,-2018,-365,8032,21144,20098
2014-02-11,NEW ZEALAND DOLLAR ,13176,5535,-1412,-1021,7641,18711,19085
2014-02-18,NEW ZEALAND DOLLAR ,15331,6425,2155,890,8906,21756,21516
2014-02-25,NEW ZEALAND DOLLAR ,16529,5547,1198,-878,10982,22076,22142
2014-01-07,NEW ZEALAND DOLLAR ,14803,6937,605,-554,7866,21740,20039
2014-01-14,NEW ZEALAND DOLLAR ,17539,7925,2736,988,9614,25464,22870
2014-01-21,NEW ZEALAND DOLLAR ,17330,8774,-209,849,8556,26104,22817
2014-01-28,NEW ZEALAND DOLLAR ,16606,6921,-724,-1853,9685,23527,21796
2013-12-03,NEW ZEALAND DOLLAR ,13660,6021,-2404,206,7639,19681,18318
2013-12-10,NEW ZEALAND DOLLAR ,13183,4630,-477,-1391,8553,17813,19953
2013-12-17,NEW ZEALAND DOLLAR ,12842,7169,-341,2539,5673,20011,17939
2013-12-24,NEW ZEALAND DOLLAR ,13899,7443,1057,274,6456,21342,18668
2013-11-05,NEW ZEALAND DOLLAR ,16937,7229,-768,149,9708,24166,22367
2013-11-12,NEW ZEALAND DOLLAR ,16814,6448,-123,-781,10366,23262,21996
2013-11-19,NEW ZEALAND DOLLAR ,18940,6464,2126,16,12476,25404,24450
2013-11-26,NEW ZEALAND DOLLAR ,16064,5815,-2876,-649,10249,21879,20919
2013-10-01,NEW ZEALAND DOLLAR ,17706,6815,2236,-600,10891,24521,22577
2013-10-08,NEW ZEALAND DOLLAR ,18343,7577,637,762,10766,25920,23230
2013-10-15,NEW ZEALAND DOLLAR ,19379,6711,1036,-866,12668,26090,24608
2013-10-22,NEW ZEALAND DOLLAR ,21349,8235,1970,1524,13114,29584,27336
2013-10-29,NEW ZEALAND DOLLAR ,17705,7080,-3644,-1155,10625,24785,23564
2013-09-03,NEW ZEALAND DOLLAR ,6384,7181,-1079,-30,-797,13565,13105
2013-09-10,NEW ZEALAND DOLLAR ,8068,8669,1684,1488,-601,16737,15097
2013-09-17,NEW ZEALAND DOLLAR ,12463,6806,4395,-1863,5657,19269,15842
2013-09-24,NEW ZEALAND DOLLAR ,15470,7415,3007,609,8055,22885,19621
2013-08-06,NEW ZEALAND DOLLAR ,4595,6134,-998,21,-1539,10729,11572
2013-08-13,NEW ZEALAND DOLLAR ,6632,6435,2037,301,197,13067,11976
2013-08-20,NEW ZEALAND DOLLAR ,9760,7370,3128,935,2390,17130,13500
2013-08-27,NEW ZEALAND DOLLAR ,7463,7211,-2297,-159,252,14674,12193
2013-07-02,NEW ZEALAND DOLLAR ,5288,6462,-89,374,-1174,11750,12384
2013-07-09,NEW ZEALAND DOLLAR ,5390,6398,102,-64,-1008,11788,12512
2013-07-16,NEW ZEALAND DOLLAR ,4224,6968,-1166,570,-2744,11192,12904
2013-07-23,NEW ZEALAND DOLLAR ,4517,6363,293,-605,-1846,10880,12613
2013-06-04,NEW ZEALAND DOLLAR ,11700,5687,-7966,32,6013,17387,25530
2013-06-11,NEW ZEALAND DOLLAR ,8940,6287,-2760,600,2653,15227,26293
2013-06-18,NEW ZEALAND DOLLAR ,8469,6343,-471,56,2126,14812,11742
2013-06-25,NEW ZEALAND DOLLAR ,5377,6088,-3092,-255,-711,11465,11632
2013-05-07,NEW ZEALAND DOLLAR ,37775,9239,-409,105,28536,47014,46005
2013-05-14,NEW ZEALAND DOLLAR ,30436,7220,-7339,-2019,23216,37656,37320
2013-05-21,NEW ZEALAND DOLLAR ,23978,6196,-6458,-1024,17782,30174,32833
2013-05-28,NEW ZEALAND DOLLAR ,19666,5655,-4312,-541,14011,25321,29377
2013-04-02,NEW ZEALAND DOLLAR ,31358,12971,3412,1941,18387,44329,39229
2013-04-09,NEW ZEALAND DOLLAR ,35358,10208,4000,-2763,25150,45566,42549
2013-04-16,NEW ZEALAND DOLLAR ,39986,9178,4628,-1030,30808,49164,46640
2013-04-23,NEW ZEALAND DOLLAR ,38027,10322,-1959,1144,27705,48349,45127
2013-04-30,NEW ZEALAND DOLLAR ,38184,9134,157,-1188,29050,47318,46571
2013-03-05,NEW ZEALAND DOLLAR ,23812,4768,242,1495,19044,28580,31547
2013-03-12,NEW ZEALAND DOLLAR ,24250,4900,438,132,19350,29150,32813
2013-03-26,NEW ZEALAND DOLLAR ,27946,11030,4562,123,16916,38976,34922
2013-02-05,NEW ZEALAND DOLLAR ,26343,3643,-487,-1371,22700,29986,37058
2013-02-12,NEW ZEALAND DOLLAR ,24898,3560,-1445,-83,21338,28458,35107
2013-02-19,NEW ZEALAND DOLLAR ,28153,3460,3255,-100,24693,31613,37555
2013-02-26,NEW ZEALAND DOLLAR ,23570,3273,-4583,-187,20297,26843,32864
2013-01-08,NEW ZEALAND DOLLAR ,26635,7415,803,-1335,19220,34050,36531
2013-01-15,NEW ZEALAND DOLLAR ,29920,7658,3285,243,22262,37578,38654
2013-01-22,NEW ZEALAND DOLLAR ,28815,5283,-1105,-2375,23532,34098,37179
2013-01-29,NEW ZEALAND DOLLAR ,26830,5014,-1985,-269,21816,31844,35480
2012-12-04,NEW ZEALAND DOLLAR ,23272,2184,1619,-759,21088,25456,32167
2012-12-11,NEW ZEALAND DOLLAR ,29560,4960,6288,2776,24600,34520,41381
2012-12-18,NEW ZEALAND DOLLAR ,31830,17600,2270,12640,14230,49430,42446
2012-12-24,NEW ZEALAND DOLLAR ,27425,12686,-4405,-4914,14739,40111,40135
2012-12-31,NEW ZEALAND DOLLAR ,25832,8750,-1593,-3936,17082,34582,34531
2012-11-06,NEW ZEALAND DOLLAR ,24440,5052,3591,948,19388,29492,35323
2012-11-13,NEW ZEALAND DOLLAR ,23692,4498,-748,-554,19194,28190,33252
2012-11-20,NEW ZEALAND DOLLAR ,21436,3578,-2256,-920,17858,25014,29757
2012-11-27,NEW ZEALAND DOLLAR ,21653,2943,217,-635,18710,24596,31901
2012-10-02,NEW ZEALAND DOLLAR ,25298,3917,1909,493,21381,29215,34171
2012-10-09,NEW ZEALAND DOLLAR ,21075,4365,-4223,448,16710,25440,30497
2012-10-16,NEW ZEALAND DOLLAR ,20646,4362,-429,-3,16284,25008,29486
2012-10-23,NEW ZEALAND DOLLAR ,20528,4179,-118,-183,16349,24707,29136
2012-10-30,NEW ZEALAND DOLLAR ,20849,4104,321,-75,16745,24953,31020
2012-09-04,NEW ZEALAND DOLLAR ,14815,3414,-3400,-572,11401,18229,25393
2012-09-11,NEW ZEALAND DOLLAR ,13641,3609,-1174,195,10032,17250,27152
2012-09-18,NEW ZEALAND DOLLAR ,20402,3797,6761,188,16605,24199,29331
2012-09-25,NEW ZEALAND DOLLAR ,23389,3424,2987,-373,19965,26813,32787
2012-08-07,NEW ZEALAND DOLLAR ,17808,3220,4149,-92,14588,21028,28945
2012-08-14,NEW ZEALAND DOLLAR ,18273,3026,465,-194,15247,21299,30100
2012-08-21,NEW ZEALAND DOLLAR ,19835,3463,1562,437,16372,23298,31984
2012-08-28,NEW ZEALAND DOLLAR ,18215,3986,-1620,523,14229,22201,31374
2012-07-03,NEW ZEALAND DOLLAR ,9862,5542,3754,10,4320,15404,20483
2012-07-10,NEW ZEALAND DOLLAR ,11434,5843,1572,301,5591,17277,22356
2012-07-17,NEW ZEALAND DOLLAR ,10986,4047,-448,-1796,6939,15033,23328
2012-07-24,NEW ZEALAND DOLLAR ,11703,3924,717,-123,7779,15627,23206
2012-07-31,NEW ZEALAND DOLLAR ,13659,3312,1956,-612,10347,16971,24967
2012-06-05,NEW ZEALAND DOLLAR ,6575,12105,777,1099,-5530,18680,21530
2012-06-12,NEW ZEALAND DOLLAR ,6640,10525,65,-1580,-3885,17165,27485
2012-06-19,NEW ZEALAND DOLLAR ,3564,5777,-3076,-4748,-2213,9341,12612
2012-06-26,NEW ZEALAND DOLLAR ,6108,5532,2544,-245,576,11640,16601
2012-05-01,NEW ZEALAND DOLLAR ,12155,4130,-1829,-368,8025,16285,19815
2012-05-08,NEW ZEALAND DOLLAR ,11688,5464,-467,1334,6224,17152,17969
2012-05-15,NEW ZEALAND DOLLAR ,9124,6527,-2564,1063,2597,15651,17263
2012-05-22,NEW ZEALAND DOLLAR ,8418,9927,-706,3400,-1509,18345,21439
2012-05-29,NEW ZEALAND DOLLAR ,5798,11006,-2620,1079,-5208,16804,21453
2012-04-03,NEW ZEALAND DOLLAR ,14477,8631,431,-1431,5846,23108,20753
2012-04-10,NEW ZEALAND DOLLAR ,15433,8263,956,-368,7170,23696,21802
2012-04-17,NEW ZEALAND DOLLAR ,16999,5060,1566,-3203,11939,22059,23952
2012-04-24,NEW ZEALAND DOLLAR ,13984,4498,-3015,-562,9486,18482,19126
2012-03-06,NEW ZEALAND DOLLAR ,23506,6718,-3500,1826,16788,30224,29950
2012-03-13,NEW ZEALAND DOLLAR ,19223,6000,-4283,-718,13223,25223,32911
2012-03-20,NEW ZEALAND DOLLAR ,14686,10476,-4537,4476,4210,25162,20288
2012-03-27,NEW ZEALAND DOLLAR ,14046,10062,-640,-414,3984,24108,20247
2012-02-07,NEW ZEALAND DOLLAR ,28201,4866,2871,-5667,23335,33067,35020
2012-02-14,NEW ZEALAND DOLLAR ,29202,5332,1001,466,23870,34534,36704
2012-02-21,NEW ZEALAND DOLLAR ,29422,5211,220,-121,24211,34633,36889
2012-02-28,NEW ZEALAND DOLLAR ,27006,4892,-2416,-319,22114,31898,35159
2012-01-03,NEW ZEALAND DOLLAR ,7857,5421,1286,255,2436,13278,10812
2012-01-10,NEW ZEALAND DOLLAR ,10658,5629,2801,208,5029,16287,14173
2012-01-17,NEW ZEALAND DOLLAR ,16195,6740,5537,1111,9455,22935,20955
2012-01-24,NEW ZEALAND DOLLAR ,20232,7300,4037,560,12932,27532,25569
2012-01-31,NEW ZEALAND DOLLAR ,25330,10533,5098,3233,14797,35863,31627
2011-12-06,NEW ZEALAND DOLLAR ,10745,6888,-273,-412,3857,17633,27597
2011-12-13,NEW ZEALAND DOLLAR ,11148,5765,403,-1123,5383,16913,28686
2011-12-20,NEW ZEALAND DOLLAR ,5735,5123,-5413,-642,612,10858,9442
2011-12-27,NEW ZEALAND DOLLAR ,6571,5166,836,43,1405,11737,10181
2011-11-01,NEW ZEALAND DOLLAR ,13394,2739,96,-1340,10655,16133,24021
2011-11-08,NEW ZEALAND DOLLAR ,14585,3035,1191,296,11550,17620,24750
2011-11-15,NEW ZEALAND DOLLAR ,14255,3641,-330,606,10614,17896,25966
2011-11-22,NEW ZEALAND DOLLAR ,12639,4723,-1616,1082,7916,17362,26870
2011-11-29,NEW ZEALAND DOLLAR ,11018,7300,-1621,2577,3718,18318,28277
2011-10-04,NEW ZEALAND DOLLAR ,12929,7363,-1546,2479,5566,20292,26211
2011-10-11,NEW ZEALAND DOLLAR ,12075,5237,-854,-2126,6838,17312,25059
2011-10-18,NEW ZEALAND DOLLAR ,12445,4220,370,-1017,8225,16665,24055
2011-10-25,NEW ZEALAND DOLLAR ,13298,4079,853,-141,9219,17377,24675
2011-09-06,NEW ZEALAND DOLLAR ,19215,1545,1262,157,17670,20760,27939
2011-09-13,NEW ZEALAND DOLLAR ,19303,1639,88,94,17664,20942,34664
2011-09-20,NEW ZEALAND DOLLAR ,16511,2946,-2792,1307,13565,19457,22307
2011-09-27,NEW ZEALAND DOLLAR ,14475,4884,-2036,1938,9591,19359,23804
2011-08-02,NEW ZEALAND DOLLAR ,25808,1682,567,-268,24126,27490,33788
2011-08-09,NEW ZEALAND DOLLAR ,21588,1161,-4220,-521,20427,22749,28943
2011-08-16,NEW ZEALAND DOLLAR ,19214,797,-2374,-364,18417,20011,26705
2011-08-23,NEW ZEALAND DOLLAR ,17980,1104,-1234,307,16876,19084,26504
2011-08-30,NEW ZEALAND DOLLAR ,17953,1388,-27,284,16565,19341,26856
2011-07-05,NEW ZEALAND DOLLAR ,22648,3662,406,-216,18986,26310,30520
2011-07-12,NEW ZEALAND DOLLAR ,22687,3103,39,-559,19584,25790,29745
2011-07-19,NEW ZEALAND DOLLAR ,23364,1926,677,-1177,21438,25290,31072
2011-07-26,NEW ZEALAND DOLLAR ,25241,1950,1877,24,23291,27191,32793
2011-06-07,NEW ZEALAND DOLLAR ,23573,7569,-6,-286,16004,31142,37227
2011-06-14,NEW ZEALAND DOLLAR ,23520,4302,-53,-3267,19218,27822,31432
2011-06-21,NEW ZEALAND DOLLAR ,22942,4093,-578,-209,18849,27035,30261
2011-06-28,NEW ZEALAND DOLLAR ,22242,3878,-700,-215,18364,26120,29652
2011-05-03,NEW ZEALAND DOLLAR ,22522,9722,3317,1974,12800,32244,31620
2011-05-10,NEW ZEALAND DOLLAR ,22828,9114,306,-608,13714,31942,30504
2011-05-17,NEW ZEALAND DOLLAR ,22518,9894,-310,780,12624,32412,29636
2011-05-24,NEW ZEALAND DOLLAR ,23234,9358,716,-536,13876,32592,30930
2011-05-31,NEW ZEALAND DOLLAR ,23579,7855,345,-1503,15724,31434,30915
2011-04-05,NEW ZEALAND DOLLAR ,10129,7434,3531,1075,2695,17563,16197
2011-04-12,NEW ZEALAND DOLLAR ,14233,7897,4104,463,6336,22130,21143
2011-04-19,NEW ZEALAND DOLLAR ,17722,8383,3489,486,9339,26105,25789
2011-04-26,NEW ZEALAND DOLLAR ,19205,7748,1483,-635,11457,26953,27220
2011-03-01,NEW ZEALAND DOLLAR ,15326,7915,-649,41,7411,23241,26966
2011-03-08,NEW ZEALAND DOLLAR ,13467,9121,-1859,1206,4346,22588,27699
2011-03-15,NEW ZEALAND DOLLAR ,7277,10086,-6190,965,-2809,17363,15851
2011-03-22,NEW ZEALAND DOLLAR ,6005,7487,-1272,-2599,-1482,13492,13974
2011-03-29,NEW ZEALAND DOLLAR ,6598,6359,593,-1128,239,12957,13401
2011-02-01,NEW ZEALAND DOLLAR ,20041,9771,1534,-109,10270,29812,27450
2011-02-08,NEW ZEALAND DOLLAR ,20804,9947,763,176,10857,30751,27897
2011-02-15,NEW ZEALAND DOLLAR ,18018,8208,-2786,-1739,9810,26226,27735
2011-02-22,NEW ZEALAND DOLLAR ,15975,7874,-2043,-334,8101,23849,27830
2011-01-04,NEW ZEALAND DOLLAR ,21162,10431,2592,-24,10731,31593,26443
2011-01-11,NEW ZEALAND DOLLAR ,20943,11323,-219,892,9620,32266,27358
2011-01-18,NEW ZEALAND DOLLAR ,21224,9977,281,-1346,11247,31201,27636
2011-01-25,NEW ZEALAND DOLLAR ,18507,9880,-2717,-97,8627,28387,26199
2010-12-07,NEW ZEALAND DOLLAR ,22024,3763,-958,-774,18261,25787,27595
2010-12-14,NEW ZEALAND DOLLAR ,21314,8793,-710,5030,12521,30107,24510
2010-12-21,NEW ZEALAND DOLLAR ,17780,10414,-3534,1621,7366,28194,25081
2010-12-28,NEW ZEALAND DOLLAR ,18570,10455,790,41,8115,29025,25090
2010-11-02,NEW ZEALAND DOLLAR ,23393,4245,1816,-1461,19148,27638,28353
2010-11-09,NEW ZEALAND DOLLAR ,26965,4715,3572,470,22250,31680,31494
2010-11-16,NEW ZEALAND DOLLAR ,28915,5470,1950,755,23445,34385,33423
2010-11-23,NEW ZEALAND DOLLAR ,26095,5026,-2820,-444,21069,31121,30969
2010-11-30,NEW ZEALAND DOLLAR ,22982,4537,-3113,-489,18445,27519,27575
2010-10-05,NEW ZEALAND DOLLAR ,21339,5005,-265,671,16334,26344,26042
2010-10-12,NEW ZEALAND DOLLAR ,21276,4703,-63,-302,16573,25979,26437
2010-10-19,NEW ZEALAND DOLLAR ,21477,6146,201,1443,15331,27623,27031
2010-10-26,NEW ZEALAND DOLLAR ,21577,5706,100,-440,15871,27283,26754
2010-09-07,NEW ZEALAND DOLLAR ,14648,5271,2455,35,9377,19919,27922
2010-09-14,NEW ZEALAND DOLLAR ,21414,4575,6766,-696,16839,25989,25755
2010-09-21,NEW ZEALAND DOLLAR ,22636,4228,1222,-347,18408,26864,26820
2010-09-28,NEW ZEALAND DOLLAR ,21604,4334,-1032,106,17270,25938,25965
2010-08-03,NEW ZEALAND DOLLAR ,20353,5294,1955,570,15059,25647,24399
2010-08-10,NEW ZEALAND DOLLAR ,18992,6448,-1361,1154,12544,25440,25036
2010-08-17,NEW ZEALAND DOLLAR ,17595,5456,-1397,-992,12139,23051,23627
2010-08-24,NEW ZEALAND DOLLAR ,14931,4248,-2664,-1208,10683,19179,20271
2010-08-31,NEW ZEALAND DOLLAR ,12193,5236,-2738,988,6957,17429,20099
2010-07-06,NEW ZEALAND DOLLAR ,8093,5516,-366,-457,2577,13609,12959
2010-07-13,NEW ZEALAND DOLLAR ,12683,7231,4590,1715,5452,19914,16798
2010-07-20,NEW ZEALAND DOLLAR ,14523,5550,1840,-1681,8973,20073,18631
2010-07-27,NEW ZEALAND DOLLAR ,18398,4724,3875,-826,13674,23122,22919
2010-06-01,NEW ZEALAND DOLLAR ,7622,5418,-3720,1738,2204,13040,15586
2010-06-08,NEW ZEALAND DOLLAR ,6230,7099,-1392,1681,-869,13329,17962
2010-06-15,NEW ZEALAND DOLLAR ,4329,6458,-1901,-641,-2129,10787,9089
2010-06-22,NEW ZEALAND DOLLAR ,6721,5899,2392,-559,822,12620,10476
2010-06-29,NEW ZEALAND DOLLAR ,8459,5973,1738,74,2486,14432,12880
2010-05-04,NEW ZEALAND DOLLAR ,18961,3985,1407,-660,14976,22946,23312
2010-05-11,NEW ZEALAND DOLLAR ,20428,3536,1467,-449,16892,23964,24215
2010-05-18,NEW ZEALAND DOLLAR ,16740,4187,-3688,651,12553,20927,21357
2010-05-25,NEW ZEALAND DOLLAR ,11342,3680,-5398,-507,7662,15022,17760
2010-04-06,NEW ZEALAND DOLLAR ,12836,7333,-213,90,5503,20169,16221
2010-04-13,NEW ZEALAND DOLLAR ,13771,6620,935,-713,7151,20391,17540
2010-04-20,NEW ZEALAND DOLLAR ,14497,5745,726,-875,8752,20242,17911
2010-04-27,NEW ZEALAND DOLLAR ,17554,4645,3057,-1100,12909,22199,21797
2010-03-02,NEW ZEALAND DOLLAR ,13715,8603,-926,354,5112,22318,20158
2010-03-09,NEW ZEALAND DOLLAR ,11964,8717,-1751,114,3247,20681,21863
2010-03-16,NEW ZEALAND DOLLAR ,11334,8525,-630,-192,2809,19859,15638
2010-03-23,NEW ZEALAND DOLLAR ,13621,8132,2287,-393,5489,21753,17599
2010-03-30,NEW ZEALAND DOLLAR ,13049,7243,-572,-889,5806,20292,17143
2010-02-02,NEW ZEALAND DOLLAR ,15251,9868,-754,2334,5383,25119,21312
2010-02-09,NEW ZEALAND DOLLAR ,14359,9636,-892,-232,4723,23995,20171
2010-02-16,NEW ZEALAND DOLLAR ,14523,7088,164,-2548,7435,21611,19679
2010-02-23,NEW ZEALAND DOLLAR ,14641,8249,118,1161,6392,22890,20201
2010-01-05,NEW ZEALAND DOLLAR ,18106,5133,4234,66,12973,23239,23053
2010-01-12,NEW ZEALAND DOLLAR ,21417,5734,3311,601,15683,27151,25732
2010-01-19,NEW ZEALAND DOLLAR ,22397,6041,980,307,16356,28438,26917
2010-01-26,NEW ZEALAND DOLLAR ,16005,7534,-6392,1493,8471,23539,21440
2009-12-01,NEW ZEALAND DOLLAR ,13729,5626,-1401,2080,8103,19355,22778
2009-12-08,NEW ZEALAND DOLLAR ,12583,4788,-1146,-838,7795,17371,23110
2009-12-15,NEW ZEALAND DOLLAR ,14235,4783,1652,-5,9452,19018,18647
2009-12-22,NEW ZEALAND DOLLAR ,15164,5418,929,635,9746,20582,19372
2009-12-29,NEW ZEALAND DOLLAR ,13872,5067,-1292,-351,8805,18939,18893
2009-11-03,NEW ZEALAND DOLLAR ,15802,2486,-1811,-99,13316,18288,21898
2009-11-09,NEW ZEALAND DOLLAR ,14709,3454,-1093,968,11255,18163,21106
2009-11-17,NEW ZEALAND DOLLAR ,15676,3002,967,-452,12674,18678,21639
2009-11-24,NEW ZEALAND DOLLAR ,15130,3546,-546,544,11584,18676,21639
2009-10-06,NEW ZEALAND DOLLAR ,19606,1513,561,-29,18093,21119,24851
2009-10-13,NEW ZEALAND DOLLAR ,19432,1802,-174,289,17630,21234,24376
2009-10-20,NEW ZEALAND DOLLAR ,19531,2373,99,571,17158,21904,24862
2009-10-27,NEW ZEALAND DOLLAR ,17613,2585,-1918,212,15028,20198,24230
2009-09-01,NEW ZEALAND DOLLAR ,18602,938,-1233,-248,17664,19540,26059
2009-09-08,NEW ZEALAND DOLLAR ,18988,865,386,-73,18123,19853,29859
2009-09-15,NEW ZEALAND DOLLAR ,20206,1211,1218,346,18995,21417,23371
2009-09-22,NEW ZEALAND DOLLAR ,19874,1229,-332,18,18645,21103,23603
2009-09-29,NEW ZEALAND DOLLAR ,19045,1542,-829,313,17503,20587,23776
2009-08-04,NEW ZEALAND DOLLAR ,18975,775,985,352,18200,19750,23883
2009-08-11,NEW ZEALAND DOLLAR ,19896,1085,921,310,18811,20981,25034
2009-08-18,NEW ZEALAND DOLLAR ,18515,1079,-1381,-6,17436,19594,24783
2009-08-25,NEW ZEALAND DOLLAR ,19835,1186,1320,107,18649,21021,25735
2009-07-07,NEW ZEALAND DOLLAR ,16391,1034,-2288,38,15357,17425,21694
2009-07-14,NEW ZEALAND DOLLAR ,15990,1021,-401,-13,14969,17011,22089
2009-07-21,NEW ZEALAND DOLLAR ,16959,776,969,-245,16183,17735,21987
2009-07-28,NEW ZEALAND DOLLAR ,17990,423,1031,-353,17567,18413,22692
2009-06-02,NEW ZEALAND DOLLAR ,15297,1165,1946,346,14132,16462,27273
2009-06-09,NEW ZEALAND DOLLAR ,15712,939,415,-226,14773,16651,34760
2009-06-16,NEW ZEALAND DOLLAR ,16325,865,613,-74,15460,17190,20666
2009-06-23,NEW ZEALAND DOLLAR ,17977,1021,1652,156,16956,18998,22606
2009-06-30,NEW ZEALAND DOLLAR ,18679,996,702,-25,17683,19675,23742
2009-05-05,NEW ZEALAND DOLLAR ,4658,849,-197,-358,3809,5507,13993
2009-05-12,NEW ZEALAND DOLLAR ,7031,773,2373,-76,6258,7804,16914
2009-05-19,NEW ZEALAND DOLLAR ,7841,1022,810,249,6819,8863,19239
2009-05-26,NEW ZEALAND DOLLAR ,13351,819,5510,-203,12532,14170,24755
2009-04-07,NEW ZEALAND DOLLAR ,4359,1391,776,-3131,2968,5750,13704
2009-04-14,NEW ZEALAND DOLLAR ,5362,1002,1003,-389,4360,6364,15202
2009-04-21,NEW ZEALAND DOLLAR ,4538,1033,-824,31,3505,5571,13843
2009-04-28,NEW ZEALAND DOLLAR ,4855,1207,317,174,3648,6062,14095
2009-03-03,NEW ZEALAND DOLLAR ,2139,8907,-22,816,-6768,11046,15870
2009-03-10,NEW ZEALAND DOLLAR ,2116,10095,-23,1188,-7979,12211,17991
2009-03-17,NEW ZEALAND DOLLAR ,2872,8952,756,-1143,-6080,11824,15548
2009-03-24,NEW ZEALAND DOLLAR ,3383,6268,511,-2684,-2885,9651,15198
2009-03-31,NEW ZEALAND DOLLAR ,3583,4522,200,-1746,-939,8105,14124
2009-02-03,NEW ZEALAND DOLLAR ,1638,7616,-164,1517,-5978,9254,12945
2009-02-10,NEW ZEALAND DOLLAR ,2184,6523,546,-1093,-4339,8707,12701
2009-02-17,NEW ZEALAND DOLLAR ,2286,6868,102,345,-4582,9154,12828
2009-02-24,NEW ZEALAND DOLLAR ,2161,8091,-125,1223,-5930,10252,13690
2009-01-06,NEW ZEALAND DOLLAR ,3286,3038,926,-331,248,6324,9970
2009-01-13,NEW ZEALAND DOLLAR ,3416,3609,130,571,-193,7025,9998
2009-01-20,NEW ZEALAND DOLLAR ,2059,3996,-1357,387,-1937,6055,9714
2009-01-27,NEW ZEALAND DOLLAR ,1802,6099,-257,2103,-4297,7901,10782
2008-12-02,NEW ZEALAND DOLLAR ,2266,4828,-166,18,-2562,7094,19050
2008-12-09,NEW ZEALAND DOLLAR ,2231,4524,-35,-304,-2293,6755,19891
2008-12-16,NEW ZEALAND DOLLAR ,2060,3595,-171,-929,-1535,5655,9130
2008-12-22,NEW ZEALAND DOLLAR ,2063,3263,3,-332,-1200,5326,8905
2008-12-30,NEW ZEALAND DOLLAR ,2360,3369,297,106,-1009,5729,9033
2008-11-04,NEW ZEALAND DOLLAR ,2907,3839,10,-1505,-932,6746,18501
2008-11-11,NEW ZEALAND DOLLAR ,2878,4244,-29,405,-1366,7122,19041
2008-11-18,NEW ZEALAND DOLLAR ,2607,4248,-271,4,-1641,6855,18864
2008-11-25,NEW ZEALAND DOLLAR ,2432,4810,-175,562,-2378,7242,19099
2008-10-07,NEW ZEALAND DOLLAR ,4533,9011,-19,-322,-4478,13544,19057
2008-10-14,NEW ZEALAND DOLLAR ,2366,6926,-2167,-2085,-4560,9292,18508
2008-10-21,NEW ZEALAND DOLLAR ,2317,6488,-49,-438,-4171,8805,18222
2008-10-28,NEW ZEALAND DOLLAR ,2897,5344,580,-1144,-2447,8241,18412
2008-09-02,NEW ZEALAND DOLLAR ,9365,11179,-484,867,-1814,20544,26943
2008-09-09,NEW ZEALAND DOLLAR ,8773,11723,-592,544,-2950,20496,28411
2008-09-16,NEW ZEALAND DOLLAR ,7744,11644,-1029,-79,-3900,19388,19338
2008-09-23,NEW ZEALAND DOLLAR ,4418,9004,-3326,-2640,-4586,13422,22337
2008-09-30,NEW ZEALAND DOLLAR ,4552,9333,134,329,-4781,13885,18911
2008-08-05,NEW ZEALAND DOLLAR ,11583,12964,-66,2899,-1381,24547,32162
2008-08-12,NEW ZEALAND DOLLAR ,10639,12090,-944,-874,-1451,22729,31708
2008-08-19,NEW ZEALAND DOLLAR ,10267,10864,-372,-1226,-597,21131,28137
2008-08-26,NEW ZEALAND DOLLAR ,9849,10312,-418,-552,-463,20161,26713
2008-07-01,NEW ZEALAND DOLLAR ,11988,8822,445,-71,3166,20810,26855
2008-07-08,NEW ZEALAND DOLLAR ,12212,10071,224,1249,2141,22283,30523
2008-07-15,NEW ZEALAND DOLLAR ,13581,8254,1369,-1817,5327,21835,29068
2008-07-22,NEW ZEALAND DOLLAR ,13384,8400,-197,146,4984,21784,27932
2008-07-29,NEW ZEALAND DOLLAR ,11649,10065,-1735,1665,1584,21714,28995
2008-06-03,NEW ZEALAND DOLLAR ,13965,7637,1062,-302,6328,21602,32954
2008-06-10,NEW ZEALAND DOLLAR ,11677,8477,-2288,840,3200,20154,36876
2008-06-17,NEW ZEALAND DOLLAR ,10806,9240,-871,763,1566,20046,25095
2008-06-24,NEW ZEALAND DOLLAR ,11543,8893,737,-347,2650,20436,25319
2008-05-06,NEW ZEALAND DOLLAR ,11449,5112,651,-197,6337,16561,23946
2008-05-13,NEW ZEALAND DOLLAR ,11193,7749,-256,2637,3444,18942,30377
2008-05-20,NEW ZEALAND DOLLAR ,12274,7733,1081,-16,4541,20007,30921
2008-05-27,NEW ZEALAND DOLLAR ,12903,7939,629,206,4964,20842,32124
2008-04-01,NEW ZEALAND DOLLAR ,11600,4146,-876,1121,7454,15746,19790
2008-04-08,NEW ZEALAND DOLLAR ,12412,4040,812,-106,8372,16452,20951
2008-04-15,NEW ZEALAND DOLLAR ,12015,5421,-397,1381,6594,17436,22254
2008-04-22,NEW ZEALAND DOLLAR ,12726,4832,711,-589,7894,17558,23365
2008-04-29,NEW ZEALAND DOLLAR ,10798,5309,-1928,477,5489,16107,23624
2008-03-04,NEW ZEALAND DOLLAR ,14988,1357,-1966,-64,13631,16345,24541
2008-03-11,NEW ZEALAND DOLLAR ,13379,983,-1609,-374,12396,14362,25732
2008-03-18,NEW ZEALAND DOLLAR ,12921,2543,-458,1560,10378,15464,17754
2008-03-25,NEW ZEALAND DOLLAR ,12476,3025,-445,482,9451,15501,18330
2008-02-05,NEW ZEALAND DOLLAR ,16150,1361,2721,-1346,14789,17511,23061
2008-02-12,NEW ZEALAND DOLLAR ,17294,1315,1144,-46,15979,18609,24074
2008-02-19,NEW ZEALAND DOLLAR ,16735,1608,-559,293,15127,18343,24663
2008-02-26,NEW ZEALAND DOLLAR ,16954,1421,219,-187,15533,18375,25565
2008-01-08,NEW ZEALAND DOLLAR ,14848,1345,-1389,-927,13503,16193,21286
2008-01-15,NEW ZEALAND DOLLAR ,16969,1220,2121,-125,15749,18189,22467
2008-01-22,NEW ZEALAND DOLLAR ,14406,2951,-2563,1731,11455,17357,21818
2008-01-29,NEW ZEALAND DOLLAR ,13429,2707,-977,-244,10722,16136,20854
2007-12-04,NEW ZEALAND DOLLAR ,14124,3125,2452,-1688,10999,17249,22019
2007-12-11,NEW ZEALAND DOLLAR ,14047,2706,-77,-419,11341,16753,27458
2007-12-18,NEW ZEALAND DOLLAR ,12556,2930,-1491,224,9626,15486,19080
2007-12-24,NEW ZEALAND DOLLAR ,14098,1851,1542,-1079,12247,15949,20826
2007-12-31,NEW ZEALAND DOLLAR ,16237,2272,2139,421,13965,18509,21344
2007-11-06,NEW ZEALAND DOLLAR ,17935,4554,-1166,121,13381,22489,25305
2007-11-13,NEW ZEALAND DOLLAR ,15369,4946,-2566,392,10423,20315,24117
2007-11-20,NEW ZEALAND DOLLAR ,12132,5078,-3237,132,7054,17210,23219
2007-11-27,NEW ZEALAND DOLLAR ,11672,4813,-460,-265,6859,16485,22618
2007-10-02,NEW ZEALAND DOLLAR ,20974,2480,5070,-702,18494,23454,25717
2007-10-09,NEW ZEALAND DOLLAR ,24238,3153,3264,673,21085,27391,29258
2007-10-16,NEW ZEALAND DOLLAR ,25591,3206,1353,53,22385,28797,30684
2007-10-23,NEW ZEALAND DOLLAR ,23802,4351,-1789,1145,19451,28153,30493
2007-10-30,NEW ZEALAND DOLLAR ,19101,4433,-4701,82,14668,23534,26253
2007-09-04,NEW ZEALAND DOLLAR ,10850,4507,2421,-97,6343,15357,29416
2007-09-11,NEW ZEALAND DOLLAR ,14013,4339,3163,-168,9674,18352,33398
2007-09-18,NEW ZEALAND DOLLAR ,14444,3272,431,-1067,11172,17716,19015
2007-09-25,NEW ZEALAND DOLLAR ,15904,3182,1460,-90,12722,19086,21124
2007-08-07,NEW ZEALAND DOLLAR ,17778,1118,2321,-75,16660,18896,32616
2007-08-14,NEW ZEALAND DOLLAR ,16345,2308,-1433,1190,14037,18653,31708
2007-08-21,NEW ZEALAND DOLLAR ,11912,3027,-4433,719,8885,14939,29542
2007-08-28,NEW ZEALAND DOLLAR ,8429,4604,-3483,1577,3825,13033,29236
2007-07-03,NEW ZEALAND DOLLAR ,25511,2617,-1116,-136,22894,28128,41316
2007-07-10,NEW ZEALAND DOLLAR ,25480,2230,-31,-387,23250,27710,41167
2007-07-17,NEW ZEALAND DOLLAR ,26292,1906,812,-324,24386,28198,43212
2007-07-24,NEW ZEALAND DOLLAR ,30047,2203,3755,297,27844,32250,46589
2007-07-31,NEW ZEALAND DOLLAR ,15457,1193,-14590,-1010,14264,16650,32233
2007-06-05,NEW ZEALAND DOLLAR ,21210,1292,5503,496,19918,22502,27528
2007-06-12,NEW ZEALAND DOLLAR ,27973,1577,6763,285,26396,29550,55629
2007-06-19,NEW ZEALAND DOLLAR ,26386,2070,-1587,493,24316,28456,41113
2007-06-26,NEW ZEALAND DOLLAR ,26627,2753,241,683,23874,29380,41393
2007-05-01,NEW ZEALAND DOLLAR ,18777,1254,-4024,-444,17523,20031,25253
2007-05-08,NEW ZEALAND DOLLAR ,16416,1161,-2361,-93,15255,17577,23617
2007-05-15,NEW ZEALAND DOLLAR ,20095,856,3679,-305,19239,20951,26331
2007-05-22,NEW ZEALAND DOLLAR ,16607,800,-3488,-56,15807,17407,24381
2007-05-29,NEW ZEALAND DOLLAR ,15707,796,-900,-4,14911,16503,23796
2007-04-03,NEW ZEALAND DOLLAR ,23361,836,-463,-200,22525,24197,27025
2007-04-10,NEW ZEALAND DOLLAR ,21068,1001,-2293,165,20067,22069,25383
2007-04-17,NEW ZEALAND DOLLAR ,24198,1101,3130,100,23097,25299,28672
2007-04-24,NEW ZEALAND DOLLAR ,22801,1698,-1397,597,21103,24499,28091
2007-03-06,NEW ZEALAND DOLLAR ,14404,115,-2394,-177,14289,14519,21159
2007-03-13,NEW ZEALAND DOLLAR ,15091,329,687,214,14762,15420,23442
2007-03-20,NEW ZEALAND DOLLAR ,19735,879,4644,550,18856,20614,23099
2007-03-27,NEW ZEALAND DOLLAR ,23824,1036,4089,157,22788,24860,27611
2007-02-06,NEW ZEALAND DOLLAR ,10592,471,1834,-166,10121,11063,18326
2007-02-13,NEW ZEALAND DOLLAR ,12894,421,2302,-50,12473,13315,19219
2007-02-20,NEW ZEALAND DOLLAR ,16240,372,3346,-49,15868,16612,21969
2007-02-27,NEW ZEALAND DOLLAR ,16798,292,558,-80,16506,17090,22779
2007-01-03,NEW ZEALAND DOLLAR ,19054,702,704,-59,18352,19756,22855
2007-01-09,NEW ZEALAND DOLLAR ,15283,665,-3771,-37,14618,15948,20440
2007-01-16,NEW ZEALAND DOLLAR ,14032,631,-1251,-34,13401,14663,19988
2007-01-23,NEW ZEALAND DOLLAR ,11450,1255,-2582,624,10195,12705,18687
2007-01-30,NEW ZEALAND DOLLAR ,8758,637,-2692,-618,8121,9395,18000
2006-12-05,NEW ZEALAND DOLLAR ,15427,957,1745,198,14470,16384,19768
2006-12-12,NEW ZEALAND DOLLAR ,17432,865,2005,-92,16567,18297,22265
2006-12-19,NEW ZEALAND DOLLAR ,19129,1240,1697,375,17889,20369,22440
2006-12-26,NEW ZEALAND DOLLAR ,18350,761,-779,-479,17589,19111,21961
2006-11-07,NEW ZEALAND DOLLAR ,14371,452,840,-822,13919,14823,18916
2006-11-14,NEW ZEALAND DOLLAR ,10747,452,-3624,0,10295,11199,15514
2006-11-21,NEW ZEALAND DOLLAR ,13298,452,2551,0,12846,13750,17654
2006-11-28,NEW ZEALAND DOLLAR ,13682,759,384,307,12923,14441,18078
2006-10-03,NEW ZEALAND DOLLAR ,8391,616,-4750,148,7775,9007,13426
2006-10-10,NEW ZEALAND DOLLAR ,11656,1547,3265,931,10109,13203,15750
2006-10-17,NEW ZEALAND DOLLAR ,15075,1273,3419,-274,13802,16348,19759
2006-10-24,NEW ZEALAND DOLLAR ,16443,1208,1368,-65,15235,17651,21403
2006-10-31,NEW ZEALAND DOLLAR ,13531,1274,-2912,66,12257,14805,18440
2006-09-05,NEW ZEALAND DOLLAR ,11218,175,531,4,11043,11393,18852
2006-09-12,NEW ZEALAND DOLLAR ,9750,239,-1468,64,9511,9989,19320
2006-09-19,NEW ZEALAND DOLLAR ,13350,468,3600,229,12882,13818,17608
2006-09-26,NEW ZEALAND DOLLAR ,13141,468,-209,0,12673,13609,17727
2006-08-01,NEW ZEALAND DOLLAR ,10955,2752,1852,-906,8203,13707,18160
2006-08-08,NEW ZEALAND DOLLAR ,9468,2523,-1487,-229,6945,11991,17327
2006-08-15,NEW ZEALAND DOLLAR ,13438,176,3970,-2347,13262,13614,19536
2006-08-22,NEW ZEALAND DOLLAR ,11787,296,-1651,120,11491,12083,19886
2006-08-29,NEW ZEALAND DOLLAR ,10687,171,-1100,-125,10516,10858,18099
2006-07-11,NEW ZEALAND DOLLAR ,4329,5272,"0,0","0,0",-943,9601,14081
2006-07-18,NEW ZEALAND DOLLAR ,7204,3636,2875,-1636,3568,10840,14948
2006-07-25,NEW ZEALAND DOLLAR ,9103,3658,1899,22,5445,12761,16341
2006-06-06,NEW ZEALAND DOLLAR ,6910,4752,-704,-34,2158,11662,13175
2006-06-13,NEW ZEALAND DOLLAR ,7030,4717,120,-35,2313,11747,22546
2006-05-02,NEW ZEALAND DOLLAR ,6517,314,799,-596,6203,6831,12204
2006-05-09,NEW ZEALAND DOLLAR ,7284,398,767,84,6886,7682,13736
2006-05-16,NEW ZEALAND DOLLAR ,7867,501,583,103,7366,8368,14193
2006-05-23,NEW ZEALAND DOLLAR ,7483,216,-384,-285,7267,7699,14325
2006-05-30,NEW ZEALAND DOLLAR ,7614,4786,131,4570,2828,12400,13244
2006-04-04,NEW ZEALAND DOLLAR ,3002,2614,-227,284,388,5616,12473
2006-04-11,NEW ZEALAND DOLLAR ,3587,1251,585,-1363,2336,4838,12412
2006-04-18,NEW ZEALAND DOLLAR ,5272,800,1685,-451,4472,6072,13154
2006-04-25,NEW ZEALAND DOLLAR ,5718,910,446,110,4808,6628,12171
2006-03-07,NEW ZEALAND DOLLAR ,4364,1518,91,145,2846,5882,17982
2006-03-14,NEW ZEALAND DOLLAR ,4349,1746,-15,228,2603,6095,10702
2006-03-21,NEW ZEALAND DOLLAR ,3661,1924,-688,178,1737,5585,11380
2006-03-28,NEW ZEALAND DOLLAR ,3229,2330,-432,406,899,5559,12247
2006-02-07,NEW ZEALAND DOLLAR ,9120,5019,-241,-568,4101,14139,15200
2006-02-14,NEW ZEALAND DOLLAR ,4622,611,-4498,-4408,4011,5233,11225
2006-02-21,NEW ZEALAND DOLLAR ,5109,1486,487,875,3623,6595,14603
2006-02-28,NEW ZEALAND DOLLAR ,4273,1373,-836,-113,2900,5646,14476
2006-01-03,NEW ZEALAND DOLLAR ,8158,3321,1830,1434,4837,11479,12189
2006-01-10,NEW ZEALAND DOLLAR ,8659,4915,501,1594,3744,13574,13013
2006-01-17,NEW ZEALAND DOLLAR ,10337,5510,1678,595,4827,15847,15026
2006-01-24,NEW ZEALAND DOLLAR ,9589,5740,-748,230,3849,15329,15046
2006-01-31,NEW ZEALAND DOLLAR ,9361,5587,-228,-153,3774,14948,15684
2005-12-06,NEW ZEALAND DOLLAR ,7606,895,"0,0","0,0",6711,8501,12187
2005-12-13,NEW ZEALAND DOLLAR ,6980,973,-626,78,6007,7953,13233
2005-12-27,NEW ZEALAND DOLLAR ,6328,1887,-652,914,4441,8215,10731
2005-10-11,NEW ZEALAND DOLLAR ,5592,508,"0,0","0,0",5084,6100,9438
2005-10-18,NEW ZEALAND DOLLAR ,6208,508,616,0,5700,6716,10099
2005-09-06,NEW ZEALAND DOLLAR ,5251,0,374,0,5251,5251,9596
2005-09-13,NEW ZEALAND DOLLAR ,5465,0,214,0,5465,5465,11677
2005-08-16,NEW ZEALAND DOLLAR ,4581,0,"0,0","0,0",4581,4581,9004
2005-04-05,NEW ZEALAND DOLLAR ,6057,705,-40,0,5352,6762,9820
2005-03-08,NEW ZEALAND DOLLAR ,5933,0,"0,0","0,0",5933,5933,11871
2005-03-29,NEW ZEALAND DOLLAR ,6097,705,"0,0","0,0",5392,6802,10026
