Date,Symbol,Long,Short,Change Long,Change Short,Net positions,Total positions,Open interest
2021-07-13 00:00:00,RANDOM LENGTH LUMBER ,298,278,-35,155,20,576,2181
2021-07-06 00:00:00,RANDOM LENGTH LUMBER ,333,123,-34,-39,210,456,2236
2021-06-01 00:00:00,RANDOM LENGTH LUMBER ,251,278,17,54,-27,529,2259
2021-06-08 00:00:00,RANDOM LENGTH LUMBER ,291,248,40,-30,43,539,2268
2021-06-15 00:00:00,RANDOM LENGTH LUMBER ,303,248,12,0,55,551,2329
2021-06-22 00:00:00,RANDOM LENGTH LUMBER ,290,246,-13,-2,44,536,2067
2021-06-29 00:00:00,RANDOM LENGTH LUMBER ,367,162,77,-84,205,529,2128
2021-05-04 00:00:00,RANDOM LENGTH LUMBER ,409,259,16,-49,150,668,2539
2021-05-11 00:00:00,RANDOM LENGTH LUMBER ,331,295,-78,36,36,626,2230
2021-05-18 00:00:00,RANDOM LENGTH LUMBER ,257,274,-74,-21,-17,531,2211
2021-05-25 00:00:00,RANDOM LENGTH LUMBER ,234,224,-23,-50,10,458,2168
2021-04-06 00:00:00,RANDOM LENGTH LUMBER ,677,245,15,-88,432,922,2980
2021-04-13 00:00:00,RANDOM LENGTH LUMBER ,560,130,-117,-115,430,690,2814
2021-04-20 00:00:00,RANDOM LENGTH LUMBER ,509,262,-51,132,247,771,2824
2021-04-27 00:00:00,RANDOM LENGTH LUMBER ,393,308,-116,46,85,701,2684
2021-03-02 00:00:00,RANDOM LENGTH LUMBER ,698,264,-149,-116,434,962,3134
2021-03-09 00:00:00,RANDOM LENGTH LUMBER ,687,293,-11,29,394,980,3056
2021-03-16 00:00:00,RANDOM LENGTH LUMBER ,664,237,-23,-56,427,901,3059
2021-03-23 00:00:00,RANDOM LENGTH LUMBER ,726,253,62,16,473,979,3091
2021-03-30 00:00:00,RANDOM LENGTH LUMBER ,662,333,-64,80,329,995,3116
2021-02-02 00:00:00,RANDOM LENGTH LUMBER ,916,305,48,27,611,1221,2786
2021-02-09 00:00:00,RANDOM LENGTH LUMBER ,904,279,-12,-26,625,1183,2805
2021-02-16 00:00:00,RANDOM LENGTH LUMBER ,936,354,32,75,582,1290,3170
2021-02-23 00:00:00,RANDOM LENGTH LUMBER ,847,380,-89,26,467,1227,3293
2021-01-05 00:00:00,RANDOM LENGTH LUMBER ,855,299,162,-75,556,1154,2874
2021-01-12 00:00:00,RANDOM LENGTH LUMBER ,960,268,105,-31,692,1228,2723
2021-01-19 00:00:00,RANDOM LENGTH LUMBER ,941,270,-19,2,671,1211,2699
2021-01-26 00:00:00,RANDOM LENGTH LUMBER ,868,278,-73,8,590,1146,2773
2020-12-01 00:00:00,RANDOM LENGTH LUMBER ,839,321,54,-26,518,1160,3033
2020-12-08 00:00:00,RANDOM LENGTH LUMBER ,726,347,-113,26,379,1073,2936
2020-12-15 00:00:00,RANDOM LENGTH LUMBER ,779,360,53,13,419,1139,3083
2020-12-21 00:00:00,RANDOM LENGTH LUMBER ,707,386,-72,26,321,1093,3098
2020-12-29 00:00:00,RANDOM LENGTH LUMBER ,693,374,-14,-12,319,1067,3032
2020-11-03 00:00:00,RANDOM LENGTH LUMBER ,492,264,-34,-27,228,756,2648
2020-11-10 00:00:00,RANDOM LENGTH LUMBER ,602,284,110,20,318,886,2723
2020-11-17 00:00:00,RANDOM LENGTH LUMBER ,758,322,156,38,436,1080,2906
2020-11-24 00:00:00,RANDOM LENGTH LUMBER ,785,347,27,25,438,1132,3029
2020-10-06 00:00:00,RANDOM LENGTH LUMBER ,676,371,-61,-2,305,1047,3569
2020-10-13 00:00:00,RANDOM LENGTH LUMBER ,594,323,-82,-48,271,917,3433
2020-10-20 00:00:00,RANDOM LENGTH LUMBER ,521,296,-73,-27,225,817,3275
2020-10-27 00:00:00,RANDOM LENGTH LUMBER ,526,291,5,-5,235,817,3002
2020-09-01 00:00:00,RANDOM LENGTH LUMBER ,1238,433,-34,-446,805,1671,4180
2020-09-08 00:00:00,RANDOM LENGTH LUMBER ,1280,439,42,6,841,1719,3891
2020-09-15 00:00:00,RANDOM LENGTH LUMBER ,836,313,-444,-126,523,1149,3513
2020-09-22 00:00:00,RANDOM LENGTH LUMBER ,681,382,-155,69,299,1063,3505
2020-09-29 00:00:00,RANDOM LENGTH LUMBER ,737,373,56,-9,364,1110,3565
2020-08-04 00:00:00,RANDOM LENGTH LUMBER ,1122,777,80,19,345,1899,4338
2020-08-11 00:00:00,RANDOM LENGTH LUMBER ,1286,744,164,-33,542,2030,4346
2020-08-18 00:00:00,RANDOM LENGTH LUMBER ,1357,819,71,75,538,2176,4775
2020-08-25 00:00:00,RANDOM LENGTH LUMBER ,1272,879,-85,60,393,2151,4626
2020-07-07 00:00:00,RANDOM LENGTH LUMBER ,716,339,-30,-3,377,1055,2951
2020-07-14 00:00:00,RANDOM LENGTH LUMBER ,851,402,135,63,449,1253,3589
2020-07-21 00:00:00,RANDOM LENGTH LUMBER ,1087,606,236,204,481,1693,4000
2020-07-28 00:00:00,RANDOM LENGTH LUMBER ,1042,758,-45,152,284,1800,4178
2020-06-02 00:00:00,RANDOM LENGTH LUMBER ,470,441,33,-92,29,911,2561
2020-06-09 00:00:00,RANDOM LENGTH LUMBER ,420,457,-50,16,-37,877,2527
2020-06-16 00:00:00,RANDOM LENGTH LUMBER ,422,386,2,-71,36,808,2371
2020-06-23 00:00:00,RANDOM LENGTH LUMBER ,651,440,229,54,211,1091,2485
2020-06-30 00:00:00,RANDOM LENGTH LUMBER ,746,342,95,-98,404,1088,2620
2020-05-05 00:00:00,RANDOM LENGTH LUMBER ,271,784,63,20,-513,1055,2680
2020-05-12 00:00:00,RANDOM LENGTH LUMBER ,301,637,30,-147,-336,938,2596
2020-05-19 00:00:00,RANDOM LENGTH LUMBER ,372,636,71,-1,-264,1008,2576
2020-05-26 00:00:00,RANDOM LENGTH LUMBER ,437,533,65,-103,-96,970,2559
2020-04-07 00:00:00,RANDOM LENGTH LUMBER ,202,829,-59,-18,-627,1031,2805
2020-04-14 00:00:00,RANDOM LENGTH LUMBER ,218,816,16,-13,-598,1034,2752
2020-04-21 00:00:00,RANDOM LENGTH LUMBER ,223,738,5,-78,-515,961,2663
2020-04-28 00:00:00,RANDOM LENGTH LUMBER ,208,764,-15,26,-556,972,2766
2020-03-03 00:00:00,RANDOM LENGTH LUMBER ,1442,585,-919,-221,857,2027,3478
2020-03-10 00:00:00,RANDOM LENGTH LUMBER ,866,702,-576,117,164,1568,3187
2020-03-17 00:00:00,RANDOM LENGTH LUMBER ,355,595,-511,-107,-240,950,2664
2020-03-24 00:00:00,RANDOM LENGTH LUMBER ,386,769,31,174,-383,1155,2752
2020-03-31 00:00:00,RANDOM LENGTH LUMBER ,261,847,-125,78,-586,1108,2824
2020-02-04 00:00:00,RANDOM LENGTH LUMBER ,1534,708,-85,2,826,2242,3359
2020-02-11 00:00:00,RANDOM LENGTH LUMBER ,1869,818,335,110,1051,2687,4030
2020-02-18 00:00:00,RANDOM LENGTH LUMBER ,2150,840,281,22,1310,2990,4298
2020-02-25 00:00:00,RANDOM LENGTH LUMBER ,2361,806,211,-34,1555,3167,4532
2020-01-07 00:00:00,RANDOM LENGTH LUMBER ,1638,627,11,85,1011,2265,3330
2020-01-14 00:00:00,RANDOM LENGTH LUMBER ,1488,580,-150,-47,908,2068,3260
2020-01-21 00:00:00,RANDOM LENGTH LUMBER ,1553,674,65,94,879,2227,3236
2020-01-28 00:00:00,RANDOM LENGTH LUMBER ,1619,706,66,32,913,2325,3267
2019-12-03 00:00:00,RANDOM LENGTH LUMBER ,1635,572,36,-52,1063,2207,3225
2019-12-10 00:00:00,RANDOM LENGTH LUMBER ,1511,602,-124,30,909,2113,3260
2019-12-17 00:00:00,RANDOM LENGTH LUMBER ,1521,638,10,36,883,2159,3158
2019-12-31 00:00:00,RANDOM LENGTH LUMBER ,1627,542,11,-120,1085,2169,3277
2019-11-05 00:00:00,RANDOM LENGTH LUMBER ,1517,642,245,-198,875,2159,3149
2019-11-12 00:00:00,RANDOM LENGTH LUMBER ,1435,564,-82,-78,871,1999,2928
2019-11-19 00:00:00,RANDOM LENGTH LUMBER ,1485,535,50,-29,950,2020,3048
2019-11-26 00:00:00,RANDOM LENGTH LUMBER ,1599,624,114,89,975,2223,3317
2019-10-01 00:00:00,RANDOM LENGTH LUMBER ,597,834,-74,-18,-237,1431,2157
2019-10-08 00:00:00,RANDOM LENGTH LUMBER ,555,773,-42,-61,-218,1328,2264
2019-10-15 00:00:00,RANDOM LENGTH LUMBER ,658,735,103,-38,-77,1393,2327
2019-10-22 00:00:00,RANDOM LENGTH LUMBER ,935,821,277,86,114,1756,2749
2019-10-29 00:00:00,RANDOM LENGTH LUMBER ,1272,840,337,19,432,2112,3182
2019-09-03 00:00:00,RANDOM LENGTH LUMBER ,739,945,-141,-294,-206,1684,2183
2019-09-10 00:00:00,RANDOM LENGTH LUMBER ,624,985,-115,40,-361,1609,2024
2019-09-17 00:00:00,RANDOM LENGTH LUMBER ,599,879,-25,-106,-280,1478,2009
2019-09-24 00:00:00,RANDOM LENGTH LUMBER ,671,852,72,-27,-181,1523,2055
2019-08-06 00:00:00,RANDOM LENGTH LUMBER ,948,1268,207,-103,-320,2216,2747
2019-08-13 00:00:00,RANDOM LENGTH LUMBER ,921,1290,-27,22,-369,2211,2712
2019-08-20 00:00:00,RANDOM LENGTH LUMBER ,982,1352,61,62,-370,2334,2541
2019-08-27 00:00:00,RANDOM LENGTH LUMBER ,880,1239,-102,-113,-359,2119,2361
2019-07-02 00:00:00,RANDOM LENGTH LUMBER ,1071,1241,-77,-160,-170,2312,2567
2019-07-09 00:00:00,RANDOM LENGTH LUMBER ,1089,1216,18,-25,-127,2305,2458
2019-07-16 00:00:00,RANDOM LENGTH LUMBER ,832,1314,-257,98,-482,2146,2411
2019-07-23 00:00:00,RANDOM LENGTH LUMBER ,778,1340,-54,26,-562,2118,2605
2019-07-30 00:00:00,RANDOM LENGTH LUMBER ,741,1371,-37,31,-630,2112,2654
2019-06-04 00:00:00,RANDOM LENGTH LUMBER ,1190,2471,-171,-126,-1281,3661,4374
2019-06-11 00:00:00,RANDOM LENGTH LUMBER ,1142,2377,-48,-94,-1235,3519,4322
2019-06-18 00:00:00,RANDOM LENGTH LUMBER ,1142,1721,0,-656,-579,2863,3115
2019-06-25 00:00:00,RANDOM LENGTH LUMBER ,1148,1401,6,-320,-253,2549,2680
2019-05-07 00:00:00,RANDOM LENGTH LUMBER ,1147,2115,21,29,-968,3262,3710
2019-05-14 00:00:00,RANDOM LENGTH LUMBER ,1183,2232,36,117,-1049,3415,3720
2019-05-21 00:00:00,RANDOM LENGTH LUMBER ,1359,2457,176,225,-1098,3816,4009
2019-05-28 00:00:00,RANDOM LENGTH LUMBER ,1361,2597,2,140,-1236,3958,4224
2019-04-02 00:00:00,RANDOM LENGTH LUMBER ,837,1303,15,142,-466,2140,2854
2019-04-09 00:00:00,RANDOM LENGTH LUMBER ,993,1499,156,196,-506,2492,3079
2019-04-16 00:00:00,RANDOM LENGTH LUMBER ,1073,1656,80,157,-583,2729,3397
2019-04-23 00:00:00,RANDOM LENGTH LUMBER ,1154,1748,81,92,-594,2902,3737
2019-04-30 00:00:00,RANDOM LENGTH LUMBER ,1126,2086,-28,338,-960,3212,3794
2019-03-05 00:00:00,RANDOM LENGTH LUMBER ,885,1159,-504,-403,-274,2044,2598
2019-03-12 00:00:00,RANDOM LENGTH LUMBER ,893,1105,8,-54,-212,1998,2428
2019-03-19 00:00:00,RANDOM LENGTH LUMBER ,868,1168,-25,63,-300,2036,2373
2019-03-26 00:00:00,RANDOM LENGTH LUMBER ,822,1161,-46,-7,-339,1983,2504
2019-02-05 00:00:00,RANDOM LENGTH LUMBER ,1092,1387,85,-108,-295,2479,3362
2019-02-12 00:00:00,RANDOM LENGTH LUMBER ,1170,1441,78,54,-271,2611,3403
2019-02-19 00:00:00,RANDOM LENGTH LUMBER ,1292,1502,122,61,-210,2794,3284
2019-02-26 00:00:00,RANDOM LENGTH LUMBER ,1389,1562,97,60,-173,2951,3299
2019-01-08 00:00:00,RANDOM LENGTH LUMBER ,926,2031,-24,146,-1105,2957,3845
2019-01-15 00:00:00,RANDOM LENGTH LUMBER ,957,2045,31,14,-1088,3002,3675
2019-01-22 00:00:00,RANDOM LENGTH LUMBER ,1057,1928,100,-117,-871,2985,3656
2019-01-29 00:00:00,RANDOM LENGTH LUMBER ,1007,1495,-50,-433,-488,2502,3383
2018-12-04 00:00:00,RANDOM LENGTH LUMBER ,922,1613,-309,125,-691,2535,3851
2018-12-11 00:00:00,RANDOM LENGTH LUMBER ,982,1912,60,299,-930,2894,3981
2018-12-18 00:00:00,RANDOM LENGTH LUMBER ,980,2004,-2,92,-1024,2984,4044
2018-12-24 00:00:00,RANDOM LENGTH LUMBER ,944,1899,-36,-105,-955,2843,3969
2018-12-31 00:00:00,RANDOM LENGTH LUMBER ,950,1885,6,-14,-935,2835,3942
2018-11-06 00:00:00,RANDOM LENGTH LUMBER ,1043,1688,138,54,-645,2731,4350
2018-11-13 00:00:00,RANDOM LENGTH LUMBER ,1210,1568,167,-120,-358,2778,4203
2018-11-20 00:00:00,RANDOM LENGTH LUMBER ,1241,1589,31,21,-348,2830,4004
2018-11-27 00:00:00,RANDOM LENGTH LUMBER ,1231,1488,-10,-101,-257,2719,3857
2018-10-02 00:00:00,RANDOM LENGTH LUMBER ,1372,1316,46,20,56,2688,4081
2018-10-09 00:00:00,RANDOM LENGTH LUMBER ,1269,1193,-103,-123,76,2462,3702
2018-10-16 00:00:00,RANDOM LENGTH LUMBER ,997,1346,-272,153,-349,2343,4074
2018-10-23 00:00:00,RANDOM LENGTH LUMBER ,916,1314,-81,-32,-398,2230,4211
2018-10-30 00:00:00,RANDOM LENGTH LUMBER ,905,1634,-11,320,-729,2539,4597
2018-09-04 00:00:00,RANDOM LENGTH LUMBER ,1288,1341,-131,-15,-53,2629,4363
2018-09-11 00:00:00,RANDOM LENGTH LUMBER ,1201,1381,-87,40,-180,2582,4070
2018-09-18 00:00:00,RANDOM LENGTH LUMBER ,1238,1331,37,-50,-93,2569,3778
2018-09-29 00:00:00,RANDOM LENGTH LUMBER ,1326,1296,88,-35,30,2622,3833
2018-08-07 00:00:00,RANDOM LENGTH LUMBER ,1723,1446,-317,-117,277,3169,5019
2018-08-14 00:00:00,RANDOM LENGTH LUMBER ,1514,1417,-209,-29,97,2931,4613
2018-08-21 00:00:00,RANDOM LENGTH LUMBER ,1381,1405,-133,-12,-24,2786,4585
2018-08-28 00:00:00,RANDOM LENGTH LUMBER ,1419,1356,38,-49,63,2775,4525
2018-07-03 00:00:00,RANDOM LENGTH LUMBER ,2608,1759,-10,-39,849,4367,6063
2018-07-10 00:00:00,RANDOM LENGTH LUMBER ,2465,1788,-143,29,677,4253,5888
2018-07-17 00:00:00,RANDOM LENGTH LUMBER ,2477,1678,12,-110,799,4155,5680
2018-07-24 00:00:00,RANDOM LENGTH LUMBER ,2253,1619,-224,-59,634,3872,5405
2018-07-31 00:00:00,RANDOM LENGTH LUMBER ,2040,1563,-213,-56,477,3603,5197
2018-06-05 00:00:00,RANDOM LENGTH LUMBER ,3354,1556,34,-44,1798,4910,6821
2018-06-12 00:00:00,RANDOM LENGTH LUMBER ,3352,1502,-2,-54,1850,4854,6889
2018-06-19 00:00:00,RANDOM LENGTH LUMBER ,3057,1596,-295,94,1461,4653,6623
2018-06-26 00:00:00,RANDOM LENGTH LUMBER ,2618,1798,-439,202,820,4416,6205
2018-05-01 00:00:00,RANDOM LENGTH LUMBER ,4016,1384,-26,-350,2632,5400,6712
2018-05-08 00:00:00,RANDOM LENGTH LUMBER ,3833,1576,-183,192,2257,5409,6855
2018-05-15 00:00:00,RANDOM LENGTH LUMBER ,3833,1599,0,23,2234,5432,6874
2018-05-22 00:00:00,RANDOM LENGTH LUMBER ,3834,1547,1,-52,2287,5381,6847
2018-05-29 00:00:00,RANDOM LENGTH LUMBER ,3320,1600,-514,53,1720,4920,6621
2018-04-03 00:00:00,RANDOM LENGTH LUMBER ,3885,1664,162,12,2221,5549,6688
2018-04-10 00:00:00,RANDOM LENGTH LUMBER ,3866,1599,-19,-65,2267,5465,7089
2018-04-17 00:00:00,RANDOM LENGTH LUMBER ,3844,1580,-22,-19,2264,5424,7085
2018-04-24 00:00:00,RANDOM LENGTH LUMBER ,4144,1734,300,154,2410,5878,6993
2018-03-06 00:00:00,RANDOM LENGTH LUMBER ,3584,1606,-369,-258,1978,5190,6413
2018-03-13 00:00:00,RANDOM LENGTH LUMBER ,3517,1584,-67,-22,1933,5101,6200
2018-03-20 00:00:00,RANDOM LENGTH LUMBER ,3624,1691,107,107,1933,5315,6418
2018-03-27 00:00:00,RANDOM LENGTH LUMBER ,3723,1652,99,-39,2071,5375,6470
2018-02-06 00:00:00,RANDOM LENGTH LUMBER ,4233,2017,30,105,2216,6250,7353
2018-02-13 00:00:00,RANDOM LENGTH LUMBER ,4066,1963,-167,-54,2103,6029,7519
2018-02-20 00:00:00,RANDOM LENGTH LUMBER ,3956,1858,-110,-105,2098,5814,7301
2018-02-27 00:00:00,RANDOM LENGTH LUMBER ,3953,1864,-3,6,2089,5817,7200
2018-01-02 00:00:00,RANDOM LENGTH LUMBER ,3741,1979,38,-177,1762,5720,6053
2018-01-09 00:00:00,RANDOM LENGTH LUMBER ,4036,2059,295,80,1977,6095,6246
2018-01-16 00:00:00,RANDOM LENGTH LUMBER ,4229,2118,193,59,2111,6347,6930
2018-01-23 00:00:00,RANDOM LENGTH LUMBER ,4448,2007,219,-111,2441,6455,7183
2018-01-30 00:00:00,RANDOM LENGTH LUMBER ,4203,1912,-245,-95,2291,6115,7184
2017-12-05 00:00:00,RANDOM LENGTH LUMBER ,3406,1908,-19,-19,1498,5314,6377
2017-12-12 00:00:00,RANDOM LENGTH LUMBER ,3436,1953,30,45,1483,5389,6320
2017-12-19 00:00:00,RANDOM LENGTH LUMBER ,3568,2006,132,53,1562,5574,6222
2017-12-26 00:00:00,RANDOM LENGTH LUMBER ,3703,2156,135,150,1547,5859,6198
2017-11-07 00:00:00,RANDOM LENGTH LUMBER ,3934,1995,327,224,1939,5929,6911
2017-11-14 00:00:00,RANDOM LENGTH LUMBER ,3978,1999,44,4,1979,5977,6901
2017-11-21 00:00:00,RANDOM LENGTH LUMBER ,3797,2032,-181,33,1765,5829,6840
2017-11-28 00:00:00,RANDOM LENGTH LUMBER ,3425,1927,-372,-105,1498,5352,6401
2017-10-03 00:00:00,RANDOM LENGTH LUMBER ,3172,1605,309,77,1567,4777,5673
2017-10-10 00:00:00,RANDOM LENGTH LUMBER ,3285,1738,113,133,1547,5023,6162
2017-10-17 00:00:00,RANDOM LENGTH LUMBER ,3536,1936,251,198,1600,5472,6763
2017-10-24 00:00:00,RANDOM LENGTH LUMBER ,3516,1998,-20,62,1518,5514,6836
2017-10-31 00:00:00,RANDOM LENGTH LUMBER ,3607,1771,91,-227,1836,5378,6775
2017-09-05 00:00:00,RANDOM LENGTH LUMBER ,2173,1446,391,214,727,3619,4808
2017-09-12 00:00:00,RANDOM LENGTH LUMBER ,2577,1495,404,49,1082,4072,5405
2017-09-19 00:00:00,RANDOM LENGTH LUMBER ,2630,1503,53,8,1127,4133,5559
2017-09-26 00:00:00,RANDOM LENGTH LUMBER ,2863,1528,233,25,1335,4391,5780
2017-08-01 00:00:00,RANDOM LENGTH LUMBER ,2211,1298,227,63,913,3509,4915
2017-08-08 00:00:00,RANDOM LENGTH LUMBER ,2058,1272,-153,-26,786,3330,4747
2017-08-15 00:00:00,RANDOM LENGTH LUMBER ,1818,1260,-240,-12,558,3078,4378
2017-08-22 00:00:00,RANDOM LENGTH LUMBER ,1769,1255,-49,-5,514,3024,4205
2017-08-29 00:00:00,RANDOM LENGTH LUMBER ,1782,1232,13,-23,550,3014,4194
2017-07-03 00:00:00,RANDOM LENGTH LUMBER ,945,1057,-230,-133,-112,2002,3840
2017-07-11 00:00:00,RANDOM LENGTH LUMBER ,1092,1036,147,-21,56,2128,3732
2017-07-18 00:00:00,RANDOM LENGTH LUMBER ,1490,1101,398,65,389,2591,4133
2017-07-25 00:00:00,RANDOM LENGTH LUMBER ,1984,1235,494,134,749,3219,4552
2017-06-06 00:00:00,RANDOM LENGTH LUMBER ,1176,1378,-52,-2,-202,2554,4830
2017-06-13 00:00:00,RANDOM LENGTH LUMBER ,1195,1119,19,-259,76,2314,4244
2017-06-20 00:00:00,RANDOM LENGTH LUMBER ,1247,1013,52,-106,234,2260,4148
2017-06-27 00:00:00,RANDOM LENGTH LUMBER ,1175,1190,-72,177,-15,2365,4207
2017-05-02 00:00:00,RANDOM LENGTH LUMBER ,2723,1601,-32,32,1122,4324,5816
2017-05-09 00:00:00,RANDOM LENGTH LUMBER ,2645,1600,-78,-1,1045,4245,5483
2017-05-16 00:00:00,RANDOM LENGTH LUMBER ,1709,1541,-936,-59,168,3250,4860
2017-05-23 00:00:00,RANDOM LENGTH LUMBER ,1455,1505,-254,-36,-50,2960,4947
2017-05-30 00:00:00,RANDOM LENGTH LUMBER ,1228,1380,-227,-125,-152,2608,5018
2017-04-04 00:00:00,RANDOM LENGTH LUMBER ,2804,1381,91,55,1423,4185,5728
2017-04-11 00:00:00,RANDOM LENGTH LUMBER ,2959,1441,155,60,1518,4400,6318
2017-04-18 00:00:00,RANDOM LENGTH LUMBER ,2753,1491,-206,50,1262,4244,6217
2017-04-25 00:00:00,RANDOM LENGTH LUMBER ,2755,1569,2,78,1186,4324,6044
2017-03-07 00:00:00,RANDOM LENGTH LUMBER ,3363,1273,107,122,2090,4636,5726
2017-03-14 00:00:00,RANDOM LENGTH LUMBER ,2719,1257,-644,-16,1462,3976,4957
2017-03-21 00:00:00,RANDOM LENGTH LUMBER ,2547,1277,-172,20,1270,3824,5037
2017-03-28 00:00:00,RANDOM LENGTH LUMBER ,2713,1326,166,49,1387,4039,5374
2017-02-07 00:00:00,RANDOM LENGTH LUMBER ,1676,1225,455,-7,451,2901,4437
2017-02-14 00:00:00,RANDOM LENGTH LUMBER ,2262,1372,586,147,890,3634,5065
2017-02-21 00:00:00,RANDOM LENGTH LUMBER ,2701,1469,439,97,1232,4170,5256
2017-02-28 00:00:00,RANDOM LENGTH LUMBER ,3256,1151,555,-318,2105,4407,5888
2017-01-03 00:00:00,RANDOM LENGTH LUMBER ,8565,6420,0,0,2145,14985,3954
2017-01-10 00:00:00,RANDOM LENGTH LUMBER ,1078,1535,-28,-223,-457,2613,3584
2017-01-17 00:00:00,RANDOM LENGTH LUMBER ,1266,1321,188,-214,-55,2587,3738
2017-01-24 00:00:00,RANDOM LENGTH LUMBER ,1227,1298,-39,-23,-71,2525,3917
2017-01-31 00:00:00,RANDOM LENGTH LUMBER ,1221,1232,-6,-66,-11,2453,3897
2016-12-06 00:00:00,RANDOM LENGTH LUMBER ,1562,861,-13,-149,701,2423,3855
2016-12-13 00:00:00,RANDOM LENGTH LUMBER ,1442,1009,-120,148,433,2451,3680
2016-12-20 00:00:00,RANDOM LENGTH LUMBER ,1439,1430,-3,421,9,2869,4191
2016-12-27 00:00:00,RANDOM LENGTH LUMBER ,1340,1682,-99,252,-342,3022,4376
2016-11-01 00:00:00,RANDOM LENGTH LUMBER ,1446,1279,-491,260,167,2725,3926
2016-11-08 00:00:00,RANDOM LENGTH LUMBER ,1594,1613,148,334,-19,3207,3895
2016-11-15 00:00:00,RANDOM LENGTH LUMBER ,1583,1574,-11,-39,9,3157,3873
2016-11-22 00:00:00,RANDOM LENGTH LUMBER ,1558,1363,-25,-211,195,2921,3772
2016-11-29 00:00:00,RANDOM LENGTH LUMBER ,1575,1010,17,-353,565,2585,3786
2016-10-04 00:00:00,RANDOM LENGTH LUMBER ,2089,908,235,-125,1181,2997,4073
2016-10-11 00:00:00,RANDOM LENGTH LUMBER ,2642,926,553,18,1716,3568,4856
2016-10-18 00:00:00,RANDOM LENGTH LUMBER ,2378,883,-264,-43,1495,3261,4593
2016-10-25 00:00:00,RANDOM LENGTH LUMBER ,1937,1019,-441,136,918,2956,3842
2016-09-06 00:00:00,RANDOM LENGTH LUMBER ,1985,1091,-824,51,894,3076,3565
2016-09-13 00:00:00,RANDOM LENGTH LUMBER ,1751,1000,-234,-91,751,2751,3102
2016-09-20 00:00:00,RANDOM LENGTH LUMBER ,1840,1319,89,319,521,3159,3482
2016-09-27 00:00:00,RANDOM LENGTH LUMBER ,1854,1033,14,-286,821,2887,3654
2016-08-02 00:00:00,RANDOM LENGTH LUMBER ,3258,1396,-211,96,1862,4654,5328
2016-08-09 00:00:00,RANDOM LENGTH LUMBER ,3141,1360,-117,-36,1781,4501,5408
2016-08-16 00:00:00,RANDOM LENGTH LUMBER ,3229,1249,88,-111,1980,4478,5332
2016-08-23 00:00:00,RANDOM LENGTH LUMBER ,3438,1176,209,-73,2262,4614,5148
2016-08-30 00:00:00,RANDOM LENGTH LUMBER ,2809,1040,-629,-136,1769,3849,4300
2016-07-05 00:00:00,RANDOM LENGTH LUMBER ,2046,1008,402,62,1038,3054,4063
2016-07-12 00:00:00,RANDOM LENGTH LUMBER ,2558,1098,512,90,1460,3656,4316
2016-07-19 00:00:00,RANDOM LENGTH LUMBER ,3279,1291,721,193,1988,4570,4921
2016-07-26 00:00:00,RANDOM LENGTH LUMBER ,3469,1300,190,9,2169,4769,5219
2016-06-07 00:00:00,RANDOM LENGTH LUMBER ,2359,1096,-360,67,1263,3455,5307
2016-06-14 00:00:00,RANDOM LENGTH LUMBER ,1930,1158,-429,62,772,3088,5039
2016-06-21 00:00:00,RANDOM LENGTH LUMBER ,1969,1057,39,-101,912,3026,4659
2016-06-28 00:00:00,RANDOM LENGTH LUMBER ,1644,946,-325,-111,698,2590,3994
2016-05-03 00:00:00,RANDOM LENGTH LUMBER ,2286,1016,368,-44,1270,3302,4299
2016-05-10 00:00:00,RANDOM LENGTH LUMBER ,2685,982,399,-34,1703,3667,4823
2016-05-17 00:00:00,RANDOM LENGTH LUMBER ,3126,1161,441,179,1965,4287,5496
2016-05-24 00:00:00,RANDOM LENGTH LUMBER ,2859,1058,-267,-103,1801,3917,5317
2016-05-31 00:00:00,RANDOM LENGTH LUMBER ,2719,1029,-140,-29,1690,3748,5379
2016-04-05 00:00:00,RANDOM LENGTH LUMBER ,2414,1285,137,49,1129,3699,4914
2016-04-12 00:00:00,RANDOM LENGTH LUMBER ,2677,1272,263,-13,1405,3949,5146
2016-04-19 00:00:00,RANDOM LENGTH LUMBER ,2072,1120,-605,-152,952,3192,4201
2016-04-26 00:00:00,RANDOM LENGTH LUMBER ,1918,1060,-154,-60,858,2978,3952
2016-03-01 00:00:00,RANDOM LENGTH LUMBER ,1322,1820,-39,-249,-498,3142,4336
2016-03-08 00:00:00,RANDOM LENGTH LUMBER ,1757,1564,435,-256,193,3321,4253
2016-03-15 00:00:00,RANDOM LENGTH LUMBER ,2004,1496,247,-68,508,3500,4375
2016-03-22 00:00:00,RANDOM LENGTH LUMBER ,2081,1301,77,-195,780,3382,4547
2016-03-29 00:00:00,RANDOM LENGTH LUMBER ,2277,1236,196,-65,1041,3513,4892
2016-02-02 00:00:00,RANDOM LENGTH LUMBER ,1211,3088,65,373,-1877,4299,5890
2016-02-09 00:00:00,RANDOM LENGTH LUMBER ,1101,2706,-110,-382,-1605,3807,5552
2016-02-16 00:00:00,RANDOM LENGTH LUMBER ,1121,2693,20,-13,-1572,3814,5460
2016-02-23 00:00:00,RANDOM LENGTH LUMBER ,1361,2069,240,-624,-708,3430,4652
2016-01-05 00:00:00,RANDOM LENGTH LUMBER ,1142,1540,-134,-110,-398,2682,3825
2016-01-12 00:00:00,RANDOM LENGTH LUMBER ,1055,2000,-87,460,-945,3055,4299
2016-01-19 00:00:00,RANDOM LENGTH LUMBER ,1072,2198,17,198,-1126,3270,4541
2016-01-26 00:00:00,RANDOM LENGTH LUMBER ,1146,2715,74,517,-1569,3861,5313
2015-12-01 00:00:00,RANDOM LENGTH LUMBER ,1317,1959,-27,43,-642,3276,4222
2015-12-08 00:00:00,RANDOM LENGTH LUMBER ,1259,1837,-58,-122,-578,3096,4367
2015-12-15 00:00:00,RANDOM LENGTH LUMBER ,1234,1635,-25,-202,-401,2869,4087
2015-12-22 00:00:00,RANDOM LENGTH LUMBER ,1366,1601,132,-34,-235,2967,4045
2015-12-29 00:00:00,RANDOM LENGTH LUMBER ,1276,1650,-90,49,-374,2926,3845
2015-11-03 00:00:00,RANDOM LENGTH LUMBER ,1472,1846,-171,-216,-374,3318,4036
2015-11-10 00:00:00,RANDOM LENGTH LUMBER ,1392,1905,-80,59,-513,3297,3822
2015-11-17 00:00:00,RANDOM LENGTH LUMBER ,1350,1863,-42,-42,-513,3213,3976
2015-11-24 00:00:00,RANDOM LENGTH LUMBER ,1344,1916,-6,53,-572,3260,3982
2015-10-06 00:00:00,RANDOM LENGTH LUMBER ,1572,3992,42,215,-2420,5564,6968
2015-10-13 00:00:00,RANDOM LENGTH LUMBER ,1439,3203,-133,-789,-1764,4642,5743
2015-10-20 00:00:00,RANDOM LENGTH LUMBER ,1528,2428,89,-775,-900,3956,4993
2015-10-27 00:00:00,RANDOM LENGTH LUMBER ,1643,2062,115,-366,-419,3705,4483
2015-09-01 00:00:00,RANDOM LENGTH LUMBER ,1936,3752,42,-41,-1816,5688,6547
2015-09-08 00:00:00,RANDOM LENGTH LUMBER ,2042,3861,106,109,-1819,5903,6534
2015-09-15 00:00:00,RANDOM LENGTH LUMBER ,1962,3292,-80,-569,-1330,5254,5589
2015-09-22 00:00:00,RANDOM LENGTH LUMBER ,1853,3214,-109,-78,-1361,5067,5618
2015-09-29 00:00:00,RANDOM LENGTH LUMBER ,1530,3777,-323,563,-2247,5307,6583
2015-08-04 00:00:00,RANDOM LENGTH LUMBER ,1461,2968,35,606,-1507,4429,5962
2015-08-11 00:00:00,RANDOM LENGTH LUMBER ,1524,3131,63,163,-1607,4655,6076
2015-08-18 00:00:00,RANDOM LENGTH LUMBER ,1716,3481,192,350,-1765,5197,6261
2015-08-25 00:00:00,RANDOM LENGTH LUMBER ,1894,3793,178,312,-1899,5687,6552
2015-07-07 00:00:00,RANDOM LENGTH LUMBER ,1403,1615,-312,51,-212,3018,3813
2015-07-14 00:00:00,RANDOM LENGTH LUMBER ,1457,1698,54,83,-241,3155,4080
2015-07-21 00:00:00,RANDOM LENGTH LUMBER ,1433,1852,-24,154,-419,3285,4371
2015-07-28 00:00:00,RANDOM LENGTH LUMBER ,1426,2362,-7,510,-936,3788,5024
2015-06-02 00:00:00,RANDOM LENGTH LUMBER ,2062,2921,-56,-560,-859,4983,6065
2015-06-09 00:00:00,RANDOM LENGTH LUMBER ,1973,2060,-89,-861,-87,4033,4762
2015-06-16 00:00:00,RANDOM LENGTH LUMBER ,1973,1730,0,-330,243,3703,4309
2015-06-23 00:00:00,RANDOM LENGTH LUMBER ,1926,1750,-47,20,176,3676,4309
2015-06-30 00:00:00,RANDOM LENGTH LUMBER ,1715,1564,-211,-186,151,3279,4004
2015-05-05 00:00:00,RANDOM LENGTH LUMBER ,2322,4099,-90,216,-1777,6421,6448
2015-05-12 00:00:00,RANDOM LENGTH LUMBER ,2244,4179,-78,80,-1935,6423,6575
2015-05-19 00:00:00,RANDOM LENGTH LUMBER ,2127,4113,-117,-66,-1986,6240,6511
2015-05-26 00:00:00,RANDOM LENGTH LUMBER ,2118,3481,-9,-632,-1363,5599,6097
2015-04-07 00:00:00,RANDOM LENGTH LUMBER ,2333,3944,72,24,-1611,6277,7311
2015-04-14 00:00:00,RANDOM LENGTH LUMBER ,2358,4046,25,102,-1688,6404,6803
2015-04-21 00:00:00,RANDOM LENGTH LUMBER ,2478,3993,120,-53,-1515,6471,6838
2015-04-28 00:00:00,RANDOM LENGTH LUMBER ,2412,3883,-66,-110,-1471,6295,6409
2015-03-03 00:00:00,RANDOM LENGTH LUMBER ,1713,3581,-100,290,-1868,5294,5558
2015-03-10 00:00:00,RANDOM LENGTH LUMBER ,1875,3798,162,217,-1923,5673,5871
2015-03-17 00:00:00,RANDOM LENGTH LUMBER ,2330,4063,455,265,-1733,6393,6648
2015-03-24 00:00:00,RANDOM LENGTH LUMBER ,2289,3920,-41,-143,-1631,6209,6687
2015-03-31 00:00:00,RANDOM LENGTH LUMBER ,2261,3920,-28,0,-1659,6181,7035
2015-02-03 00:00:00,RANDOM LENGTH LUMBER ,1471,2959,-125,-267,-1488,4430,5574
2015-02-10 00:00:00,RANDOM LENGTH LUMBER ,1643,2762,172,-197,-1119,4405,5166
2015-02-17 00:00:00,RANDOM LENGTH LUMBER ,1646,2924,3,162,-1278,4570,4859
2015-02-24 00:00:00,RANDOM LENGTH LUMBER ,1813,3291,167,367,-1478,5104,5180
2015-01-06 00:00:00,RANDOM LENGTH LUMBER ,1478,2564,70,341,-1086,4042,4037
2015-01-13 00:00:00,RANDOM LENGTH LUMBER ,1445,2797,-33,233,-1352,4242,4617
2015-01-20 00:00:00,RANDOM LENGTH LUMBER ,1701,2889,256,92,-1188,4590,5167
2015-01-27 00:00:00,RANDOM LENGTH LUMBER ,1596,3226,-105,337,-1630,4822,5528
2014-12-09 00:00:00,RANDOM LENGTH LUMBER ,1538,2200,181,-468,-662,3738,4657
2014-12-16 00:00:00,RANDOM LENGTH LUMBER ,1452,2180,-86,-20,-728,3632,4118
2014-12-23 00:00:00,RANDOM LENGTH LUMBER ,1395,2234,-57,54,-839,3629,3542
2014-12-30 00:00:00,RANDOM LENGTH LUMBER ,1408,2223,13,-11,-815,3631,3500
2014-11-04 00:00:00,RANDOM LENGTH LUMBER ,1375,2447,180,267,-1072,3822,4094
2014-11-11 00:00:00,RANDOM LENGTH LUMBER ,1411,2734,36,287,-1323,4145,4271
2014-11-18 00:00:00,RANDOM LENGTH LUMBER ,1475,2788,64,54,-1313,4263,4949
2014-10-07 00:00:00,RANDOM LENGTH LUMBER ,1525,1298,66,-173,227,2823,3720
2014-10-14 00:00:00,RANDOM LENGTH LUMBER ,1586,1349,61,51,237,2935,3650
2014-10-21 00:00:00,RANDOM LENGTH LUMBER ,1358,1562,-228,213,-204,2920,3529
2014-10-28 00:00:00,RANDOM LENGTH LUMBER ,1195,2180,-163,618,-985,3375,3655
2014-09-02 00:00:00,RANDOM LENGTH LUMBER ,1630,1248,12,-213,382,2878,4258
2014-09-09 00:00:00,RANDOM LENGTH LUMBER ,1330,1065,-300,-183,265,2395,3755
2014-09-16 00:00:00,RANDOM LENGTH LUMBER ,1542,1072,212,7,470,2614,3707
2014-09-23 00:00:00,RANDOM LENGTH LUMBER ,1479,1359,-63,287,120,2838,3587
2014-09-30 00:00:00,RANDOM LENGTH LUMBER ,1459,1471,-20,112,-12,2930,3884
2014-08-05 00:00:00,RANDOM LENGTH LUMBER ,1370,1856,125,293,-486,3226,4483
2014-08-12 00:00:00,RANDOM LENGTH LUMBER ,1547,1650,177,-206,-103,3197,4379
2014-08-19 00:00:00,RANDOM LENGTH LUMBER ,1476,1563,-71,-87,-87,3039,4337
2014-08-26 00:00:00,RANDOM LENGTH LUMBER ,1618,1461,142,-102,157,3079,4432
2014-07-01 00:00:00,RANDOM LENGTH LUMBER ,1410,1808,-82,-529,-398,3218,4281
2014-07-08 00:00:00,RANDOM LENGTH LUMBER ,1453,1704,43,-104,-251,3157,4140
2014-07-15 00:00:00,RANDOM LENGTH LUMBER ,1402,1530,-51,-174,-128,2932,3915
2014-07-22 00:00:00,RANDOM LENGTH LUMBER ,1363,1507,-39,-23,-144,2870,3963
2014-07-29 00:00:00,RANDOM LENGTH LUMBER ,1245,1563,-118,56,-318,2808,4065
2014-06-03 00:00:00,RANDOM LENGTH LUMBER ,1540,2426,118,328,-886,3966,5549
2014-06-10 00:00:00,RANDOM LENGTH LUMBER ,1397,2622,-143,196,-1225,4019,5363
2014-06-17 00:00:00,RANDOM LENGTH LUMBER ,1445,3041,48,419,-1596,4486,5005
2014-06-24 00:00:00,RANDOM LENGTH LUMBER ,1492,2337,47,-704,-845,3829,4695
2014-05-06 00:00:00,RANDOM LENGTH LUMBER ,1047,1724,-22,-351,-677,2771,4327
2014-05-13 00:00:00,RANDOM LENGTH LUMBER ,1236,1609,189,-115,-373,2845,4333
2014-05-20 00:00:00,RANDOM LENGTH LUMBER ,1372,1825,136,216,-453,3197,4313
2014-05-27 00:00:00,RANDOM LENGTH LUMBER ,1422,2098,50,273,-676,3520,4542
2014-04-01 00:00:00,RANDOM LENGTH LUMBER ,846,2355,-17,2,-1509,3201,5358
2014-04-08 00:00:00,RANDOM LENGTH LUMBER ,892,2455,46,100,-1563,3347,5205
2014-04-15 00:00:00,RANDOM LENGTH LUMBER ,1059,2375,167,-80,-1316,3434,5104
2014-04-22 00:00:00,RANDOM LENGTH LUMBER ,1108,2140,49,-235,-1032,3248,4827
2014-04-29 00:00:00,RANDOM LENGTH LUMBER ,1069,2075,-39,-65,-1006,3144,4658
2014-03-04 00:00:00,RANDOM LENGTH LUMBER ,957,2240,25,171,-1283,3197,4626
2014-03-11 00:00:00,RANDOM LENGTH LUMBER ,887,2249,-70,9,-1362,3136,4419
2014-03-18 00:00:00,RANDOM LENGTH LUMBER ,950,2542,63,293,-1592,3492,4658
2014-03-25 00:00:00,RANDOM LENGTH LUMBER ,863,2353,-87,-189,-1490,3216,4623
2014-02-04 00:00:00,RANDOM LENGTH LUMBER ,999,2124,86,506,-1125,3123,4524
2014-02-11 00:00:00,RANDOM LENGTH LUMBER ,958,2146,-41,22,-1188,3104,4455
2014-02-18 00:00:00,RANDOM LENGTH LUMBER ,864,2147,-94,1,-1283,3011,4601
2014-02-25 00:00:00,RANDOM LENGTH LUMBER ,932,2069,68,-78,-1137,3001,4742
2014-01-07 00:00:00,RANDOM LENGTH LUMBER ,1024,923,-306,100,101,1947,3836
2014-01-14 00:00:00,RANDOM LENGTH LUMBER ,903,1177,-121,254,-274,2080,3800
2014-01-21 00:00:00,RANDOM LENGTH LUMBER ,980,1302,77,125,-322,2282,3938
2014-01-28 00:00:00,RANDOM LENGTH LUMBER ,913,1618,-67,316,-705,2531,4087
2013-12-03 00:00:00,RANDOM LENGTH LUMBER ,1516,854,46,-79,662,2370,4308
2013-12-10 00:00:00,RANDOM LENGTH LUMBER ,1119,869,-397,15,250,1988,3700
2013-12-17 00:00:00,RANDOM LENGTH LUMBER ,988,920,-131,51,68,1908,3718
2013-12-24 00:00:00,RANDOM LENGTH LUMBER ,1282,1000,294,80,282,2282,4535
2013-11-05 00:00:00,RANDOM LENGTH LUMBER ,1292,1048,-427,-376,244,2340,4721
2013-11-12 00:00:00,RANDOM LENGTH LUMBER ,1252,1021,-40,-27,231,2273,4705
2013-11-19 00:00:00,RANDOM LENGTH LUMBER ,1196,1005,-56,-16,191,2201,4544
2013-11-26 00:00:00,RANDOM LENGTH LUMBER ,1470,933,274,-72,537,2403,4557
2013-10-01 00:00:00,RANDOM LENGTH LUMBER ,1985,1410,20,-39,575,3395,5271
2013-10-08 00:00:00,RANDOM LENGTH LUMBER ,1871,1383,-114,-27,488,3254,4692
2013-10-15 00:00:00,RANDOM LENGTH LUMBER ,1838,1293,-33,-90,545,3131,4546
2013-10-22 00:00:00,RANDOM LENGTH LUMBER ,2089,1331,251,38,758,3420,4960
2013-10-29 00:00:00,RANDOM LENGTH LUMBER ,1719,1424,-370,93,295,3143,4942
2013-09-03 00:00:00,RANDOM LENGTH LUMBER ,1929,2281,75,-5,-352,4210,5495
2013-09-10 00:00:00,RANDOM LENGTH LUMBER ,1978,2093,49,-188,-115,4071,5502
2013-09-17 00:00:00,RANDOM LENGTH LUMBER ,1919,1905,-59,-188,14,3824,5679
2013-09-24 00:00:00,RANDOM LENGTH LUMBER ,1965,1449,46,-456,516,3414,5821
2013-08-06 00:00:00,RANDOM LENGTH LUMBER ,2131,2146,-48,215,-15,4277,5945
2013-08-13 00:00:00,RANDOM LENGTH LUMBER ,2052,2227,-79,81,-175,4279,5842
2013-08-20 00:00:00,RANDOM LENGTH LUMBER ,1966,2074,-86,-153,-108,4040,5365
2013-08-27 00:00:00,RANDOM LENGTH LUMBER ,1854,2286,-112,212,-432,4140,5166
2013-07-02 00:00:00,RANDOM LENGTH LUMBER ,2535,2482,-198,-307,53,5017,6460
2013-07-09 00:00:00,RANDOM LENGTH LUMBER ,2210,2392,-325,-90,-182,4602,6027
2013-07-16 00:00:00,RANDOM LENGTH LUMBER ,2520,2050,310,-342,470,4570,5587
2013-07-23 00:00:00,RANDOM LENGTH LUMBER ,2264,1859,-256,-191,405,4123,5583
2013-07-30 00:00:00,RANDOM LENGTH LUMBER ,2179,1931,-85,72,248,4110,5704
2013-06-04 00:00:00,RANDOM LENGTH LUMBER ,2331,2822,22,342,-491,5153,6860
2013-06-11 00:00:00,RANDOM LENGTH LUMBER ,2530,2544,199,-278,-14,5074,6664
2013-06-18 00:00:00,RANDOM LENGTH LUMBER ,2728,2678,198,134,50,5406,6801
2013-06-25 00:00:00,RANDOM LENGTH LUMBER ,2733,2789,5,111,-56,5522,6686
2013-05-07 00:00:00,RANDOM LENGTH LUMBER ,1917,1201,-191,-152,716,3118,5782
2013-05-14 00:00:00,RANDOM LENGTH LUMBER ,1898,1567,-19,366,331,3465,5673
2013-05-21 00:00:00,RANDOM LENGTH LUMBER ,1917,1937,19,370,-20,3854,5709
2013-05-28 00:00:00,RANDOM LENGTH LUMBER ,2309,2480,392,543,-171,4789,6083
2013-04-02 00:00:00,RANDOM LENGTH LUMBER ,2919,1730,-172,116,1189,4649,8409
2013-04-09 00:00:00,RANDOM LENGTH LUMBER ,2575,1788,-344,58,787,4363,7715
2013-04-16 00:00:00,RANDOM LENGTH LUMBER ,2382,1632,-193,-156,750,4014,7357
2013-04-23 00:00:00,RANDOM LENGTH LUMBER ,2315,1547,-67,-85,768,3862,6759
2013-04-30 00:00:00,RANDOM LENGTH LUMBER ,2108,1353,-207,-194,755,3461,6156
2013-03-05 00:00:00,RANDOM LENGTH LUMBER ,3533,1541,0,-108,1992,5074,8512
2013-03-12 00:00:00,RANDOM LENGTH LUMBER ,3625,1769,92,228,1856,5394,8628
2013-03-26 00:00:00,RANDOM LENGTH LUMBER ,3091,1614,-540,-58,1477,4705,8444
2013-02-05 00:00:00,RANDOM LENGTH LUMBER ,3157,2036,-738,37,1121,5193,7896
2013-02-12 00:00:00,RANDOM LENGTH LUMBER ,3357,1802,200,-234,1555,5159,8091
2013-02-19 00:00:00,RANDOM LENGTH LUMBER ,3716,1666,359,-136,2050,5382,8674
2013-02-26 00:00:00,RANDOM LENGTH LUMBER ,3533,1649,-183,-17,1884,5182,8277
2013-01-08 00:00:00,RANDOM LENGTH LUMBER ,4524,1587,63,-10,2937,6111,9811
2013-01-15 00:00:00,RANDOM LENGTH LUMBER ,4682,1528,158,-59,3154,6210,9932
2013-01-22 00:00:00,RANDOM LENGTH LUMBER ,4192,1988,-490,460,2204,6180,9175
2013-01-29 00:00:00,RANDOM LENGTH LUMBER ,3895,1999,-297,11,1896,5894,8588
2012-12-04 00:00:00,RANDOM LENGTH LUMBER ,4322,2147,-82,24,2175,6469,10649
2012-12-11 00:00:00,RANDOM LENGTH LUMBER ,4368,2430,46,283,1938,6798,10809
2012-12-18 00:00:00,RANDOM LENGTH LUMBER ,4714,2273,346,-157,2441,6987,10650
2012-12-24 00:00:00,RANDOM LENGTH LUMBER ,4589,2347,-125,74,2242,6936,10703
2012-12-31 00:00:00,RANDOM LENGTH LUMBER ,4461,1597,-128,-750,2864,6058,9840
2012-11-06 00:00:00,RANDOM LENGTH LUMBER ,4778,2199,271,-314,2579,6977,10850
2012-11-13 00:00:00,RANDOM LENGTH LUMBER ,4576,2182,-202,-17,2394,6758,10458
2012-11-20 00:00:00,RANDOM LENGTH LUMBER ,4701,2197,125,15,2504,6898,10882
2012-11-27 00:00:00,RANDOM LENGTH LUMBER ,4404,2123,-297,-74,2281,6527,10607
2012-10-02 00:00:00,RANDOM LENGTH LUMBER ,3102,2220,-210,-163,882,5322,6972
2012-10-09 00:00:00,RANDOM LENGTH LUMBER ,3048,2599,-54,379,449,5647,7116
2012-10-16 00:00:00,RANDOM LENGTH LUMBER ,3249,2305,201,-294,944,5554,7606
2012-10-23 00:00:00,RANDOM LENGTH LUMBER ,4024,2295,775,-10,1729,6319,8987
2012-10-30 00:00:00,RANDOM LENGTH LUMBER ,4507,2513,483,218,1994,7020,10428
2012-09-04 00:00:00,RANDOM LENGTH LUMBER ,3856,2310,-624,-424,1546,6166,9086
2012-09-11 00:00:00,RANDOM LENGTH LUMBER ,3196,2061,-660,-249,1135,5257,8099
2012-09-18 00:00:00,RANDOM LENGTH LUMBER ,3246,2537,50,476,709,5783,8182
2012-09-25 00:00:00,RANDOM LENGTH LUMBER ,3312,2383,66,-154,929,5695,8085
2012-08-07 00:00:00,RANDOM LENGTH LUMBER ,3682,3063,-29,-89,619,6745,7875
2012-08-14 00:00:00,RANDOM LENGTH LUMBER ,4551,2692,869,-371,1859,7243,9539
2012-08-21 00:00:00,RANDOM LENGTH LUMBER ,4841,2824,290,132,2017,7665,10070
2012-08-28 00:00:00,RANDOM LENGTH LUMBER ,4480,2734,-361,-90,1746,7214,9690
2012-07-03 00:00:00,RANDOM LENGTH LUMBER ,2811,3471,124,20,-660,6282,6734
2012-07-10 00:00:00,RANDOM LENGTH LUMBER ,3381,2835,570,-636,546,6216,7112
2012-07-17 00:00:00,RANDOM LENGTH LUMBER ,3623,2891,242,56,732,6514,7468
2012-07-24 00:00:00,RANDOM LENGTH LUMBER ,3996,3124,373,233,872,7120,8873
2012-07-31 00:00:00,RANDOM LENGTH LUMBER ,3711,3152,-285,28,559,6863,8288
2012-06-05 00:00:00,RANDOM LENGTH LUMBER ,3444,2731,-516,-617,713,6175,8589
2012-06-12 00:00:00,RANDOM LENGTH LUMBER ,3310,2709,-134,-22,601,6019,8290
2012-06-19 00:00:00,RANDOM LENGTH LUMBER ,2744,3333,-566,624,-589,6077,7748
2012-06-26 00:00:00,RANDOM LENGTH LUMBER ,2687,3451,-57,118,-764,6138,7317
2012-05-01 00:00:00,RANDOM LENGTH LUMBER ,3731,3321,-446,-655,410,7052,8927
2012-05-08 00:00:00,RANDOM LENGTH LUMBER ,3605,3402,-126,81,203,7007,8996
2012-05-15 00:00:00,RANDOM LENGTH LUMBER ,3568,3078,-37,-324,490,6646,9217
2012-05-22 00:00:00,RANDOM LENGTH LUMBER ,3835,3314,267,236,521,7149,9633
2012-05-29 00:00:00,RANDOM LENGTH LUMBER ,3960,3348,125,34,612,7308,9600
2012-04-03 00:00:00,RANDOM LENGTH LUMBER ,4362,4160,201,509,202,8522,10658
2012-04-10 00:00:00,RANDOM LENGTH LUMBER ,4285,4159,-77,-1,126,8444,10472
2012-04-17 00:00:00,RANDOM LENGTH LUMBER ,4321,4327,36,168,-6,8648,9919
2012-04-24 00:00:00,RANDOM LENGTH LUMBER ,4177,3976,-144,-351,201,8153,9356
2012-03-06 00:00:00,RANDOM LENGTH LUMBER ,4154,3346,-83,-11,808,7500,10377
2012-03-13 00:00:00,RANDOM LENGTH LUMBER ,4034,3220,-120,-126,814,7254,10043
2012-03-20 00:00:00,RANDOM LENGTH LUMBER ,4107,3132,73,-88,975,7239,10347
2012-03-27 00:00:00,RANDOM LENGTH LUMBER ,4161,3651,54,519,510,7812,9664
2012-02-07 00:00:00,RANDOM LENGTH LUMBER ,3765,3455,-16,-1534,310,7220,9867
2012-02-14 00:00:00,RANDOM LENGTH LUMBER ,3863,3123,98,-332,740,6986,10035
2012-02-21 00:00:00,RANDOM LENGTH LUMBER ,4157,3269,294,146,888,7426,10004
2012-02-28 00:00:00,RANDOM LENGTH LUMBER ,4237,3357,80,88,880,7594,10457
2012-01-03 00:00:00,RANDOM LENGTH LUMBER ,3515,3681,-14,-1157,-166,7196,8658
2012-01-10 00:00:00,RANDOM LENGTH LUMBER ,3511,3981,-4,300,-470,7492,8781
2012-01-17 00:00:00,RANDOM LENGTH LUMBER ,3792,4481,281,500,-689,8273,9111
2012-01-24 00:00:00,RANDOM LENGTH LUMBER ,3959,4796,167,315,-837,8755,9643
2012-01-31 00:00:00,RANDOM LENGTH LUMBER ,3781,4989,-178,193,-1208,8770,10079
2011-12-06 00:00:00,RANDOM LENGTH LUMBER ,3964,4903,257,346,-939,8867,12366
2011-12-13 00:00:00,RANDOM LENGTH LUMBER ,3830,5055,-134,152,-1225,8885,11183
2011-12-20 00:00:00,RANDOM LENGTH LUMBER ,3721,5243,-109,188,-1522,8964,10051
2011-12-27 00:00:00,RANDOM LENGTH LUMBER ,3529,4838,-192,-405,-1309,8367,9559
2011-11-01 00:00:00,RANDOM LENGTH LUMBER ,4052,4733,-218,-229,-681,8785,9588
2011-11-08 00:00:00,RANDOM LENGTH LUMBER ,3985,4629,-67,-104,-644,8614,9588
2011-11-15 00:00:00,RANDOM LENGTH LUMBER ,4089,4920,104,291,-831,9009,9343
2011-11-22 00:00:00,RANDOM LENGTH LUMBER ,3757,4279,-332,-641,-522,8036,9526
2011-11-29 00:00:00,RANDOM LENGTH LUMBER ,3707,4557,-50,278,-850,8264,10219
2011-10-04 00:00:00,RANDOM LENGTH LUMBER ,4208,4545,338,1117,-337,8753,10856
2011-10-11 00:00:00,RANDOM LENGTH LUMBER ,4210,4926,2,381,-716,9136,10714
2011-10-18 00:00:00,RANDOM LENGTH LUMBER ,4086,4896,-124,-30,-810,8982,10275
2011-10-25 00:00:00,RANDOM LENGTH LUMBER ,4270,4962,184,66,-692,9232,9945
2011-09-06 00:00:00,RANDOM LENGTH LUMBER ,3997,4014,26,-900,-17,8011,9445
2011-09-13 00:00:00,RANDOM LENGTH LUMBER ,3973,2860,-24,-1154,1113,6833,9690
2011-09-20 00:00:00,RANDOM LENGTH LUMBER ,3933,2852,-40,-8,1081,6785,9178
2011-09-27 00:00:00,RANDOM LENGTH LUMBER ,3870,3428,-63,576,442,7298,9364
2011-08-02 00:00:00,RANDOM LENGTH LUMBER ,3846,4155,24,308,-309,8001,10693
2011-08-09 00:00:00,RANDOM LENGTH LUMBER ,4158,4907,312,752,-749,9065,11029
2011-08-16 00:00:00,RANDOM LENGTH LUMBER ,4141,4975,-17,68,-834,9116,9592
2011-08-23 00:00:00,RANDOM LENGTH LUMBER ,4139,5018,-2,43,-879,9157,9676
2011-08-30 00:00:00,RANDOM LENGTH LUMBER ,3971,4914,-168,-104,-943,8885,9506
2011-07-05 00:00:00,RANDOM LENGTH LUMBER ,3903,4554,-61,-193,-651,8457,9214
2011-07-12 00:00:00,RANDOM LENGTH LUMBER ,3925,3897,22,-657,28,7822,8835
2011-07-19 00:00:00,RANDOM LENGTH LUMBER ,3826,3821,-99,-76,5,7647,8902
2011-07-26 00:00:00,RANDOM LENGTH LUMBER ,3822,3847,-4,26,-25,7669,9463
2011-06-07 00:00:00,RANDOM LENGTH LUMBER ,4203,4872,-237,26,-669,9075,11067
2011-06-14 00:00:00,RANDOM LENGTH LUMBER ,4194,5129,-9,257,-935,9323,10183
2011-06-21 00:00:00,RANDOM LENGTH LUMBER ,4081,4912,-113,-217,-831,8993,10168
2011-06-28 00:00:00,RANDOM LENGTH LUMBER ,3964,4747,-117,-165,-783,8711,9690
2011-05-03 00:00:00,RANDOM LENGTH LUMBER ,4262,4101,264,415,161,8363,10000
2011-05-10 00:00:00,RANDOM LENGTH LUMBER ,4389,4367,127,266,22,8756,9862
2011-05-17 00:00:00,RANDOM LENGTH LUMBER ,4413,4999,24,632,-586,9412,9966
2011-05-24 00:00:00,RANDOM LENGTH LUMBER ,4485,4997,72,-2,-512,9482,10302
2011-05-31 00:00:00,RANDOM LENGTH LUMBER ,4440,4846,-45,-151,-406,9286,10823
2011-04-05 00:00:00,RANDOM LENGTH LUMBER ,4642,2183,172,569,2459,6825,10112
2011-04-12 00:00:00,RANDOM LENGTH LUMBER ,4125,2732,-517,549,1393,6857,9967
2011-04-19 00:00:00,RANDOM LENGTH LUMBER ,3907,3414,-218,682,493,7321,9708
2011-04-26 00:00:00,RANDOM LENGTH LUMBER ,3998,3686,91,272,312,7684,9335
2011-03-01 00:00:00,RANDOM LENGTH LUMBER ,4481,1569,-257,198,2912,6050,9781
2011-03-08 00:00:00,RANDOM LENGTH LUMBER ,4276,1362,-205,-207,2914,5638,9534
2011-03-15 00:00:00,RANDOM LENGTH LUMBER ,4191,1474,-85,112,2717,5665,9065
2011-03-22 00:00:00,RANDOM LENGTH LUMBER ,4405,1486,214,12,2919,5891,9429
2011-03-29 00:00:00,RANDOM LENGTH LUMBER ,4470,1614,65,128,2856,6084,9748
2011-02-01 00:00:00,RANDOM LENGTH LUMBER ,5251,1392,226,17,3859,6643,10363
2011-02-08 00:00:00,RANDOM LENGTH LUMBER ,5077,1409,-174,17,3668,6486,10178
2011-02-15 00:00:00,RANDOM LENGTH LUMBER ,5199,1397,122,-12,3802,6596,10607
2011-02-22 00:00:00,RANDOM LENGTH LUMBER ,4738,1371,-461,-26,3367,6109,10361
2011-01-04 00:00:00,RANDOM LENGTH LUMBER ,5581,1965,477,-22,3616,7546,11783
2011-01-11 00:00:00,RANDOM LENGTH LUMBER ,5378,1357,-203,-608,4021,6735,11242
2011-01-18 00:00:00,RANDOM LENGTH LUMBER ,5184,1321,-194,-36,3863,6505,11000
2011-01-25 00:00:00,RANDOM LENGTH LUMBER ,5025,1375,-159,54,3650,6400,11046
2010-12-07 00:00:00,RANDOM LENGTH LUMBER ,4073,2706,106,585,1367,6779,9343
2010-12-14 00:00:00,RANDOM LENGTH LUMBER ,4081,2463,8,-243,1618,6544,9278
2010-12-21 00:00:00,RANDOM LENGTH LUMBER ,4388,1612,307,-851,2776,6000,10133
2010-12-28 00:00:00,RANDOM LENGTH LUMBER ,5104,1987,716,375,3117,7091,11117
2010-11-02 00:00:00,RANDOM LENGTH LUMBER ,4113,1822,113,-683,2291,5935,9917
2010-11-09 00:00:00,RANDOM LENGTH LUMBER ,4099,1718,-14,-104,2381,5817,10137
2010-11-16 00:00:00,RANDOM LENGTH LUMBER ,4096,1606,-3,-112,2490,5702,9578
2010-11-23 00:00:00,RANDOM LENGTH LUMBER ,4005,1625,-91,19,2380,5630,9104
2010-11-30 00:00:00,RANDOM LENGTH LUMBER ,3967,2121,-38,496,1846,6088,8483
2010-10-05 00:00:00,RANDOM LENGTH LUMBER ,3822,3026,-181,-6,796,6848,9494
2010-10-12 00:00:00,RANDOM LENGTH LUMBER ,3954,3347,132,321,607,7301,10056
2010-10-19 00:00:00,RANDOM LENGTH LUMBER ,4115,2713,161,-634,1402,6828,9891
2010-10-26 00:00:00,RANDOM LENGTH LUMBER ,4000,2505,-115,-208,1495,6505,9353
2010-09-07 00:00:00,RANDOM LENGTH LUMBER ,3548,4230,19,339,-682,7778,8341
2010-09-14 00:00:00,RANDOM LENGTH LUMBER ,3970,3669,422,-561,301,7639,8541
2010-09-21 00:00:00,RANDOM LENGTH LUMBER ,3877,3618,-93,-51,259,7495,8740
2010-09-28 00:00:00,RANDOM LENGTH LUMBER ,4003,3032,126,-586,971,7035,9399
2010-08-03 00:00:00,RANDOM LENGTH LUMBER ,3728,3993,242,372,-265,7721,10015
2010-08-10 00:00:00,RANDOM LENGTH LUMBER ,3733,4153,5,160,-420,7886,10049
2010-08-17 00:00:00,RANDOM LENGTH LUMBER ,3655,4479,-78,326,-824,8134,9841
2010-08-24 00:00:00,RANDOM LENGTH LUMBER ,3524,3959,-131,-520,-435,7483,8934
2010-08-31 00:00:00,RANDOM LENGTH LUMBER ,3529,3891,5,-68,-362,7420,8650
2010-07-06 00:00:00,RANDOM LENGTH LUMBER ,3690,3564,-78,-53,126,7254,8941
2010-07-13 00:00:00,RANDOM LENGTH LUMBER ,3675,3589,-15,25,86,7264,8504
2010-07-20 00:00:00,RANDOM LENGTH LUMBER ,3559,3479,-116,-110,80,7038,8312
2010-07-27 00:00:00,RANDOM LENGTH LUMBER ,3486,3621,-73,142,-135,7107,8689
2010-06-01 00:00:00,RANDOM LENGTH LUMBER ,3232,1963,81,397,1269,5195,8988
2010-06-08 00:00:00,RANDOM LENGTH LUMBER ,3377,2242,145,279,1135,5619,9656
2010-06-15 00:00:00,RANDOM LENGTH LUMBER ,3458,2754,81,512,704,6212,9361
2010-06-22 00:00:00,RANDOM LENGTH LUMBER ,3510,3343,52,589,167,6853,9442
2010-06-29 00:00:00,RANDOM LENGTH LUMBER ,3768,3617,258,274,151,7385,9384
2010-05-04 00:00:00,RANDOM LENGTH LUMBER ,5002,844,-582,-200,4158,5846,10648
2010-05-11 00:00:00,RANDOM LENGTH LUMBER ,3600,494,-1402,-350,3106,4094,8229
2010-05-18 00:00:00,RANDOM LENGTH LUMBER ,3146,1230,-454,736,1916,4376,7437
2010-05-25 00:00:00,RANDOM LENGTH LUMBER ,3151,1566,5,336,1585,4717,7606
2010-04-06 00:00:00,RANDOM LENGTH LUMBER ,4356,1098,632,450,3258,5454,9816
2010-04-13 00:00:00,RANDOM LENGTH LUMBER ,4748,1029,392,-69,3719,5777,9975
2010-04-20 00:00:00,RANDOM LENGTH LUMBER ,5596,1164,848,135,4432,6760,11078
2010-04-27 00:00:00,RANDOM LENGTH LUMBER ,5584,1044,-12,-120,4540,6628,11045
2010-03-02 00:00:00,RANDOM LENGTH LUMBER ,3758,643,-510,-181,3115,4401,9564
2010-03-09 00:00:00,RANDOM LENGTH LUMBER ,3812,600,54,-43,3212,4412,9495
2010-03-16 00:00:00,RANDOM LENGTH LUMBER ,3679,622,-133,22,3057,4301,9276
2010-03-23 00:00:00,RANDOM LENGTH LUMBER ,3818,640,139,18,3178,4458,9541
2010-03-30 00:00:00,RANDOM LENGTH LUMBER ,3724,648,-94,8,3076,4372,9586
2010-02-02 00:00:00,RANDOM LENGTH LUMBER ,3946,1226,-115,-182,2720,5172,10392
2010-02-09 00:00:00,RANDOM LENGTH LUMBER ,3882,1018,-64,-208,2864,4900,10328
2010-02-16 00:00:00,RANDOM LENGTH LUMBER ,4190,936,308,-82,3254,5126,10596
2010-02-23 00:00:00,RANDOM LENGTH LUMBER ,4268,824,78,-112,3444,5092,9869
2010-01-05 00:00:00,RANDOM LENGTH LUMBER ,4302,1918,17,110,2384,6220,8589
2010-01-12 00:00:00,RANDOM LENGTH LUMBER ,4223,1960,-79,42,2263,6183,9390
2010-01-19 00:00:00,RANDOM LENGTH LUMBER ,4086,1647,-137,-313,2439,5733,10060
2010-01-26 00:00:00,RANDOM LENGTH LUMBER ,4061,1408,-25,-239,2653,5469,10497
2009-12-01 00:00:00,RANDOM LENGTH LUMBER ,4968,2020,187,-543,2948,6988,11433
2009-12-08 00:00:00,RANDOM LENGTH LUMBER ,4728,1512,-240,-508,3216,6240,10050
2009-12-15 00:00:00,RANDOM LENGTH LUMBER ,4494,1291,-234,-221,3203,5785,9415
2009-12-22 00:00:00,RANDOM LENGTH LUMBER ,4314,1534,-180,243,2780,5848,8793
2009-12-29 00:00:00,RANDOM LENGTH LUMBER ,4285,1808,-29,274,2477,6093,8788
2009-11-03 00:00:00,RANDOM LENGTH LUMBER ,4223,3876,427,-632,347,8099,9376
2009-11-09 00:00:00,RANDOM LENGTH LUMBER ,4192,3576,-31,-300,616,7768,9422
2009-11-17 00:00:00,RANDOM LENGTH LUMBER ,4557,2779,365,-797,1778,7336,10596
2009-11-24 00:00:00,RANDOM LENGTH LUMBER ,4781,2563,224,-216,2218,7344,11169
2009-10-06 00:00:00,RANDOM LENGTH LUMBER ,3896,3907,-45,-34,-11,7803,10125
2009-10-13 00:00:00,RANDOM LENGTH LUMBER ,4038,4718,142,811,-680,8756,10007
2009-10-20 00:00:00,RANDOM LENGTH LUMBER ,3795,4412,-243,-306,-617,8207,9124
2009-10-27 00:00:00,RANDOM LENGTH LUMBER ,3796,4508,1,96,-712,8304,9175
2009-09-01 00:00:00,RANDOM LENGTH LUMBER ,3564,3626,61,886,-62,7190,9551
2009-09-08 00:00:00,RANDOM LENGTH LUMBER ,3887,3740,323,114,147,7627,9277
2009-09-15 00:00:00,RANDOM LENGTH LUMBER ,3766,3878,-121,138,-112,7644,8842
2009-09-22 00:00:00,RANDOM LENGTH LUMBER ,3930,3897,164,19,33,7827,9333
2009-09-29 00:00:00,RANDOM LENGTH LUMBER ,3941,3941,11,44,0,7882,10243
2009-08-04 00:00:00,RANDOM LENGTH LUMBER ,3292,2472,148,126,820,5764,9336
2009-08-11 00:00:00,RANDOM LENGTH LUMBER ,3213,2562,-79,90,651,5775,8838
2009-08-18 00:00:00,RANDOM LENGTH LUMBER ,3440,2519,227,-43,921,5959,8855
2009-08-25 00:00:00,RANDOM LENGTH LUMBER ,3503,2740,63,221,763,6243,8632
2009-07-07 00:00:00,RANDOM LENGTH LUMBER ,3164,1098,-55,5,2066,4262,7734
2009-07-14 00:00:00,RANDOM LENGTH LUMBER ,3080,1790,-84,692,1290,4870,7551
2009-07-21 00:00:00,RANDOM LENGTH LUMBER ,3318,2509,238,719,809,5827,7818
2009-07-28 00:00:00,RANDOM LENGTH LUMBER ,3144,2346,-174,-163,798,5490,8612
2009-06-02 00:00:00,RANDOM LENGTH LUMBER ,3466,2442,211,-1270,1024,5908,9275
2009-06-09 00:00:00,RANDOM LENGTH LUMBER ,3653,2142,187,-300,1511,5795,9096
2009-06-16 00:00:00,RANDOM LENGTH LUMBER ,3604,1929,-49,-213,1675,5533,9077
2009-06-23 00:00:00,RANDOM LENGTH LUMBER ,3460,1450,-144,-479,2010,4910,8991
2009-06-30 00:00:00,RANDOM LENGTH LUMBER ,3219,1093,-241,-357,2126,4312,8273
2009-05-05 00:00:00,RANDOM LENGTH LUMBER ,3196,3706,119,482,-510,6902,8007
2009-05-12 00:00:00,RANDOM LENGTH LUMBER ,3368,3546,172,-160,-178,6914,7556
2009-05-19 00:00:00,RANDOM LENGTH LUMBER ,3193,3499,-175,-47,-306,6692,7583
2009-05-26 00:00:00,RANDOM LENGTH LUMBER ,3255,3712,62,213,-457,6967,7863
2009-04-07 00:00:00,RANDOM LENGTH LUMBER ,2869,3134,54,-157,-265,6003,7788
2009-04-14 00:00:00,RANDOM LENGTH LUMBER ,2864,2904,-5,-230,-40,5768,7617
2009-04-21 00:00:00,RANDOM LENGTH LUMBER ,2788,2836,-76,-68,-48,5624,7194
2009-04-28 00:00:00,RANDOM LENGTH LUMBER ,3077,3224,289,388,-147,6301,8102
2009-03-03 00:00:00,RANDOM LENGTH LUMBER ,2309,3586,-408,-126,-1277,5895,7757
2009-03-10 00:00:00,RANDOM LENGTH LUMBER ,2329,3190,20,-396,-861,5519,6685
2009-03-17 00:00:00,RANDOM LENGTH LUMBER ,2468,3204,139,14,-736,5672,6454
2009-03-24 00:00:00,RANDOM LENGTH LUMBER ,2471,3459,3,255,-988,5930,6613
2009-03-31 00:00:00,RANDOM LENGTH LUMBER ,2815,3291,344,-168,-476,6106,7945
2009-02-03 00:00:00,RANDOM LENGTH LUMBER ,2630,3935,-94,-91,-1305,6565,8197
2009-02-10 00:00:00,RANDOM LENGTH LUMBER ,2681,3667,51,-268,-986,6348,7946
2009-02-17 00:00:00,RANDOM LENGTH LUMBER ,2756,3653,75,-14,-897,6409,7725
2009-02-24 00:00:00,RANDOM LENGTH LUMBER ,2717,3712,-39,59,-995,6429,8137
2009-01-06 00:00:00,RANDOM LENGTH LUMBER ,2567,3895,92,99,-1328,6462,7835
2009-01-13 00:00:00,RANDOM LENGTH LUMBER ,2749,3767,182,-128,-1018,6516,7901
2009-01-20 00:00:00,RANDOM LENGTH LUMBER ,2667,3978,-82,211,-1311,6645,7789
2009-01-27 00:00:00,RANDOM LENGTH LUMBER ,2724,4026,57,48,-1302,6750,8114
2008-12-02 00:00:00,RANDOM LENGTH LUMBER ,2717,3715,-225,11,-998,6432,8824
2008-12-09 00:00:00,RANDOM LENGTH LUMBER ,2801,3749,84,34,-948,6550,7849
2008-12-16 00:00:00,RANDOM LENGTH LUMBER ,2711,4307,-90,558,-1596,7018,8172
2008-12-22 00:00:00,RANDOM LENGTH LUMBER ,2601,3763,-110,-544,-1162,6364,8158
2008-12-30 00:00:00,RANDOM LENGTH LUMBER ,2475,3796,-126,33,-1321,6271,7951
2008-11-04 00:00:00,RANDOM LENGTH LUMBER ,2484,3834,-231,-669,-1350,6318,8264
2008-11-11 00:00:00,RANDOM LENGTH LUMBER ,2854,3703,370,-131,-849,6557,7622
2008-11-18 00:00:00,RANDOM LENGTH LUMBER ,2891,3702,37,-1,-811,6593,7501
2008-11-25 00:00:00,RANDOM LENGTH LUMBER ,2942,3704,51,2,-762,6646,7802
2008-10-07 00:00:00,RANDOM LENGTH LUMBER ,3056,4739,-574,-400,-1683,7795,10237
2008-10-14 00:00:00,RANDOM LENGTH LUMBER ,2783,4386,-273,-353,-1603,7169,9208
2008-10-21 00:00:00,RANDOM LENGTH LUMBER ,2830,4530,47,144,-1700,7360,8844
2008-10-28 00:00:00,RANDOM LENGTH LUMBER ,2715,4503,-115,-27,-1788,7218,8914
2008-09-02 00:00:00,RANDOM LENGTH LUMBER ,3613,3983,-239,270,-370,7596,12831
2008-09-09 00:00:00,RANDOM LENGTH LUMBER ,3864,4883,251,900,-1019,8747,12436
2008-09-16 00:00:00,RANDOM LENGTH LUMBER ,4132,5253,268,370,-1121,9385,11935
2008-09-23 00:00:00,RANDOM LENGTH LUMBER ,4286,5380,154,127,-1094,9666,11938
2008-09-30 00:00:00,RANDOM LENGTH LUMBER ,3630,5139,-656,-241,-1509,8769,11058
2008-08-05 00:00:00,RANDOM LENGTH LUMBER ,3957,4716,122,-580,-759,8673,14036
2008-08-12 00:00:00,RANDOM LENGTH LUMBER ,4365,4644,408,-72,-279,9009,14795
2008-08-19 00:00:00,RANDOM LENGTH LUMBER ,4217,4030,-148,-614,187,8247,14386
2008-08-26 00:00:00,RANDOM LENGTH LUMBER ,3852,3713,-365,-317,139,7565,13238
2008-07-01 00:00:00,RANDOM LENGTH LUMBER ,4482,5406,8,473,-924,9888,14813
2008-07-08 00:00:00,RANDOM LENGTH LUMBER ,4043,5413,-439,7,-1370,9456,14662
2008-07-15 00:00:00,RANDOM LENGTH LUMBER ,3895,5442,-148,29,-1547,9337,13997
2008-07-22 00:00:00,RANDOM LENGTH LUMBER ,3850,5708,-45,266,-1858,9558,14253
2008-07-29 00:00:00,RANDOM LENGTH LUMBER ,3835,5296,-15,-412,-1461,9131,14562
2008-06-03 00:00:00,RANDOM LENGTH LUMBER ,4558,4655,-53,176,-97,9213,14828
2008-06-10 00:00:00,RANDOM LENGTH LUMBER ,4851,5183,293,528,-332,10034,14741
2008-06-17 00:00:00,RANDOM LENGTH LUMBER ,4527,5148,-324,-35,-621,9675,14166
2008-06-24 00:00:00,RANDOM LENGTH LUMBER ,4474,4933,-53,-215,-459,9407,14153
2008-05-06 00:00:00,RANDOM LENGTH LUMBER ,4312,4535,51,169,-223,8847,14351
2008-05-13 00:00:00,RANDOM LENGTH LUMBER ,4665,4712,353,177,-47,9377,14900
2008-05-20 00:00:00,RANDOM LENGTH LUMBER ,4924,4917,259,205,7,9841,14681
2008-05-27 00:00:00,RANDOM LENGTH LUMBER ,4611,4479,-313,-438,132,9090,15434
2008-04-01 00:00:00,RANDOM LENGTH LUMBER ,4486,4343,-734,256,143,8829,15224
2008-04-08 00:00:00,RANDOM LENGTH LUMBER ,4255,3803,-231,-540,452,8058,14818
2008-04-15 00:00:00,RANDOM LENGTH LUMBER ,4197,3898,-58,95,299,8095,14567
2008-04-22 00:00:00,RANDOM LENGTH LUMBER ,4295,4294,98,396,1,8589,14263
2008-04-29 00:00:00,RANDOM LENGTH LUMBER ,4261,4366,-34,72,-105,8627,14777
2008-03-04 00:00:00,RANDOM LENGTH LUMBER ,5437,4523,176,-35,914,9960,13689
2008-03-11 00:00:00,RANDOM LENGTH LUMBER ,5472,4727,35,204,745,10199,13094
2008-03-18 00:00:00,RANDOM LENGTH LUMBER ,5591,3738,119,-989,1853,9329,13225
2008-03-25 00:00:00,RANDOM LENGTH LUMBER ,5220,4087,-371,349,1133,9307,13326
2008-02-05 00:00:00,RANDOM LENGTH LUMBER ,4743,4675,394,22,68,9418,13147
2008-02-12 00:00:00,RANDOM LENGTH LUMBER ,4914,4548,171,-127,366,9462,13491
2008-02-19 00:00:00,RANDOM LENGTH LUMBER ,5134,4650,220,102,484,9784,13376
2008-02-26 00:00:00,RANDOM LENGTH LUMBER ,5261,4558,127,-92,703,9819,13011
2008-01-08 00:00:00,RANDOM LENGTH LUMBER ,4166,4711,132,14,-545,8877,9131
2008-01-15 00:00:00,RANDOM LENGTH LUMBER ,4004,4671,-162,-40,-667,8675,9397
2008-01-22 00:00:00,RANDOM LENGTH LUMBER ,4283,4742,279,71,-459,9025,10019
2008-01-29 00:00:00,RANDOM LENGTH LUMBER ,4349,4653,66,-89,-304,9002,10693
2007-12-04 00:00:00,RANDOM LENGTH LUMBER ,3921,3947,-407,305,-26,7868,10470
2007-12-11 00:00:00,RANDOM LENGTH LUMBER ,3965,4325,44,378,-360,8290,10367
2007-12-18 00:00:00,RANDOM LENGTH LUMBER ,3877,4338,-88,13,-461,8215,9036
2007-12-24 00:00:00,RANDOM LENGTH LUMBER ,4007,4416,130,78,-409,8423,9348
2007-12-31 00:00:00,RANDOM LENGTH LUMBER ,4034,4697,27,281,-663,8731,9373
2007-11-06 00:00:00,RANDOM LENGTH LUMBER ,4484,4707,97,49,-223,9191,8958
2007-11-13 00:00:00,RANDOM LENGTH LUMBER ,4486,4104,2,-603,382,8590,8650
2007-11-20 00:00:00,RANDOM LENGTH LUMBER ,4361,3784,-125,-320,577,8145,8861
2007-11-27 00:00:00,RANDOM LENGTH LUMBER ,4328,3642,-33,-142,686,7970,8932
2007-10-02 00:00:00,RANDOM LENGTH LUMBER ,3666,4044,463,213,-378,7710,9641
2007-10-09 00:00:00,RANDOM LENGTH LUMBER ,4136,4047,470,3,89,8183,9752
2007-10-16 00:00:00,RANDOM LENGTH LUMBER ,4349,4280,213,233,69,8629,9192
2007-10-23 00:00:00,RANDOM LENGTH LUMBER ,4320,4373,-29,93,-53,8693,8847
2007-10-30 00:00:00,RANDOM LENGTH LUMBER ,4387,4658,67,285,-271,9045,8991
2007-09-04 00:00:00,RANDOM LENGTH LUMBER ,2191,2823,-240,244,-632,5014,6104
2007-09-11 00:00:00,RANDOM LENGTH LUMBER ,2337,3010,146,187,-673,5347,5808
2007-09-18 00:00:00,RANDOM LENGTH LUMBER ,2469,3343,132,333,-874,5812,6049
2007-09-25 00:00:00,RANDOM LENGTH LUMBER ,3203,3831,734,488,-628,7034,7327
2007-08-07 00:00:00,RANDOM LENGTH LUMBER ,2707,2318,109,243,389,5025,8391
2007-08-14 00:00:00,RANDOM LENGTH LUMBER ,2167,2443,-540,125,-276,4610,7971
2007-08-21 00:00:00,RANDOM LENGTH LUMBER ,2229,2060,62,-383,169,4289,7618
2007-08-28 00:00:00,RANDOM LENGTH LUMBER ,2431,2579,202,519,-148,5010,6830
2007-07-03 00:00:00,RANDOM LENGTH LUMBER ,2754,2054,-87,-220,700,4808,7484
2007-07-10 00:00:00,RANDOM LENGTH LUMBER ,2822,1950,68,-104,872,4772,7130
2007-07-17 00:00:00,RANDOM LENGTH LUMBER ,2624,1762,-198,-188,862,4386,6946
2007-07-24 00:00:00,RANDOM LENGTH LUMBER ,2574,1897,-50,135,677,4471,6904
2007-07-31 00:00:00,RANDOM LENGTH LUMBER ,2598,2075,24,178,523,4673,8103
2007-06-05 00:00:00,RANDOM LENGTH LUMBER ,2661,2745,-83,-519,-84,5406,8005
2007-06-12 00:00:00,RANDOM LENGTH LUMBER ,2706,2654,45,-91,52,5360,8330
2007-06-19 00:00:00,RANDOM LENGTH LUMBER ,2753,2302,47,-352,451,5055,8239
2007-06-26 00:00:00,RANDOM LENGTH LUMBER ,2841,2274,88,-28,567,5115,7935
2007-05-01 00:00:00,RANDOM LENGTH LUMBER ,2914,3977,-38,108,-1063,6891,8817
2007-05-08 00:00:00,RANDOM LENGTH LUMBER ,2961,4136,47,159,-1175,7097,8192
2007-05-15 00:00:00,RANDOM LENGTH LUMBER ,2654,3986,-307,-150,-1332,6640,7181
2007-05-22 00:00:00,RANDOM LENGTH LUMBER ,2698,3684,44,-302,-986,6382,7219
2007-05-29 00:00:00,RANDOM LENGTH LUMBER ,2744,3264,46,-420,-520,6008,7659
2007-04-03 00:00:00,RANDOM LENGTH LUMBER ,2523,4011,-108,274,-1488,6534,9021
2007-04-10 00:00:00,RANDOM LENGTH LUMBER ,2531,3993,8,-18,-1462,6524,8491
2007-04-17 00:00:00,RANDOM LENGTH LUMBER ,2871,3999,340,6,-1128,6870,8467
2007-04-24 00:00:00,RANDOM LENGTH LUMBER ,2952,3869,81,-130,-917,6821,8710
2007-03-06 00:00:00,RANDOM LENGTH LUMBER ,2547,3363,-26,-253,-816,5910,7042
2007-03-13 00:00:00,RANDOM LENGTH LUMBER ,2494,3361,-53,-2,-867,5855,7562
2007-03-20 00:00:00,RANDOM LENGTH LUMBER ,2454,3495,-40,134,-1041,5949,7820
2007-03-27 00:00:00,RANDOM LENGTH LUMBER ,2631,3737,177,242,-1106,6368,8126
2007-02-06 00:00:00,RANDOM LENGTH LUMBER ,2803,4188,160,236,-1385,6991,8733
2007-02-13 00:00:00,RANDOM LENGTH LUMBER ,2451,3869,-352,-319,-1418,6320,7777
2007-02-20 00:00:00,RANDOM LENGTH LUMBER ,2345,3646,-106,-223,-1301,5991,6929
2007-02-27 00:00:00,RANDOM LENGTH LUMBER ,2573,3616,228,-30,-1043,6189,7049
2007-01-03 00:00:00,RANDOM LENGTH LUMBER ,1877,2888,-254,-306,-1011,4765,5795
2007-01-09 00:00:00,RANDOM LENGTH LUMBER ,2066,2453,189,-435,-387,4519,5972
2007-01-16 00:00:00,RANDOM LENGTH LUMBER ,1997,2434,-69,-19,-437,4431,5921
2007-01-23 00:00:00,RANDOM LENGTH LUMBER ,2558,3612,561,1178,-1054,6170,6623
2007-01-30 00:00:00,RANDOM LENGTH LUMBER ,2643,3952,85,340,-1309,6595,7469
2006-12-05 00:00:00,RANDOM LENGTH LUMBER ,2387,2974,116,488,-587,5361,7491
2006-12-12 00:00:00,RANDOM LENGTH LUMBER ,2386,2991,-1,17,-605,5377,7465
2006-12-19 00:00:00,RANDOM LENGTH LUMBER ,2088,3134,-298,143,-1046,5222,6707
2006-12-26 00:00:00,RANDOM LENGTH LUMBER ,2131,3194,43,60,-1063,5325,6534
2006-11-07 00:00:00,RANDOM LENGTH LUMBER ,2123,2531,144,6,-408,4654,6146
2006-11-14 00:00:00,RANDOM LENGTH LUMBER ,2182,2469,59,-62,-287,4651,5933
2006-11-21 00:00:00,RANDOM LENGTH LUMBER ,2264,2446,82,-23,-182,4710,6046
2006-11-28 00:00:00,RANDOM LENGTH LUMBER ,2271,2486,7,40,-215,4757,6260
2006-10-03 00:00:00,RANDOM LENGTH LUMBER ,2818,2934,-102,60,-116,5752,6490
2006-10-10 00:00:00,RANDOM LENGTH LUMBER ,2612,2741,-206,-193,-129,5353,6210
2006-10-17 00:00:00,RANDOM LENGTH LUMBER ,2777,2533,165,-208,244,5310,6444
2006-10-24 00:00:00,RANDOM LENGTH LUMBER ,2970,2554,193,21,416,5524,6542
2006-10-31 00:00:00,RANDOM LENGTH LUMBER ,1979,2525,-991,-29,-546,4504,6129
2006-09-05 00:00:00,RANDOM LENGTH LUMBER ,2631,2267,-66,30,364,4898,5822
2006-09-12 00:00:00,RANDOM LENGTH LUMBER ,2838,2468,207,201,370,5306,5581
2006-09-19 00:00:00,RANDOM LENGTH LUMBER ,2944,2578,106,110,366,5522,5858
2006-09-26 00:00:00,RANDOM LENGTH LUMBER ,2920,2874,-24,296,46,5794,6420
2006-08-01 00:00:00,RANDOM LENGTH LUMBER ,2723,2766,145,57,-43,5489,6733
2006-08-08 00:00:00,RANDOM LENGTH LUMBER ,2843,2814,120,48,29,5657,6617
2006-08-15 00:00:00,RANDOM LENGTH LUMBER ,3088,2897,245,83,191,5985,6509
2006-08-22 00:00:00,RANDOM LENGTH LUMBER ,2947,2630,-141,-267,317,5577,6176
2006-08-29 00:00:00,RANDOM LENGTH LUMBER ,2697,2237,-250,-393,460,4934,6112
2006-07-03 00:00:00,RANDOM LENGTH LUMBER ,2634,2535,109,349,99,5169,5026
2006-07-11 00:00:00,RANDOM LENGTH LUMBER ,2567,2631,-67,96,-64,5198,5032
2006-07-18 00:00:00,RANDOM LENGTH LUMBER ,2669,2670,102,39,-1,5339,5175
2006-07-25 00:00:00,RANDOM LENGTH LUMBER ,2578,2709,-91,39,-131,5287,5446
2006-06-06 00:00:00,RANDOM LENGTH LUMBER ,2502,1971,271,648,531,4473,5550
2006-06-13 00:00:00,RANDOM LENGTH LUMBER ,2336,2171,-166,200,165,4507,5568
2006-06-20 00:00:00,RANDOM LENGTH LUMBER ,2312,2050,-24,-121,262,4362,5457
2006-06-27 00:00:00,RANDOM LENGTH LUMBER ,2525,2186,213,136,339,4711,5266
2006-05-02 00:00:00,RANDOM LENGTH LUMBER ,2605,944,514,-281,1661,3549,4927
2006-05-09 00:00:00,RANDOM LENGTH LUMBER ,2296,788,-309,-156,1508,3084,4332
2006-05-16 00:00:00,RANDOM LENGTH LUMBER ,2367,959,71,171,1408,3326,4528
2006-05-23 00:00:00,RANDOM LENGTH LUMBER ,2278,1132,-89,173,1146,3410,4240
2006-05-30 00:00:00,RANDOM LENGTH LUMBER ,2231,1323,-47,191,908,3554,4979
2006-04-04 00:00:00,RANDOM LENGTH LUMBER ,1753,866,179,-48,887,2619,5075
2006-04-11 00:00:00,RANDOM LENGTH LUMBER ,1796,778,43,-88,1018,2574,4789
2006-04-18 00:00:00,RANDOM LENGTH LUMBER ,1934,1062,138,284,872,2996,4906
2006-04-25 00:00:00,RANDOM LENGTH LUMBER ,2091,1225,157,163,866,3316,5134
2006-03-07 00:00:00,RANDOM LENGTH LUMBER ,1675,535,12,-141,1140,2210,4137
2006-03-14 00:00:00,RANDOM LENGTH LUMBER ,1652,704,-23,169,948,2356,3944
2006-03-21 00:00:00,RANDOM LENGTH LUMBER ,1508,815,-144,111,693,2323,3944
2006-03-28 00:00:00,RANDOM LENGTH LUMBER ,1574,914,66,99,660,2488,4160
2006-02-07 00:00:00,RANDOM LENGTH LUMBER ,1950,293,6,111,1657,2243,5408
2006-02-14 00:00:00,RANDOM LENGTH LUMBER ,1763,345,-187,52,1418,2108,5058
2006-02-21 00:00:00,RANDOM LENGTH LUMBER ,1801,465,38,120,1336,2266,5049
2006-02-28 00:00:00,RANDOM LENGTH LUMBER ,1663,676,-138,211,987,2339,4656
2006-01-03 00:00:00,RANDOM LENGTH LUMBER ,2472,178,76,-206,2294,2650,5318
2006-01-10 00:00:00,RANDOM LENGTH LUMBER ,3479,261,1007,83,3218,3740,6457
2006-01-17 00:00:00,RANDOM LENGTH LUMBER ,3340,191,-139,-70,3149,3531,6500
2006-01-24 00:00:00,RANDOM LENGTH LUMBER ,2163,186,-1177,-5,1977,2349,5685
2006-01-31 00:00:00,RANDOM LENGTH LUMBER ,1944,182,-219,-4,1762,2126,5719
2005-12-06 00:00:00,RANDOM LENGTH LUMBER ,2297,126,-120,-114,2171,2423,4983
2005-12-13 00:00:00,RANDOM LENGTH LUMBER ,2020,357,-277,231,1663,2377,5088
2005-12-20 00:00:00,RANDOM LENGTH LUMBER ,2079,400,59,43,1679,2479,5113
2005-12-27 00:00:00,RANDOM LENGTH LUMBER ,2396,384,317,-16,2012,2780,5493
2005-11-01 00:00:00,RANDOM LENGTH LUMBER ,1470,555,502,-208,915,2025,3679
2005-11-08 00:00:00,RANDOM LENGTH LUMBER ,2058,308,588,-247,1750,2366,4475
2005-11-15 00:00:00,RANDOM LENGTH LUMBER ,2533,225,475,-83,2308,2758,4898
2005-11-22 00:00:00,RANDOM LENGTH LUMBER ,2468,159,-65,-66,2309,2627,5196
2005-11-29 00:00:00,RANDOM LENGTH LUMBER ,2417,240,-51,81,2177,2657,5296
2005-10-04 00:00:00,RANDOM LENGTH LUMBER ,1184,773,-59,-275,411,1957,3968
2005-10-11 00:00:00,RANDOM LENGTH LUMBER ,1101,872,-83,99,229,1973,3883
2005-10-18 00:00:00,RANDOM LENGTH LUMBER ,1048,975,-53,103,73,2023,3896
2005-10-25 00:00:00,RANDOM LENGTH LUMBER ,968,763,-80,-212,205,1731,3814
2005-09-06 00:00:00,RANDOM LENGTH LUMBER ,1048,1605,-11,-300,-557,2653,4038
2005-09-13 00:00:00,RANDOM LENGTH LUMBER ,1326,1641,278,36,-315,2967,3882
2005-09-20 00:00:00,RANDOM LENGTH LUMBER ,1230,1517,-96,-124,-287,2747,3809
2005-09-27 00:00:00,RANDOM LENGTH LUMBER ,1243,1048,13,-469,195,2291,3808
2005-08-02 00:00:00,RANDOM LENGTH LUMBER ,1116,1228,185,169,-112,2344,4102
2005-08-09 00:00:00,RANDOM LENGTH LUMBER ,1102,1132,-14,-96,-30,2234,4200
2005-08-16 00:00:00,RANDOM LENGTH LUMBER ,978,1350,-124,218,-372,2328,4145
2005-08-23 00:00:00,RANDOM LENGTH LUMBER ,995,1831,17,481,-836,2826,4198
2005-07-05 00:00:00,RANDOM LENGTH LUMBER ,887,801,-174,3,86,1688,3408
2005-07-12 00:00:00,RANDOM LENGTH LUMBER ,877,942,-10,141,-65,1819,3596
2005-07-19 00:00:00,RANDOM LENGTH LUMBER ,969,820,92,-122,149,1789,3216
2005-07-26 00:00:00,RANDOM LENGTH LUMBER ,931,1059,-38,239,-128,1990,3541
2005-06-07 00:00:00,RANDOM LENGTH LUMBER ,1233,501,-26,110,732,1734,3419
2005-06-14 00:00:00,RANDOM LENGTH LUMBER ,1176,655,-57,154,521,1831,3640
2005-06-21 00:00:00,RANDOM LENGTH LUMBER ,1091,664,-85,9,427,1755,3587
2005-06-28 00:00:00,RANDOM LENGTH LUMBER ,1061,798,-30,134,263,1859,3720
2005-05-03 00:00:00,RANDOM LENGTH LUMBER ,1238,371,2,-160,867,1609,3932
2005-05-10 00:00:00,RANDOM LENGTH LUMBER ,1075,322,-163,-49,753,1397,3399
2005-05-17 00:00:00,RANDOM LENGTH LUMBER ,1160,385,85,63,775,1545,3265
2005-05-24 00:00:00,RANDOM LENGTH LUMBER ,1178,464,18,79,714,1642,3408
2005-05-31 00:00:00,RANDOM LENGTH LUMBER ,1259,391,81,-73,868,1650,3509
2005-04-05 00:00:00,RANDOM LENGTH LUMBER ,1812,576,-171,64,1236,2388,5244
2005-04-12 00:00:00,RANDOM LENGTH LUMBER ,1490,515,-322,-61,975,2005,4784
2005-04-19 00:00:00,RANDOM LENGTH LUMBER ,1373,438,-117,-77,935,1811,4481
2005-04-26 00:00:00,RANDOM LENGTH LUMBER ,1236,531,-137,93,705,1767,4444
2005-03-01 00:00:00,RANDOM LENGTH LUMBER ,2126,295,98,-83,1831,2421,5199
2005-03-08 00:00:00,RANDOM LENGTH LUMBER ,2034,404,-92,109,1630,2438,5104
2005-03-15 00:00:00,RANDOM LENGTH LUMBER ,1985,438,-49,34,1547,2423,4824
2005-03-22 00:00:00,RANDOM LENGTH LUMBER ,1891,519,-94,81,1372,2410,5022
2005-03-29 00:00:00,RANDOM LENGTH LUMBER ,1983,512,92,-7,1471,2495,5023
2005-02-01 00:00:00,RANDOM LENGTH LUMBER ,1697,368,184,56,1329,2065,4352
2005-02-08 00:00:00,RANDOM LENGTH LUMBER ,2225,475,528,107,1750,2700,5295
2005-02-15 00:00:00,RANDOM LENGTH LUMBER ,2157,394,-68,-81,1763,2551,5325
2005-02-22 00:00:00,RANDOM LENGTH LUMBER ,2028,378,-129,-16,1650,2406,5258
2005-01-04 00:00:00,RANDOM LENGTH LUMBER ,1238,625,424,-67,613,1863,3628
2005-01-11 00:00:00,RANDOM LENGTH LUMBER ,1411,620,173,-5,791,2031,3717
2005-01-18 00:00:00,RANDOM LENGTH LUMBER ,1262,658,-149,38,604,1920,3521
2005-01-25 00:00:00,RANDOM LENGTH LUMBER ,1513,312,251,-346,1201,1825,3904
2021-07-13,RANDOM LENGTH LUMBER ,298,278,-35,155,20,576,2181
2021-07-06,RANDOM LENGTH LUMBER ,333,123,-34,-39,210,456,2236
2021-06-01,RANDOM LENGTH LUMBER ,251,278,17,54,-27,529,2259
2021-06-08,RANDOM LENGTH LUMBER ,291,248,40,-30,43,539,2268
2021-06-15,RANDOM LENGTH LUMBER ,303,248,12,0,55,551,2329
2021-06-22,RANDOM LENGTH LUMBER ,290,246,-13,-2,44,536,2067
2021-06-29,RANDOM LENGTH LUMBER ,367,162,77,-84,205,529,2128
2021-05-04,RANDOM LENGTH LUMBER ,409,259,16,-49,150,668,2539
2021-05-11,RANDOM LENGTH LUMBER ,331,295,-78,36,36,626,2230
2021-05-18,RANDOM LENGTH LUMBER ,257,274,-74,-21,-17,531,2211
2021-05-25,RANDOM LENGTH LUMBER ,234,224,-23,-50,10,458,2168
2021-04-06,RANDOM LENGTH LUMBER ,677,245,15,-88,432,922,2980
2021-04-13,RANDOM LENGTH LUMBER ,560,130,-117,-115,430,690,2814
2021-04-20,RANDOM LENGTH LUMBER ,509,262,-51,132,247,771,2824
2021-04-27,RANDOM LENGTH LUMBER ,393,308,-116,46,85,701,2684
2021-03-02,RANDOM LENGTH LUMBER ,698,264,-149,-116,434,962,3134
2021-03-09,RANDOM LENGTH LUMBER ,687,293,-11,29,394,980,3056
2021-03-16,RANDOM LENGTH LUMBER ,664,237,-23,-56,427,901,3059
2021-03-23,RANDOM LENGTH LUMBER ,726,253,62,16,473,979,3091
2021-03-30,RANDOM LENGTH LUMBER ,662,333,-64,80,329,995,3116
2021-02-02,RANDOM LENGTH LUMBER ,916,305,48,27,611,1221,2786
2021-02-09,RANDOM LENGTH LUMBER ,904,279,-12,-26,625,1183,2805
2021-02-16,RANDOM LENGTH LUMBER ,936,354,32,75,582,1290,3170
2021-02-23,RANDOM LENGTH LUMBER ,847,380,-89,26,467,1227,3293
2021-01-05,RANDOM LENGTH LUMBER ,855,299,162,-75,556,1154,2874
2021-01-12,RANDOM LENGTH LUMBER ,960,268,105,-31,692,1228,2723
2021-01-19,RANDOM LENGTH LUMBER ,941,270,-19,2,671,1211,2699
2021-01-26,RANDOM LENGTH LUMBER ,868,278,-73,8,590,1146,2773
2020-12-01,RANDOM LENGTH LUMBER ,839,321,54,-26,518,1160,3033
2020-12-08,RANDOM LENGTH LUMBER ,726,347,-113,26,379,1073,2936
2020-12-15,RANDOM LENGTH LUMBER ,779,360,53,13,419,1139,3083
2020-12-21,RANDOM LENGTH LUMBER ,707,386,-72,26,321,1093,3098
2020-12-29,RANDOM LENGTH LUMBER ,693,374,-14,-12,319,1067,3032
2020-11-03,RANDOM LENGTH LUMBER ,492,264,-34,-27,228,756,2648
2020-11-10,RANDOM LENGTH LUMBER ,602,284,110,20,318,886,2723
2020-11-17,RANDOM LENGTH LUMBER ,758,322,156,38,436,1080,2906
2020-11-24,RANDOM LENGTH LUMBER ,785,347,27,25,438,1132,3029
2020-10-06,RANDOM LENGTH LUMBER ,676,371,-61,-2,305,1047,3569
2020-10-13,RANDOM LENGTH LUMBER ,594,323,-82,-48,271,917,3433
2020-10-20,RANDOM LENGTH LUMBER ,521,296,-73,-27,225,817,3275
2020-10-27,RANDOM LENGTH LUMBER ,526,291,5,-5,235,817,3002
2020-09-01,RANDOM LENGTH LUMBER ,1238,433,-34,-446,805,1671,4180
2020-09-08,RANDOM LENGTH LUMBER ,1280,439,42,6,841,1719,3891
2020-09-15,RANDOM LENGTH LUMBER ,836,313,-444,-126,523,1149,3513
2020-09-22,RANDOM LENGTH LUMBER ,681,382,-155,69,299,1063,3505
2020-09-29,RANDOM LENGTH LUMBER ,737,373,56,-9,364,1110,3565
2020-08-04,RANDOM LENGTH LUMBER ,1122,777,80,19,345,1899,4338
2020-08-11,RANDOM LENGTH LUMBER ,1286,744,164,-33,542,2030,4346
2020-08-18,RANDOM LENGTH LUMBER ,1357,819,71,75,538,2176,4775
2020-08-25,RANDOM LENGTH LUMBER ,1272,879,-85,60,393,2151,4626
2020-07-07,RANDOM LENGTH LUMBER ,716,339,-30,-3,377,1055,2951
2020-07-14,RANDOM LENGTH LUMBER ,851,402,135,63,449,1253,3589
2020-07-21,RANDOM LENGTH LUMBER ,1087,606,236,204,481,1693,4000
2020-07-28,RANDOM LENGTH LUMBER ,1042,758,-45,152,284,1800,4178
2020-06-02,RANDOM LENGTH LUMBER ,470,441,33,-92,29,911,2561
2020-06-09,RANDOM LENGTH LUMBER ,420,457,-50,16,-37,877,2527
2020-06-16,RANDOM LENGTH LUMBER ,422,386,2,-71,36,808,2371
2020-06-23,RANDOM LENGTH LUMBER ,651,440,229,54,211,1091,2485
2020-06-30,RANDOM LENGTH LUMBER ,746,342,95,-98,404,1088,2620
2020-05-05,RANDOM LENGTH LUMBER ,271,784,63,20,-513,1055,2680
2020-05-12,RANDOM LENGTH LUMBER ,301,637,30,-147,-336,938,2596
2020-05-19,RANDOM LENGTH LUMBER ,372,636,71,-1,-264,1008,2576
2020-05-26,RANDOM LENGTH LUMBER ,437,533,65,-103,-96,970,2559
2020-04-07,RANDOM LENGTH LUMBER ,202,829,-59,-18,-627,1031,2805
2020-04-14,RANDOM LENGTH LUMBER ,218,816,16,-13,-598,1034,2752
2020-04-21,RANDOM LENGTH LUMBER ,223,738,5,-78,-515,961,2663
2020-04-28,RANDOM LENGTH LUMBER ,208,764,-15,26,-556,972,2766
2020-03-03,RANDOM LENGTH LUMBER ,1442,585,-919,-221,857,2027,3478
2020-03-10,RANDOM LENGTH LUMBER ,866,702,-576,117,164,1568,3187
2020-03-17,RANDOM LENGTH LUMBER ,355,595,-511,-107,-240,950,2664
2020-03-24,RANDOM LENGTH LUMBER ,386,769,31,174,-383,1155,2752
2020-03-31,RANDOM LENGTH LUMBER ,261,847,-125,78,-586,1108,2824
2020-02-04,RANDOM LENGTH LUMBER ,1534,708,-85,2,826,2242,3359
2020-02-11,RANDOM LENGTH LUMBER ,1869,818,335,110,1051,2687,4030
2020-02-18,RANDOM LENGTH LUMBER ,2150,840,281,22,1310,2990,4298
2020-02-25,RANDOM LENGTH LUMBER ,2361,806,211,-34,1555,3167,4532
2020-01-07,RANDOM LENGTH LUMBER ,1638,627,11,85,1011,2265,3330
2020-01-14,RANDOM LENGTH LUMBER ,1488,580,-150,-47,908,2068,3260
2020-01-21,RANDOM LENGTH LUMBER ,1553,674,65,94,879,2227,3236
2020-01-28,RANDOM LENGTH LUMBER ,1619,706,66,32,913,2325,3267
2019-12-03,RANDOM LENGTH LUMBER ,1635,572,36,-52,1063,2207,3225
2019-12-10,RANDOM LENGTH LUMBER ,1511,602,-124,30,909,2113,3260
2019-12-17,RANDOM LENGTH LUMBER ,1521,638,10,36,883,2159,3158
2019-12-31,RANDOM LENGTH LUMBER ,1627,542,11,-120,1085,2169,3277
2019-11-05,RANDOM LENGTH LUMBER ,1517,642,245,-198,875,2159,3149
2019-11-12,RANDOM LENGTH LUMBER ,1435,564,-82,-78,871,1999,2928
2019-11-19,RANDOM LENGTH LUMBER ,1485,535,50,-29,950,2020,3048
2019-11-26,RANDOM LENGTH LUMBER ,1599,624,114,89,975,2223,3317
2019-10-01,RANDOM LENGTH LUMBER ,597,834,-74,-18,-237,1431,2157
2019-10-08,RANDOM LENGTH LUMBER ,555,773,-42,-61,-218,1328,2264
2019-10-15,RANDOM LENGTH LUMBER ,658,735,103,-38,-77,1393,2327
2019-10-22,RANDOM LENGTH LUMBER ,935,821,277,86,114,1756,2749
2019-10-29,RANDOM LENGTH LUMBER ,1272,840,337,19,432,2112,3182
2019-09-03,RANDOM LENGTH LUMBER ,739,945,-141,-294,-206,1684,2183
2019-09-10,RANDOM LENGTH LUMBER ,624,985,-115,40,-361,1609,2024
2019-09-17,RANDOM LENGTH LUMBER ,599,879,-25,-106,-280,1478,2009
2019-09-24,RANDOM LENGTH LUMBER ,671,852,72,-27,-181,1523,2055
2019-08-06,RANDOM LENGTH LUMBER ,948,1268,207,-103,-320,2216,2747
2019-08-13,RANDOM LENGTH LUMBER ,921,1290,-27,22,-369,2211,2712
2019-08-20,RANDOM LENGTH LUMBER ,982,1352,61,62,-370,2334,2541
2019-08-27,RANDOM LENGTH LUMBER ,880,1239,-102,-113,-359,2119,2361
2019-07-02,RANDOM LENGTH LUMBER ,1071,1241,-77,-160,-170,2312,2567
2019-07-09,RANDOM LENGTH LUMBER ,1089,1216,18,-25,-127,2305,2458
2019-07-16,RANDOM LENGTH LUMBER ,832,1314,-257,98,-482,2146,2411
2019-07-23,RANDOM LENGTH LUMBER ,778,1340,-54,26,-562,2118,2605
2019-07-30,RANDOM LENGTH LUMBER ,741,1371,-37,31,-630,2112,2654
2019-06-04,RANDOM LENGTH LUMBER ,1190,2471,-171,-126,-1281,3661,4374
2019-06-11,RANDOM LENGTH LUMBER ,1142,2377,-48,-94,-1235,3519,4322
2019-06-25,RANDOM LENGTH LUMBER ,1148,1401,6,-320,-253,2549,2680
2019-05-07,RANDOM LENGTH LUMBER ,1147,2115,21,29,-968,3262,3710
2019-05-14,RANDOM LENGTH LUMBER ,1183,2232,36,117,-1049,3415,3720
2019-05-21,RANDOM LENGTH LUMBER ,1359,2457,176,225,-1098,3816,4009
2019-05-28,RANDOM LENGTH LUMBER ,1361,2597,2,140,-1236,3958,4224
2019-04-02,RANDOM LENGTH LUMBER ,837,1303,15,142,-466,2140,2854
2019-04-09,RANDOM LENGTH LUMBER ,993,1499,156,196,-506,2492,3079
2019-04-16,RANDOM LENGTH LUMBER ,1073,1656,80,157,-583,2729,3397
2019-04-23,RANDOM LENGTH LUMBER ,1154,1748,81,92,-594,2902,3737
2019-04-30,RANDOM LENGTH LUMBER ,1126,2086,-28,338,-960,3212,3794
2019-03-05,RANDOM LENGTH LUMBER ,885,1159,-504,-403,-274,2044,2598
2019-03-12,RANDOM LENGTH LUMBER ,893,1105,8,-54,-212,1998,2428
2019-03-19,RANDOM LENGTH LUMBER ,868,1168,-25,63,-300,2036,2373
2019-03-26,RANDOM LENGTH LUMBER ,822,1161,-46,-7,-339,1983,2504
2019-02-05,RANDOM LENGTH LUMBER ,1092,1387,85,-108,-295,2479,3362
2019-02-12,RANDOM LENGTH LUMBER ,1170,1441,78,54,-271,2611,3403
2019-02-19,RANDOM LENGTH LUMBER ,1292,1502,122,61,-210,2794,3284
2019-02-26,RANDOM LENGTH LUMBER ,1389,1562,97,60,-173,2951,3299
2019-01-08,RANDOM LENGTH LUMBER ,926,2031,-24,146,-1105,2957,3845
2019-01-15,RANDOM LENGTH LUMBER ,957,2045,31,14,-1088,3002,3675
2019-01-22,RANDOM LENGTH LUMBER ,1057,1928,100,-117,-871,2985,3656
2019-01-29,RANDOM LENGTH LUMBER ,1007,1495,-50,-433,-488,2502,3383
2018-12-04,RANDOM LENGTH LUMBER ,922,1613,-309,125,-691,2535,3851
2018-12-11,RANDOM LENGTH LUMBER ,982,1912,60,299,-930,2894,3981
2018-12-18,RANDOM LENGTH LUMBER ,980,2004,-2,92,-1024,2984,4044
2018-12-24,RANDOM LENGTH LUMBER ,944,1899,-36,-105,-955,2843,3969
2018-12-31,RANDOM LENGTH LUMBER ,950,1885,6,-14,-935,2835,3942
2018-11-06,RANDOM LENGTH LUMBER ,1043,1688,138,54,-645,2731,4350
2018-11-13,RANDOM LENGTH LUMBER ,1210,1568,167,-120,-358,2778,4203
2018-11-27,RANDOM LENGTH LUMBER ,1231,1488,-10,-101,-257,2719,3857
2018-10-02,RANDOM LENGTH LUMBER ,1372,1316,46,20,56,2688,4081
2018-10-09,RANDOM LENGTH LUMBER ,1269,1193,-103,-123,76,2462,3702
2018-10-16,RANDOM LENGTH LUMBER ,997,1346,-272,153,-349,2343,4074
2018-10-23,RANDOM LENGTH LUMBER ,916,1314,-81,-32,-398,2230,4211
2018-10-30,RANDOM LENGTH LUMBER ,905,1634,-11,320,-729,2539,4597
2018-07-24,RANDOM LENGTH LUMBER ,2253,1619,-224,-59,634,3872,5405
2018-07-31,RANDOM LENGTH LUMBER ,2040,1563,-213,-56,477,3603,5197
2018-06-05,RANDOM LENGTH LUMBER ,3354,1556,34,-44,1798,4910,6821
2018-05-01,RANDOM LENGTH LUMBER ,4016,1384,-26,-350,2632,5400,6712
2018-05-08,RANDOM LENGTH LUMBER ,3833,1576,-183,192,2257,5409,6855
2018-05-15,RANDOM LENGTH LUMBER ,3833,1599,0,23,2234,5432,6874
2018-05-29,RANDOM LENGTH LUMBER ,3320,1600,-514,53,1720,4920,6621
2018-04-03,RANDOM LENGTH LUMBER ,3885,1664,162,12,2221,5549,6688
2018-04-10,RANDOM LENGTH LUMBER ,3866,1599,-19,-65,2267,5465,7089
2018-04-17,RANDOM LENGTH LUMBER ,3844,1580,-22,-19,2264,5424,7085
2018-04-24,RANDOM LENGTH LUMBER ,4144,1734,300,154,2410,5878,6993
2018-03-06,RANDOM LENGTH LUMBER ,3584,1606,-369,-258,1978,5190,6413
2018-03-13,RANDOM LENGTH LUMBER ,3517,1584,-67,-22,1933,5101,6200
2018-03-20,RANDOM LENGTH LUMBER ,3624,1691,107,107,1933,5315,6418
2018-03-27,RANDOM LENGTH LUMBER ,3723,1652,99,-39,2071,5375,6470
2018-02-06,RANDOM LENGTH LUMBER ,4233,2017,30,105,2216,6250,7353
2018-02-13,RANDOM LENGTH LUMBER ,4066,1963,-167,-54,2103,6029,7519
2018-02-20,RANDOM LENGTH LUMBER ,3956,1858,-110,-105,2098,5814,7301
2018-02-27,RANDOM LENGTH LUMBER ,3953,1864,-3,6,2089,5817,7200
2018-01-02,RANDOM LENGTH LUMBER ,3741,1979,38,-177,1762,5720,6053
2018-01-09,RANDOM LENGTH LUMBER ,4036,2059,295,80,1977,6095,6246
2018-01-16,RANDOM LENGTH LUMBER ,4229,2118,193,59,2111,6347,6930
2018-01-23,RANDOM LENGTH LUMBER ,4448,2007,219,-111,2441,6455,7183
2018-01-30,RANDOM LENGTH LUMBER ,4203,1912,-245,-95,2291,6115,7184
2017-12-05,RANDOM LENGTH LUMBER ,3406,1908,-19,-19,1498,5314,6377
2017-12-12,RANDOM LENGTH LUMBER ,3436,1953,30,45,1483,5389,6320
2017-12-19,RANDOM LENGTH LUMBER ,3568,2006,132,53,1562,5574,6222
2017-12-26,RANDOM LENGTH LUMBER ,3703,2156,135,150,1547,5859,6198
2017-11-07,RANDOM LENGTH LUMBER ,3934,1995,327,224,1939,5929,6911
2017-11-14,RANDOM LENGTH LUMBER ,3978,1999,44,4,1979,5977,6901
2017-11-21,RANDOM LENGTH LUMBER ,3797,2032,-181,33,1765,5829,6840
2017-11-28,RANDOM LENGTH LUMBER ,3425,1927,-372,-105,1498,5352,6401
2017-10-03,RANDOM LENGTH LUMBER ,3172,1605,309,77,1567,4777,5673
2017-10-10,RANDOM LENGTH LUMBER ,3285,1738,113,133,1547,5023,6162
2017-10-17,RANDOM LENGTH LUMBER ,3536,1936,251,198,1600,5472,6763
2017-10-24,RANDOM LENGTH LUMBER ,3516,1998,-20,62,1518,5514,6836
2017-10-31,RANDOM LENGTH LUMBER ,3607,1771,91,-227,1836,5378,6775
2017-09-05,RANDOM LENGTH LUMBER ,2173,1446,391,214,727,3619,4808
2017-09-12,RANDOM LENGTH LUMBER ,2577,1495,404,49,1082,4072,5405
2017-09-19,RANDOM LENGTH LUMBER ,2630,1503,53,8,1127,4133,5559
2017-09-26,RANDOM LENGTH LUMBER ,2863,1528,233,25,1335,4391,5780
2017-08-01,RANDOM LENGTH LUMBER ,2211,1298,227,63,913,3509,4915
2017-08-08,RANDOM LENGTH LUMBER ,2058,1272,-153,-26,786,3330,4747
2017-08-15,RANDOM LENGTH LUMBER ,1818,1260,-240,-12,558,3078,4378
2017-08-22,RANDOM LENGTH LUMBER ,1769,1255,-49,-5,514,3024,4205
2017-08-29,RANDOM LENGTH LUMBER ,1782,1232,13,-23,550,3014,4194
2017-07-03,RANDOM LENGTH LUMBER ,945,1057,-230,-133,-112,2002,3840
2017-07-11,RANDOM LENGTH LUMBER ,1092,1036,147,-21,56,2128,3732
2017-07-18,RANDOM LENGTH LUMBER ,1490,1101,398,65,389,2591,4133
2017-07-25,RANDOM LENGTH LUMBER ,1984,1235,494,134,749,3219,4552
2017-06-06,RANDOM LENGTH LUMBER ,1176,1378,-52,-2,-202,2554,4830
2017-06-13,RANDOM LENGTH LUMBER ,1195,1119,19,-259,76,2314,4244
2017-06-20,RANDOM LENGTH LUMBER ,1247,1013,52,-106,234,2260,4148
2017-06-27,RANDOM LENGTH LUMBER ,1175,1190,-72,177,-15,2365,4207
2017-05-02,RANDOM LENGTH LUMBER ,2723,1601,-32,32,1122,4324,5816
2017-05-09,RANDOM LENGTH LUMBER ,2645,1600,-78,-1,1045,4245,5483
2017-05-16,RANDOM LENGTH LUMBER ,1709,1541,-936,-59,168,3250,4860
2017-05-23,RANDOM LENGTH LUMBER ,1455,1505,-254,-36,-50,2960,4947
2017-05-30,RANDOM LENGTH LUMBER ,1228,1380,-227,-125,-152,2608,5018
2017-04-04,RANDOM LENGTH LUMBER ,2804,1381,91,55,1423,4185,5728
2017-04-11,RANDOM LENGTH LUMBER ,2959,1441,155,60,1518,4400,6318
2017-04-18,RANDOM LENGTH LUMBER ,2753,1491,-206,50,1262,4244,6217
2017-04-25,RANDOM LENGTH LUMBER ,2755,1569,2,78,1186,4324,6044
2017-03-07,RANDOM LENGTH LUMBER ,3363,1273,107,122,2090,4636,5726
2017-03-14,RANDOM LENGTH LUMBER ,2719,1257,-644,-16,1462,3976,4957
2017-03-21,RANDOM LENGTH LUMBER ,2547,1277,-172,20,1270,3824,5037
2017-03-28,RANDOM LENGTH LUMBER ,2713,1326,166,49,1387,4039,5374
2017-02-07,RANDOM LENGTH LUMBER ,1676,1225,455,-7,451,2901,4437
2017-02-14,RANDOM LENGTH LUMBER ,2262,1372,586,147,890,3634,5065
2017-02-21,RANDOM LENGTH LUMBER ,2701,1469,439,97,1232,4170,5256
2017-02-28,RANDOM LENGTH LUMBER ,3256,1151,555,-318,2105,4407,5888
2017-01-03,RANDOM LENGTH LUMBER ,8565,6420,0,0,2145,14985,3954
2017-01-10,RANDOM LENGTH LUMBER ,1078,1535,-28,-223,-457,2613,3584
2017-01-17,RANDOM LENGTH LUMBER ,1266,1321,188,-214,-55,2587,3738
2017-01-24,RANDOM LENGTH LUMBER ,1227,1298,-39,-23,-71,2525,3917
2017-01-31,RANDOM LENGTH LUMBER ,1221,1232,-6,-66,-11,2453,3897
2016-12-06,RANDOM LENGTH LUMBER ,1562,861,-13,-149,701,2423,3855
2016-12-13,RANDOM LENGTH LUMBER ,1442,1009,-120,148,433,2451,3680
2016-12-20,RANDOM LENGTH LUMBER ,1439,1430,-3,421,9,2869,4191
2016-12-27,RANDOM LENGTH LUMBER ,1340,1682,-99,252,-342,3022,4376
2016-11-01,RANDOM LENGTH LUMBER ,1446,1279,-491,260,167,2725,3926
2016-11-08,RANDOM LENGTH LUMBER ,1594,1613,148,334,-19,3207,3895
2016-11-15,RANDOM LENGTH LUMBER ,1583,1574,-11,-39,9,3157,3873
2016-11-22,RANDOM LENGTH LUMBER ,1558,1363,-25,-211,195,2921,3772
2016-11-29,RANDOM LENGTH LUMBER ,1575,1010,17,-353,565,2585,3786
2016-10-04,RANDOM LENGTH LUMBER ,2089,908,235,-125,1181,2997,4073
2016-10-11,RANDOM LENGTH LUMBER ,2642,926,553,18,1716,3568,4856
2016-10-18,RANDOM LENGTH LUMBER ,2378,883,-264,-43,1495,3261,4593
2016-10-25,RANDOM LENGTH LUMBER ,1937,1019,-441,136,918,2956,3842
2016-09-06,RANDOM LENGTH LUMBER ,1985,1091,-824,51,894,3076,3565
2016-09-13,RANDOM LENGTH LUMBER ,1751,1000,-234,-91,751,2751,3102
2016-09-20,RANDOM LENGTH LUMBER ,1840,1319,89,319,521,3159,3482
2016-09-27,RANDOM LENGTH LUMBER ,1854,1033,14,-286,821,2887,3654
2016-08-02,RANDOM LENGTH LUMBER ,3258,1396,-211,96,1862,4654,5328
2016-08-09,RANDOM LENGTH LUMBER ,3141,1360,-117,-36,1781,4501,5408
2016-08-16,RANDOM LENGTH LUMBER ,3229,1249,88,-111,1980,4478,5332
2016-08-23,RANDOM LENGTH LUMBER ,3438,1176,209,-73,2262,4614,5148
2016-08-30,RANDOM LENGTH LUMBER ,2809,1040,-629,-136,1769,3849,4300
2016-07-05,RANDOM LENGTH LUMBER ,2046,1008,402,62,1038,3054,4063
2016-07-12,RANDOM LENGTH LUMBER ,2558,1098,512,90,1460,3656,4316
2016-07-19,RANDOM LENGTH LUMBER ,3279,1291,721,193,1988,4570,4921
2016-07-26,RANDOM LENGTH LUMBER ,3469,1300,190,9,2169,4769,5219
2016-06-07,RANDOM LENGTH LUMBER ,2359,1096,-360,67,1263,3455,5307
2016-06-14,RANDOM LENGTH LUMBER ,1930,1158,-429,62,772,3088,5039
2016-06-21,RANDOM LENGTH LUMBER ,1969,1057,39,-101,912,3026,4659
2016-06-28,RANDOM LENGTH LUMBER ,1644,946,-325,-111,698,2590,3994
2016-05-03,RANDOM LENGTH LUMBER ,2286,1016,368,-44,1270,3302,4299
2016-05-10,RANDOM LENGTH LUMBER ,2685,982,399,-34,1703,3667,4823
2016-05-17,RANDOM LENGTH LUMBER ,3126,1161,441,179,1965,4287,5496
2016-05-24,RANDOM LENGTH LUMBER ,2859,1058,-267,-103,1801,3917,5317
2016-05-31,RANDOM LENGTH LUMBER ,2719,1029,-140,-29,1690,3748,5379
2016-04-05,RANDOM LENGTH LUMBER ,2414,1285,137,49,1129,3699,4914
2016-04-12,RANDOM LENGTH LUMBER ,2677,1272,263,-13,1405,3949,5146
2016-04-19,RANDOM LENGTH LUMBER ,2072,1120,-605,-152,952,3192,4201
2016-04-26,RANDOM LENGTH LUMBER ,1918,1060,-154,-60,858,2978,3952
2016-03-01,RANDOM LENGTH LUMBER ,1322,1820,-39,-249,-498,3142,4336
2016-03-08,RANDOM LENGTH LUMBER ,1757,1564,435,-256,193,3321,4253
2016-03-15,RANDOM LENGTH LUMBER ,2004,1496,247,-68,508,3500,4375
2016-03-22,RANDOM LENGTH LUMBER ,2081,1301,77,-195,780,3382,4547
2016-03-29,RANDOM LENGTH LUMBER ,2277,1236,196,-65,1041,3513,4892
2016-02-02,RANDOM LENGTH LUMBER ,1211,3088,65,373,-1877,4299,5890
2016-02-09,RANDOM LENGTH LUMBER ,1101,2706,-110,-382,-1605,3807,5552
2016-02-16,RANDOM LENGTH LUMBER ,1121,2693,20,-13,-1572,3814,5460
2016-02-23,RANDOM LENGTH LUMBER ,1361,2069,240,-624,-708,3430,4652
2016-01-05,RANDOM LENGTH LUMBER ,1142,1540,-134,-110,-398,2682,3825
2016-01-12,RANDOM LENGTH LUMBER ,1055,2000,-87,460,-945,3055,4299
2016-01-19,RANDOM LENGTH LUMBER ,1072,2198,17,198,-1126,3270,4541
2016-01-26,RANDOM LENGTH LUMBER ,1146,2715,74,517,-1569,3861,5313
2015-12-01,RANDOM LENGTH LUMBER ,1317,1959,-27,43,-642,3276,4222
2015-12-08,RANDOM LENGTH LUMBER ,1259,1837,-58,-122,-578,3096,4367
2015-12-15,RANDOM LENGTH LUMBER ,1234,1635,-25,-202,-401,2869,4087
2015-12-22,RANDOM LENGTH LUMBER ,1366,1601,132,-34,-235,2967,4045
2015-12-29,RANDOM LENGTH LUMBER ,1276,1650,-90,49,-374,2926,3845
2015-11-03,RANDOM LENGTH LUMBER ,1472,1846,-171,-216,-374,3318,4036
2015-11-10,RANDOM LENGTH LUMBER ,1392,1905,-80,59,-513,3297,3822
2015-11-17,RANDOM LENGTH LUMBER ,1350,1863,-42,-42,-513,3213,3976
2015-11-24,RANDOM LENGTH LUMBER ,1344,1916,-6,53,-572,3260,3982
2015-10-06,RANDOM LENGTH LUMBER ,1572,3992,42,215,-2420,5564,6968
2015-10-13,RANDOM LENGTH LUMBER ,1439,3203,-133,-789,-1764,4642,5743
2015-10-20,RANDOM LENGTH LUMBER ,1528,2428,89,-775,-900,3956,4993
2015-10-27,RANDOM LENGTH LUMBER ,1643,2062,115,-366,-419,3705,4483
2015-09-01,RANDOM LENGTH LUMBER ,1936,3752,42,-41,-1816,5688,6547
2015-09-08,RANDOM LENGTH LUMBER ,2042,3861,106,109,-1819,5903,6534
2015-09-15,RANDOM LENGTH LUMBER ,1962,3292,-80,-569,-1330,5254,5589
2015-09-22,RANDOM LENGTH LUMBER ,1853,3214,-109,-78,-1361,5067,5618
2015-09-29,RANDOM LENGTH LUMBER ,1530,3777,-323,563,-2247,5307,6583
2015-08-04,RANDOM LENGTH LUMBER ,1461,2968,35,606,-1507,4429,5962
2015-08-11,RANDOM LENGTH LUMBER ,1524,3131,63,163,-1607,4655,6076
2015-08-18,RANDOM LENGTH LUMBER ,1716,3481,192,350,-1765,5197,6261
2015-08-25,RANDOM LENGTH LUMBER ,1894,3793,178,312,-1899,5687,6552
2015-07-07,RANDOM LENGTH LUMBER ,1403,1615,-312,51,-212,3018,3813
2015-07-14,RANDOM LENGTH LUMBER ,1457,1698,54,83,-241,3155,4080
2015-07-21,RANDOM LENGTH LUMBER ,1433,1852,-24,154,-419,3285,4371
2015-07-28,RANDOM LENGTH LUMBER ,1426,2362,-7,510,-936,3788,5024
2015-06-02,RANDOM LENGTH LUMBER ,2062,2921,-56,-560,-859,4983,6065
2015-06-09,RANDOM LENGTH LUMBER ,1973,2060,-89,-861,-87,4033,4762
2015-06-16,RANDOM LENGTH LUMBER ,1973,1730,0,-330,243,3703,4309
2015-06-23,RANDOM LENGTH LUMBER ,1926,1750,-47,20,176,3676,4309
2015-06-30,RANDOM LENGTH LUMBER ,1715,1564,-211,-186,151,3279,4004
2015-05-05,RANDOM LENGTH LUMBER ,2322,4099,-90,216,-1777,6421,6448
2015-05-12,RANDOM LENGTH LUMBER ,2244,4179,-78,80,-1935,6423,6575
2015-05-19,RANDOM LENGTH LUMBER ,2127,4113,-117,-66,-1986,6240,6511
2015-05-26,RANDOM LENGTH LUMBER ,2118,3481,-9,-632,-1363,5599,6097
2015-04-07,RANDOM LENGTH LUMBER ,2333,3944,72,24,-1611,6277,7311
2015-04-14,RANDOM LENGTH LUMBER ,2358,4046,25,102,-1688,6404,6803
2015-04-21,RANDOM LENGTH LUMBER ,2478,3993,120,-53,-1515,6471,6838
2015-04-28,RANDOM LENGTH LUMBER ,2412,3883,-66,-110,-1471,6295,6409
2015-03-03,RANDOM LENGTH LUMBER ,1713,3581,-100,290,-1868,5294,5558
2015-03-10,RANDOM LENGTH LUMBER ,1875,3798,162,217,-1923,5673,5871
2015-03-17,RANDOM LENGTH LUMBER ,2330,4063,455,265,-1733,6393,6648
2015-03-24,RANDOM LENGTH LUMBER ,2289,3920,-41,-143,-1631,6209,6687
2015-03-31,RANDOM LENGTH LUMBER ,2261,3920,-28,0,-1659,6181,7035
2015-02-03,RANDOM LENGTH LUMBER ,1471,2959,-125,-267,-1488,4430,5574
2015-02-10,RANDOM LENGTH LUMBER ,1643,2762,172,-197,-1119,4405,5166
2015-02-17,RANDOM LENGTH LUMBER ,1646,2924,3,162,-1278,4570,4859
2015-02-24,RANDOM LENGTH LUMBER ,1813,3291,167,367,-1478,5104,5180
2015-01-06,RANDOM LENGTH LUMBER ,1478,2564,70,341,-1086,4042,4037
2015-01-13,RANDOM LENGTH LUMBER ,1445,2797,-33,233,-1352,4242,4617
2015-01-20,RANDOM LENGTH LUMBER ,1701,2889,256,92,-1188,4590,5167
2015-01-27,RANDOM LENGTH LUMBER ,1596,3226,-105,337,-1630,4822,5528
2014-12-09,RANDOM LENGTH LUMBER ,1538,2200,181,-468,-662,3738,4657
2014-12-16,RANDOM LENGTH LUMBER ,1452,2180,-86,-20,-728,3632,4118
2014-12-23,RANDOM LENGTH LUMBER ,1395,2234,-57,54,-839,3629,3542
2014-12-30,RANDOM LENGTH LUMBER ,1408,2223,13,-11,-815,3631,3500
2014-11-04,RANDOM LENGTH LUMBER ,1375,2447,180,267,-1072,3822,4094
2014-11-11,RANDOM LENGTH LUMBER ,1411,2734,36,287,-1323,4145,4271
2014-11-18,RANDOM LENGTH LUMBER ,1475,2788,64,54,-1313,4263,4949
2014-10-07,RANDOM LENGTH LUMBER ,1525,1298,66,-173,227,2823,3720
2014-10-14,RANDOM LENGTH LUMBER ,1586,1349,61,51,237,2935,3650
2014-10-21,RANDOM LENGTH LUMBER ,1358,1562,-228,213,-204,2920,3529
2014-10-28,RANDOM LENGTH LUMBER ,1195,2180,-163,618,-985,3375,3655
2014-09-02,RANDOM LENGTH LUMBER ,1630,1248,12,-213,382,2878,4258
2014-09-09,RANDOM LENGTH LUMBER ,1330,1065,-300,-183,265,2395,3755
2014-09-16,RANDOM LENGTH LUMBER ,1542,1072,212,7,470,2614,3707
2014-09-23,RANDOM LENGTH LUMBER ,1479,1359,-63,287,120,2838,3587
2014-09-30,RANDOM LENGTH LUMBER ,1459,1471,-20,112,-12,2930,3884
2014-08-05,RANDOM LENGTH LUMBER ,1370,1856,125,293,-486,3226,4483
2014-08-12,RANDOM LENGTH LUMBER ,1547,1650,177,-206,-103,3197,4379
2014-08-19,RANDOM LENGTH LUMBER ,1476,1563,-71,-87,-87,3039,4337
2014-08-26,RANDOM LENGTH LUMBER ,1618,1461,142,-102,157,3079,4432
2014-07-01,RANDOM LENGTH LUMBER ,1410,1808,-82,-529,-398,3218,4281
2014-07-08,RANDOM LENGTH LUMBER ,1453,1704,43,-104,-251,3157,4140
2014-07-15,RANDOM LENGTH LUMBER ,1402,1530,-51,-174,-128,2932,3915
2014-07-22,RANDOM LENGTH LUMBER ,1363,1507,-39,-23,-144,2870,3963
2014-07-29,RANDOM LENGTH LUMBER ,1245,1563,-118,56,-318,2808,4065
2014-06-03,RANDOM LENGTH LUMBER ,1540,2426,118,328,-886,3966,5549
2014-06-10,RANDOM LENGTH LUMBER ,1397,2622,-143,196,-1225,4019,5363
2014-06-17,RANDOM LENGTH LUMBER ,1445,3041,48,419,-1596,4486,5005
2014-06-24,RANDOM LENGTH LUMBER ,1492,2337,47,-704,-845,3829,4695
2014-05-06,RANDOM LENGTH LUMBER ,1047,1724,-22,-351,-677,2771,4327
2014-05-13,RANDOM LENGTH LUMBER ,1236,1609,189,-115,-373,2845,4333
2014-05-20,RANDOM LENGTH LUMBER ,1372,1825,136,216,-453,3197,4313
2014-05-27,RANDOM LENGTH LUMBER ,1422,2098,50,273,-676,3520,4542
2014-04-01,RANDOM LENGTH LUMBER ,846,2355,-17,2,-1509,3201,5358
2014-04-08,RANDOM LENGTH LUMBER ,892,2455,46,100,-1563,3347,5205
2014-04-15,RANDOM LENGTH LUMBER ,1059,2375,167,-80,-1316,3434,5104
2014-04-22,RANDOM LENGTH LUMBER ,1108,2140,49,-235,-1032,3248,4827
2014-04-29,RANDOM LENGTH LUMBER ,1069,2075,-39,-65,-1006,3144,4658
2014-03-04,RANDOM LENGTH LUMBER ,957,2240,25,171,-1283,3197,4626
2014-03-11,RANDOM LENGTH LUMBER ,887,2249,-70,9,-1362,3136,4419
2014-03-18,RANDOM LENGTH LUMBER ,950,2542,63,293,-1592,3492,4658
2014-03-25,RANDOM LENGTH LUMBER ,863,2353,-87,-189,-1490,3216,4623
2014-02-04,RANDOM LENGTH LUMBER ,999,2124,86,506,-1125,3123,4524
2014-02-11,RANDOM LENGTH LUMBER ,958,2146,-41,22,-1188,3104,4455
2014-02-18,RANDOM LENGTH LUMBER ,864,2147,-94,1,-1283,3011,4601
2014-02-25,RANDOM LENGTH LUMBER ,932,2069,68,-78,-1137,3001,4742
2014-01-07,RANDOM LENGTH LUMBER ,1024,923,-306,100,101,1947,3836
2014-01-14,RANDOM LENGTH LUMBER ,903,1177,-121,254,-274,2080,3800
2014-01-21,RANDOM LENGTH LUMBER ,980,1302,77,125,-322,2282,3938
2014-01-28,RANDOM LENGTH LUMBER ,913,1618,-67,316,-705,2531,4087
2013-12-03,RANDOM LENGTH LUMBER ,1516,854,46,-79,662,2370,4308
2013-12-10,RANDOM LENGTH LUMBER ,1119,869,-397,15,250,1988,3700
2013-12-17,RANDOM LENGTH LUMBER ,988,920,-131,51,68,1908,3718
2013-12-24,RANDOM LENGTH LUMBER ,1282,1000,294,80,282,2282,4535
2013-11-05,RANDOM LENGTH LUMBER ,1292,1048,-427,-376,244,2340,4721
2013-11-12,RANDOM LENGTH LUMBER ,1252,1021,-40,-27,231,2273,4705
2013-11-19,RANDOM LENGTH LUMBER ,1196,1005,-56,-16,191,2201,4544
2013-11-26,RANDOM LENGTH LUMBER ,1470,933,274,-72,537,2403,4557
2013-10-01,RANDOM LENGTH LUMBER ,1985,1410,20,-39,575,3395,5271
2013-10-08,RANDOM LENGTH LUMBER ,1871,1383,-114,-27,488,3254,4692
2013-10-15,RANDOM LENGTH LUMBER ,1838,1293,-33,-90,545,3131,4546
2013-10-22,RANDOM LENGTH LUMBER ,2089,1331,251,38,758,3420,4960
2013-10-29,RANDOM LENGTH LUMBER ,1719,1424,-370,93,295,3143,4942
2013-09-03,RANDOM LENGTH LUMBER ,1929,2281,75,-5,-352,4210,5495
2013-09-10,RANDOM LENGTH LUMBER ,1978,2093,49,-188,-115,4071,5502
2013-09-17,RANDOM LENGTH LUMBER ,1919,1905,-59,-188,14,3824,5679
2013-09-24,RANDOM LENGTH LUMBER ,1965,1449,46,-456,516,3414,5821
2013-08-06,RANDOM LENGTH LUMBER ,2131,2146,-48,215,-15,4277,5945
2013-08-13,RANDOM LENGTH LUMBER ,2052,2227,-79,81,-175,4279,5842
2013-08-20,RANDOM LENGTH LUMBER ,1966,2074,-86,-153,-108,4040,5365
2013-08-27,RANDOM LENGTH LUMBER ,1854,2286,-112,212,-432,4140,5166
2013-07-02,RANDOM LENGTH LUMBER ,2535,2482,-198,-307,53,5017,6460
2013-07-09,RANDOM LENGTH LUMBER ,2210,2392,-325,-90,-182,4602,6027
2013-07-16,RANDOM LENGTH LUMBER ,2520,2050,310,-342,470,4570,5587
2013-07-23,RANDOM LENGTH LUMBER ,2264,1859,-256,-191,405,4123,5583
2013-07-30,RANDOM LENGTH LUMBER ,2179,1931,-85,72,248,4110,5704
2013-06-04,RANDOM LENGTH LUMBER ,2331,2822,22,342,-491,5153,6860
2019-12-24,RANDOM LENGTH LUMBER ,1616,662,95,24,954,2278,3210
2013-06-25,RANDOM LENGTH LUMBER ,2733,2789,5,111,-56,5522,6686
2013-05-07,RANDOM LENGTH LUMBER ,1917,1201,-191,-152,716,3118,5782
2013-05-14,RANDOM LENGTH LUMBER ,1898,1567,-19,366,331,3465,5673
2013-05-21,RANDOM LENGTH LUMBER ,1917,1937,19,370,-20,3854,5709
2013-05-28,RANDOM LENGTH LUMBER ,2309,2480,392,543,-171,4789,6083
2013-04-02,RANDOM LENGTH LUMBER ,2919,1730,-172,116,1189,4649,8409
2013-04-09,RANDOM LENGTH LUMBER ,2575,1788,-344,58,787,4363,7715
2013-04-16,RANDOM LENGTH LUMBER ,2382,1632,-193,-156,750,4014,7357
2013-04-23,RANDOM LENGTH LUMBER ,2315,1547,-67,-85,768,3862,6759
2013-04-30,RANDOM LENGTH LUMBER ,2108,1353,-207,-194,755,3461,6156
2013-03-05,RANDOM LENGTH LUMBER ,3533,1541,0,-108,1992,5074,8512
2013-03-12,RANDOM LENGTH LUMBER ,3625,1769,92,228,1856,5394,8628
2013-03-26,RANDOM LENGTH LUMBER ,3091,1614,-540,-58,1477,4705,8444
2013-02-05,RANDOM LENGTH LUMBER ,3157,2036,-738,37,1121,5193,7896
2013-02-12,RANDOM LENGTH LUMBER ,3357,1802,200,-234,1555,5159,8091
2013-02-19,RANDOM LENGTH LUMBER ,3716,1666,359,-136,2050,5382,8674
2013-02-26,RANDOM LENGTH LUMBER ,3533,1649,-183,-17,1884,5182,8277
2013-01-08,RANDOM LENGTH LUMBER ,4524,1587,63,-10,2937,6111,9811
2013-01-15,RANDOM LENGTH LUMBER ,4682,1528,158,-59,3154,6210,9932
2013-01-22,RANDOM LENGTH LUMBER ,4192,1988,-490,460,2204,6180,9175
2013-01-29,RANDOM LENGTH LUMBER ,3895,1999,-297,11,1896,5894,8588
2012-12-04,RANDOM LENGTH LUMBER ,4322,2147,-82,24,2175,6469,10649
2012-12-11,RANDOM LENGTH LUMBER ,4368,2430,46,283,1938,6798,10809
2012-12-18,RANDOM LENGTH LUMBER ,4714,2273,346,-157,2441,6987,10650
2012-12-24,RANDOM LENGTH LUMBER ,4589,2347,-125,74,2242,6936,10703
2012-12-31,RANDOM LENGTH LUMBER ,4461,1597,-128,-750,2864,6058,9840
2012-11-06,RANDOM LENGTH LUMBER ,4778,2199,271,-314,2579,6977,10850
2012-11-13,RANDOM LENGTH LUMBER ,4576,2182,-202,-17,2394,6758,10458
2012-11-20,RANDOM LENGTH LUMBER ,4701,2197,125,15,2504,6898,10882
2012-11-27,RANDOM LENGTH LUMBER ,4404,2123,-297,-74,2281,6527,10607
2012-10-02,RANDOM LENGTH LUMBER ,3102,2220,-210,-163,882,5322,6972
2012-10-09,RANDOM LENGTH LUMBER ,3048,2599,-54,379,449,5647,7116
2012-10-16,RANDOM LENGTH LUMBER ,3249,2305,201,-294,944,5554,7606
2012-10-23,RANDOM LENGTH LUMBER ,4024,2295,775,-10,1729,6319,8987
2012-10-30,RANDOM LENGTH LUMBER ,4507,2513,483,218,1994,7020,10428
2012-09-04,RANDOM LENGTH LUMBER ,3856,2310,-624,-424,1546,6166,9086
2012-09-11,RANDOM LENGTH LUMBER ,3196,2061,-660,-249,1135,5257,8099
2012-09-18,RANDOM LENGTH LUMBER ,3246,2537,50,476,709,5783,8182
2012-09-25,RANDOM LENGTH LUMBER ,3312,2383,66,-154,929,5695,8085
2012-08-07,RANDOM LENGTH LUMBER ,3682,3063,-29,-89,619,6745,7875
2012-08-14,RANDOM LENGTH LUMBER ,4551,2692,869,-371,1859,7243,9539
2012-08-21,RANDOM LENGTH LUMBER ,4841,2824,290,132,2017,7665,10070
2012-08-28,RANDOM LENGTH LUMBER ,4480,2734,-361,-90,1746,7214,9690
2012-07-03,RANDOM LENGTH LUMBER ,2811,3471,124,20,-660,6282,6734
2012-07-10,RANDOM LENGTH LUMBER ,3381,2835,570,-636,546,6216,7112
2012-07-17,RANDOM LENGTH LUMBER ,3623,2891,242,56,732,6514,7468
2012-07-24,RANDOM LENGTH LUMBER ,3996,3124,373,233,872,7120,8873
2012-07-31,RANDOM LENGTH LUMBER ,3711,3152,-285,28,559,6863,8288
2012-06-05,RANDOM LENGTH LUMBER ,3444,2731,-516,-617,713,6175,8589
2012-06-12,RANDOM LENGTH LUMBER ,3310,2709,-134,-22,601,6019,8290
2012-06-19,RANDOM LENGTH LUMBER ,2744,3333,-566,624,-589,6077,7748
2012-06-26,RANDOM LENGTH LUMBER ,2687,3451,-57,118,-764,6138,7317
2012-05-01,RANDOM LENGTH LUMBER ,3731,3321,-446,-655,410,7052,8927
2012-05-08,RANDOM LENGTH LUMBER ,3605,3402,-126,81,203,7007,8996
2012-05-15,RANDOM LENGTH LUMBER ,3568,3078,-37,-324,490,6646,9217
2012-05-22,RANDOM LENGTH LUMBER ,3835,3314,267,236,521,7149,9633
2012-05-29,RANDOM LENGTH LUMBER ,3960,3348,125,34,612,7308,9600
2012-04-03,RANDOM LENGTH LUMBER ,4362,4160,201,509,202,8522,10658
2012-04-10,RANDOM LENGTH LUMBER ,4285,4159,-77,-1,126,8444,10472
2012-04-17,RANDOM LENGTH LUMBER ,4321,4327,36,168,-6,8648,9919
2012-04-24,RANDOM LENGTH LUMBER ,4177,3976,-144,-351,201,8153,9356
2012-03-06,RANDOM LENGTH LUMBER ,4154,3346,-83,-11,808,7500,10377
2012-03-13,RANDOM LENGTH LUMBER ,4034,3220,-120,-126,814,7254,10043
2012-03-20,RANDOM LENGTH LUMBER ,4107,3132,73,-88,975,7239,10347
2012-03-27,RANDOM LENGTH LUMBER ,4161,3651,54,519,510,7812,9664
2012-02-07,RANDOM LENGTH LUMBER ,3765,3455,-16,-1534,310,7220,9867
2012-02-14,RANDOM LENGTH LUMBER ,3863,3123,98,-332,740,6986,10035
2012-02-21,RANDOM LENGTH LUMBER ,4157,3269,294,146,888,7426,10004
2012-02-28,RANDOM LENGTH LUMBER ,4237,3357,80,88,880,7594,10457
2012-01-03,RANDOM LENGTH LUMBER ,3515,3681,-14,-1157,-166,7196,8658
2012-01-10,RANDOM LENGTH LUMBER ,3511,3981,-4,300,-470,7492,8781
2012-01-17,RANDOM LENGTH LUMBER ,3792,4481,281,500,-689,8273,9111
2012-01-24,RANDOM LENGTH LUMBER ,3959,4796,167,315,-837,8755,9643
2012-01-31,RANDOM LENGTH LUMBER ,3781,4989,-178,193,-1208,8770,10079
2011-12-06,RANDOM LENGTH LUMBER ,3964,4903,257,346,-939,8867,12366
2011-12-13,RANDOM LENGTH LUMBER ,3830,5055,-134,152,-1225,8885,11183
2011-12-20,RANDOM LENGTH LUMBER ,3721,5243,-109,188,-1522,8964,10051
2011-12-27,RANDOM LENGTH LUMBER ,3529,4838,-192,-405,-1309,8367,9559
2011-11-01,RANDOM LENGTH LUMBER ,4052,4733,-218,-229,-681,8785,9588
2011-11-08,RANDOM LENGTH LUMBER ,3985,4629,-67,-104,-644,8614,9588
2011-11-15,RANDOM LENGTH LUMBER ,4089,4920,104,291,-831,9009,9343
2011-11-22,RANDOM LENGTH LUMBER ,3757,4279,-332,-641,-522,8036,9526
2011-11-29,RANDOM LENGTH LUMBER ,3707,4557,-50,278,-850,8264,10219
2011-10-04,RANDOM LENGTH LUMBER ,4208,4545,338,1117,-337,8753,10856
2011-10-11,RANDOM LENGTH LUMBER ,4210,4926,2,381,-716,9136,10714
2011-10-18,RANDOM LENGTH LUMBER ,4086,4896,-124,-30,-810,8982,10275
2011-10-25,RANDOM LENGTH LUMBER ,4270,4962,184,66,-692,9232,9945
2011-09-06,RANDOM LENGTH LUMBER ,3997,4014,26,-900,-17,8011,9445
2011-09-13,RANDOM LENGTH LUMBER ,3973,2860,-24,-1154,1113,6833,9690
2011-09-20,RANDOM LENGTH LUMBER ,3933,2852,-40,-8,1081,6785,9178
2011-09-27,RANDOM LENGTH LUMBER ,3870,3428,-63,576,442,7298,9364
2011-08-02,RANDOM LENGTH LUMBER ,3846,4155,24,308,-309,8001,10693
2011-08-09,RANDOM LENGTH LUMBER ,4158,4907,312,752,-749,9065,11029
2011-08-16,RANDOM LENGTH LUMBER ,4141,4975,-17,68,-834,9116,9592
2011-08-23,RANDOM LENGTH LUMBER ,4139,5018,-2,43,-879,9157,9676
2011-08-30,RANDOM LENGTH LUMBER ,3971,4914,-168,-104,-943,8885,9506
2011-07-05,RANDOM LENGTH LUMBER ,3903,4554,-61,-193,-651,8457,9214
2011-07-12,RANDOM LENGTH LUMBER ,3925,3897,22,-657,28,7822,8835
2011-07-19,RANDOM LENGTH LUMBER ,3826,3821,-99,-76,5,7647,8902
2011-07-26,RANDOM LENGTH LUMBER ,3822,3847,-4,26,-25,7669,9463
2011-06-07,RANDOM LENGTH LUMBER ,4203,4872,-237,26,-669,9075,11067
2011-06-14,RANDOM LENGTH LUMBER ,4194,5129,-9,257,-935,9323,10183
2011-06-21,RANDOM LENGTH LUMBER ,4081,4912,-113,-217,-831,8993,10168
2011-06-28,RANDOM LENGTH LUMBER ,3964,4747,-117,-165,-783,8711,9690
2011-05-03,RANDOM LENGTH LUMBER ,4262,4101,264,415,161,8363,10000
2011-05-10,RANDOM LENGTH LUMBER ,4389,4367,127,266,22,8756,9862
2011-05-17,RANDOM LENGTH LUMBER ,4413,4999,24,632,-586,9412,9966
2011-05-24,RANDOM LENGTH LUMBER ,4485,4997,72,-2,-512,9482,10302
2011-05-31,RANDOM LENGTH LUMBER ,4440,4846,-45,-151,-406,9286,10823
2011-04-05,RANDOM LENGTH LUMBER ,4642,2183,172,569,2459,6825,10112
2011-04-12,RANDOM LENGTH LUMBER ,4125,2732,-517,549,1393,6857,9967
2011-04-19,RANDOM LENGTH LUMBER ,3907,3414,-218,682,493,7321,9708
2011-04-26,RANDOM LENGTH LUMBER ,3998,3686,91,272,312,7684,9335
2011-03-01,RANDOM LENGTH LUMBER ,4481,1569,-257,198,2912,6050,9781
2011-03-08,RANDOM LENGTH LUMBER ,4276,1362,-205,-207,2914,5638,9534
2011-03-15,RANDOM LENGTH LUMBER ,4191,1474,-85,112,2717,5665,9065
2011-03-22,RANDOM LENGTH LUMBER ,4405,1486,214,12,2919,5891,9429
2011-03-29,RANDOM LENGTH LUMBER ,4470,1614,65,128,2856,6084,9748
2011-02-01,RANDOM LENGTH LUMBER ,5251,1392,226,17,3859,6643,10363
2011-02-08,RANDOM LENGTH LUMBER ,5077,1409,-174,17,3668,6486,10178
2011-02-15,RANDOM LENGTH LUMBER ,5199,1397,122,-12,3802,6596,10607
2011-02-22,RANDOM LENGTH LUMBER ,4738,1371,-461,-26,3367,6109,10361
2011-01-04,RANDOM LENGTH LUMBER ,5581,1965,477,-22,3616,7546,11783
2011-01-11,RANDOM LENGTH LUMBER ,5378,1357,-203,-608,4021,6735,11242
2011-01-18,RANDOM LENGTH LUMBER ,5184,1321,-194,-36,3863,6505,11000
2011-01-25,RANDOM LENGTH LUMBER ,5025,1375,-159,54,3650,6400,11046
2010-12-07,RANDOM LENGTH LUMBER ,4073,2706,106,585,1367,6779,9343
2010-12-14,RANDOM LENGTH LUMBER ,4081,2463,8,-243,1618,6544,9278
2010-12-21,RANDOM LENGTH LUMBER ,4388,1612,307,-851,2776,6000,10133
2010-12-28,RANDOM LENGTH LUMBER ,5104,1987,716,375,3117,7091,11117
2010-11-02,RANDOM LENGTH LUMBER ,4113,1822,113,-683,2291,5935,9917
2010-11-09,RANDOM LENGTH LUMBER ,4099,1718,-14,-104,2381,5817,10137
2010-11-16,RANDOM LENGTH LUMBER ,4096,1606,-3,-112,2490,5702,9578
2010-11-23,RANDOM LENGTH LUMBER ,4005,1625,-91,19,2380,5630,9104
2010-11-30,RANDOM LENGTH LUMBER ,3967,2121,-38,496,1846,6088,8483
2010-10-05,RANDOM LENGTH LUMBER ,3822,3026,-181,-6,796,6848,9494
2010-10-12,RANDOM LENGTH LUMBER ,3954,3347,132,321,607,7301,10056
2010-10-19,RANDOM LENGTH LUMBER ,4115,2713,161,-634,1402,6828,9891
2010-10-26,RANDOM LENGTH LUMBER ,4000,2505,-115,-208,1495,6505,9353
2010-09-07,RANDOM LENGTH LUMBER ,3548,4230,19,339,-682,7778,8341
2010-09-14,RANDOM LENGTH LUMBER ,3970,3669,422,-561,301,7639,8541
2010-09-21,RANDOM LENGTH LUMBER ,3877,3618,-93,-51,259,7495,8740
2010-09-28,RANDOM LENGTH LUMBER ,4003,3032,126,-586,971,7035,9399
2010-08-03,RANDOM LENGTH LUMBER ,3728,3993,242,372,-265,7721,10015
2010-08-10,RANDOM LENGTH LUMBER ,3733,4153,5,160,-420,7886,10049
2010-08-17,RANDOM LENGTH LUMBER ,3655,4479,-78,326,-824,8134,9841
2010-08-24,RANDOM LENGTH LUMBER ,3524,3959,-131,-520,-435,7483,8934
2010-08-31,RANDOM LENGTH LUMBER ,3529,3891,5,-68,-362,7420,8650
2010-07-06,RANDOM LENGTH LUMBER ,3690,3564,-78,-53,126,7254,8941
2010-07-13,RANDOM LENGTH LUMBER ,3675,3589,-15,25,86,7264,8504
2010-07-20,RANDOM LENGTH LUMBER ,3559,3479,-116,-110,80,7038,8312
2010-07-27,RANDOM LENGTH LUMBER ,3486,3621,-73,142,-135,7107,8689
2010-06-01,RANDOM LENGTH LUMBER ,3232,1963,81,397,1269,5195,8988
2010-06-08,RANDOM LENGTH LUMBER ,3377,2242,145,279,1135,5619,9656
2010-06-15,RANDOM LENGTH LUMBER ,3458,2754,81,512,704,6212,9361
2010-06-22,RANDOM LENGTH LUMBER ,3510,3343,52,589,167,6853,9442
2010-06-29,RANDOM LENGTH LUMBER ,3768,3617,258,274,151,7385,9384
2010-05-04,RANDOM LENGTH LUMBER ,5002,844,-582,-200,4158,5846,10648
2010-05-11,RANDOM LENGTH LUMBER ,3600,494,-1402,-350,3106,4094,8229
2010-05-18,RANDOM LENGTH LUMBER ,3146,1230,-454,736,1916,4376,7437
2010-05-25,RANDOM LENGTH LUMBER ,3151,1566,5,336,1585,4717,7606
2010-04-06,RANDOM LENGTH LUMBER ,4356,1098,632,450,3258,5454,9816
2010-04-13,RANDOM LENGTH LUMBER ,4748,1029,392,-69,3719,5777,9975
2010-04-20,RANDOM LENGTH LUMBER ,5596,1164,848,135,4432,6760,11078
2010-04-27,RANDOM LENGTH LUMBER ,5584,1044,-12,-120,4540,6628,11045
2010-03-02,RANDOM LENGTH LUMBER ,3758,643,-510,-181,3115,4401,9564
2010-03-09,RANDOM LENGTH LUMBER ,3812,600,54,-43,3212,4412,9495
2010-03-16,RANDOM LENGTH LUMBER ,3679,622,-133,22,3057,4301,9276
2010-03-23,RANDOM LENGTH LUMBER ,3818,640,139,18,3178,4458,9541
2010-03-30,RANDOM LENGTH LUMBER ,3724,648,-94,8,3076,4372,9586
2010-02-02,RANDOM LENGTH LUMBER ,3946,1226,-115,-182,2720,5172,10392
2010-02-09,RANDOM LENGTH LUMBER ,3882,1018,-64,-208,2864,4900,10328
2010-02-16,RANDOM LENGTH LUMBER ,4190,936,308,-82,3254,5126,10596
2010-02-23,RANDOM LENGTH LUMBER ,4268,824,78,-112,3444,5092,9869
2010-01-05,RANDOM LENGTH LUMBER ,4302,1918,17,110,2384,6220,8589
2010-01-12,RANDOM LENGTH LUMBER ,4223,1960,-79,42,2263,6183,9390
2010-01-19,RANDOM LENGTH LUMBER ,4086,1647,-137,-313,2439,5733,10060
2010-01-26,RANDOM LENGTH LUMBER ,4061,1408,-25,-239,2653,5469,10497
2009-12-01,RANDOM LENGTH LUMBER ,4968,2020,187,-543,2948,6988,11433
2009-12-08,RANDOM LENGTH LUMBER ,4728,1512,-240,-508,3216,6240,10050
2009-12-15,RANDOM LENGTH LUMBER ,4494,1291,-234,-221,3203,5785,9415
2009-12-22,RANDOM LENGTH LUMBER ,4314,1534,-180,243,2780,5848,8793
2009-12-29,RANDOM LENGTH LUMBER ,4285,1808,-29,274,2477,6093,8788
2009-11-03,RANDOM LENGTH LUMBER ,4223,3876,427,-632,347,8099,9376
2009-11-09,RANDOM LENGTH LUMBER ,4192,3576,-31,-300,616,7768,9422
2009-11-17,RANDOM LENGTH LUMBER ,4557,2779,365,-797,1778,7336,10596
2009-11-24,RANDOM LENGTH LUMBER ,4781,2563,224,-216,2218,7344,11169
2009-10-06,RANDOM LENGTH LUMBER ,3896,3907,-45,-34,-11,7803,10125
2009-10-13,RANDOM LENGTH LUMBER ,4038,4718,142,811,-680,8756,10007
2009-10-20,RANDOM LENGTH LUMBER ,3795,4412,-243,-306,-617,8207,9124
2009-10-27,RANDOM LENGTH LUMBER ,3796,4508,1,96,-712,8304,9175
2009-09-01,RANDOM LENGTH LUMBER ,3564,3626,61,886,-62,7190,9551
2009-09-08,RANDOM LENGTH LUMBER ,3887,3740,323,114,147,7627,9277
2009-09-15,RANDOM LENGTH LUMBER ,3766,3878,-121,138,-112,7644,8842
2009-09-22,RANDOM LENGTH LUMBER ,3930,3897,164,19,33,7827,9333
2009-09-29,RANDOM LENGTH LUMBER ,3941,3941,11,44,0,7882,10243
2009-08-04,RANDOM LENGTH LUMBER ,3292,2472,148,126,820,5764,9336
2009-08-11,RANDOM LENGTH LUMBER ,3213,2562,-79,90,651,5775,8838
2009-08-18,RANDOM LENGTH LUMBER ,3440,2519,227,-43,921,5959,8855
2009-08-25,RANDOM LENGTH LUMBER ,3503,2740,63,221,763,6243,8632
2009-07-07,RANDOM LENGTH LUMBER ,3164,1098,-55,5,2066,4262,7734
2009-07-14,RANDOM LENGTH LUMBER ,3080,1790,-84,692,1290,4870,7551
2009-07-21,RANDOM LENGTH LUMBER ,3318,2509,238,719,809,5827,7818
2009-07-28,RANDOM LENGTH LUMBER ,3144,2346,-174,-163,798,5490,8612
2009-06-02,RANDOM LENGTH LUMBER ,3466,2442,211,-1270,1024,5908,9275
2009-06-09,RANDOM LENGTH LUMBER ,3653,2142,187,-300,1511,5795,9096
2009-06-16,RANDOM LENGTH LUMBER ,3604,1929,-49,-213,1675,5533,9077
2009-06-23,RANDOM LENGTH LUMBER ,3460,1450,-144,-479,2010,4910,8991
2009-06-30,RANDOM LENGTH LUMBER ,3219,1093,-241,-357,2126,4312,8273
2009-05-05,RANDOM LENGTH LUMBER ,3196,3706,119,482,-510,6902,8007
2009-05-12,RANDOM LENGTH LUMBER ,3368,3546,172,-160,-178,6914,7556
2009-05-19,RANDOM LENGTH LUMBER ,3193,3499,-175,-47,-306,6692,7583
2009-05-26,RANDOM LENGTH LUMBER ,3255,3712,62,213,-457,6967,7863
2009-04-07,RANDOM LENGTH LUMBER ,2869,3134,54,-157,-265,6003,7788
2009-04-14,RANDOM LENGTH LUMBER ,2864,2904,-5,-230,-40,5768,7617
2009-04-21,RANDOM LENGTH LUMBER ,2788,2836,-76,-68,-48,5624,7194
2009-04-28,RANDOM LENGTH LUMBER ,3077,3224,289,388,-147,6301,8102
2009-03-03,RANDOM LENGTH LUMBER ,2309,3586,-408,-126,-1277,5895,7757
2009-03-10,RANDOM LENGTH LUMBER ,2329,3190,20,-396,-861,5519,6685
2009-03-17,RANDOM LENGTH LUMBER ,2468,3204,139,14,-736,5672,6454
2009-03-24,RANDOM LENGTH LUMBER ,2471,3459,3,255,-988,5930,6613
2009-03-31,RANDOM LENGTH LUMBER ,2815,3291,344,-168,-476,6106,7945
2009-02-03,RANDOM LENGTH LUMBER ,2630,3935,-94,-91,-1305,6565,8197
2009-02-10,RANDOM LENGTH LUMBER ,2681,3667,51,-268,-986,6348,7946
2009-02-17,RANDOM LENGTH LUMBER ,2756,3653,75,-14,-897,6409,7725
2009-02-24,RANDOM LENGTH LUMBER ,2717,3712,-39,59,-995,6429,8137
2009-01-06,RANDOM LENGTH LUMBER ,2567,3895,92,99,-1328,6462,7835
2009-01-13,RANDOM LENGTH LUMBER ,2749,3767,182,-128,-1018,6516,7901
2009-01-20,RANDOM LENGTH LUMBER ,2667,3978,-82,211,-1311,6645,7789
2009-01-27,RANDOM LENGTH LUMBER ,2724,4026,57,48,-1302,6750,8114
2008-12-02,RANDOM LENGTH LUMBER ,2717,3715,-225,11,-998,6432,8824
2008-12-09,RANDOM LENGTH LUMBER ,2801,3749,84,34,-948,6550,7849
2008-12-16,RANDOM LENGTH LUMBER ,2711,4307,-90,558,-1596,7018,8172
2008-12-22,RANDOM LENGTH LUMBER ,2601,3763,-110,-544,-1162,6364,8158
2008-12-30,RANDOM LENGTH LUMBER ,2475,3796,-126,33,-1321,6271,7951
2008-11-04,RANDOM LENGTH LUMBER ,2484,3834,-231,-669,-1350,6318,8264
2008-11-11,RANDOM LENGTH LUMBER ,2854,3703,370,-131,-849,6557,7622
2008-11-18,RANDOM LENGTH LUMBER ,2891,3702,37,-1,-811,6593,7501
2008-11-25,RANDOM LENGTH LUMBER ,2942,3704,51,2,-762,6646,7802
2008-10-07,RANDOM LENGTH LUMBER ,3056,4739,-574,-400,-1683,7795,10237
2008-10-14,RANDOM LENGTH LUMBER ,2783,4386,-273,-353,-1603,7169,9208
2008-10-21,RANDOM LENGTH LUMBER ,2830,4530,47,144,-1700,7360,8844
2008-10-28,RANDOM LENGTH LUMBER ,2715,4503,-115,-27,-1788,7218,8914
2008-09-02,RANDOM LENGTH LUMBER ,3613,3983,-239,270,-370,7596,12831
2008-09-09,RANDOM LENGTH LUMBER ,3864,4883,251,900,-1019,8747,12436
2008-09-16,RANDOM LENGTH LUMBER ,4132,5253,268,370,-1121,9385,11935
2008-09-23,RANDOM LENGTH LUMBER ,4286,5380,154,127,-1094,9666,11938
2008-09-30,RANDOM LENGTH LUMBER ,3630,5139,-656,-241,-1509,8769,11058
2008-08-05,RANDOM LENGTH LUMBER ,3957,4716,122,-580,-759,8673,14036
2008-08-12,RANDOM LENGTH LUMBER ,4365,4644,408,-72,-279,9009,14795
2008-08-19,RANDOM LENGTH LUMBER ,4217,4030,-148,-614,187,8247,14386
2008-08-26,RANDOM LENGTH LUMBER ,3852,3713,-365,-317,139,7565,13238
2008-07-01,RANDOM LENGTH LUMBER ,4482,5406,8,473,-924,9888,14813
2008-07-08,RANDOM LENGTH LUMBER ,4043,5413,-439,7,-1370,9456,14662
2008-07-15,RANDOM LENGTH LUMBER ,3895,5442,-148,29,-1547,9337,13997
2008-07-22,RANDOM LENGTH LUMBER ,3850,5708,-45,266,-1858,9558,14253
2008-07-29,RANDOM LENGTH LUMBER ,3835,5296,-15,-412,-1461,9131,14562
2008-06-03,RANDOM LENGTH LUMBER ,4558,4655,-53,176,-97,9213,14828
2008-06-10,RANDOM LENGTH LUMBER ,4851,5183,293,528,-332,10034,14741
2008-06-17,RANDOM LENGTH LUMBER ,4527,5148,-324,-35,-621,9675,14166
2008-06-24,RANDOM LENGTH LUMBER ,4474,4933,-53,-215,-459,9407,14153
2008-05-06,RANDOM LENGTH LUMBER ,4312,4535,51,169,-223,8847,14351
2008-05-13,RANDOM LENGTH LUMBER ,4665,4712,353,177,-47,9377,14900
2008-05-20,RANDOM LENGTH LUMBER ,4924,4917,259,205,7,9841,14681
2008-05-27,RANDOM LENGTH LUMBER ,4611,4479,-313,-438,132,9090,15434
2008-04-01,RANDOM LENGTH LUMBER ,4486,4343,-734,256,143,8829,15224
2008-04-08,RANDOM LENGTH LUMBER ,4255,3803,-231,-540,452,8058,14818
2008-04-15,RANDOM LENGTH LUMBER ,4197,3898,-58,95,299,8095,14567
2008-04-22,RANDOM LENGTH LUMBER ,4295,4294,98,396,1,8589,14263
2008-04-29,RANDOM LENGTH LUMBER ,4261,4366,-34,72,-105,8627,14777
2008-03-04,RANDOM LENGTH LUMBER ,5437,4523,176,-35,914,9960,13689
2008-03-11,RANDOM LENGTH LUMBER ,5472,4727,35,204,745,10199,13094
2008-03-18,RANDOM LENGTH LUMBER ,5591,3738,119,-989,1853,9329,13225
2008-03-25,RANDOM LENGTH LUMBER ,5220,4087,-371,349,1133,9307,13326
2008-02-05,RANDOM LENGTH LUMBER ,4743,4675,394,22,68,9418,13147
2008-02-12,RANDOM LENGTH LUMBER ,4914,4548,171,-127,366,9462,13491
2008-02-19,RANDOM LENGTH LUMBER ,5134,4650,220,102,484,9784,13376
2008-02-26,RANDOM LENGTH LUMBER ,5261,4558,127,-92,703,9819,13011
2008-01-08,RANDOM LENGTH LUMBER ,4166,4711,132,14,-545,8877,9131
2008-01-15,RANDOM LENGTH LUMBER ,4004,4671,-162,-40,-667,8675,9397
2008-01-22,RANDOM LENGTH LUMBER ,4283,4742,279,71,-459,9025,10019
2008-01-29,RANDOM LENGTH LUMBER ,4349,4653,66,-89,-304,9002,10693
2007-12-04,RANDOM LENGTH LUMBER ,3921,3947,-407,305,-26,7868,10470
2007-12-11,RANDOM LENGTH LUMBER ,3965,4325,44,378,-360,8290,10367
2007-12-18,RANDOM LENGTH LUMBER ,3877,4338,-88,13,-461,8215,9036
2007-12-24,RANDOM LENGTH LUMBER ,4007,4416,130,78,-409,8423,9348
2007-12-31,RANDOM LENGTH LUMBER ,4034,4697,27,281,-663,8731,9373
2007-11-06,RANDOM LENGTH LUMBER ,4484,4707,97,49,-223,9191,8958
2007-11-13,RANDOM LENGTH LUMBER ,4486,4104,2,-603,382,8590,8650
2007-11-20,RANDOM LENGTH LUMBER ,4361,3784,-125,-320,577,8145,8861
2007-11-27,RANDOM LENGTH LUMBER ,4328,3642,-33,-142,686,7970,8932
2007-10-02,RANDOM LENGTH LUMBER ,3666,4044,463,213,-378,7710,9641
2007-10-09,RANDOM LENGTH LUMBER ,4136,4047,470,3,89,8183,9752
2007-10-16,RANDOM LENGTH LUMBER ,4349,4280,213,233,69,8629,9192
2007-10-23,RANDOM LENGTH LUMBER ,4320,4373,-29,93,-53,8693,8847
2007-10-30,RANDOM LENGTH LUMBER ,4387,4658,67,285,-271,9045,8991
2007-09-04,RANDOM LENGTH LUMBER ,2191,2823,-240,244,-632,5014,6104
2007-09-11,RANDOM LENGTH LUMBER ,2337,3010,146,187,-673,5347,5808
2007-09-18,RANDOM LENGTH LUMBER ,2469,3343,132,333,-874,5812,6049
2007-09-25,RANDOM LENGTH LUMBER ,3203,3831,734,488,-628,7034,7327
2007-08-07,RANDOM LENGTH LUMBER ,2707,2318,109,243,389,5025,8391
2007-08-14,RANDOM LENGTH LUMBER ,2167,2443,-540,125,-276,4610,7971
2007-08-21,RANDOM LENGTH LUMBER ,2229,2060,62,-383,169,4289,7618
2007-08-28,RANDOM LENGTH LUMBER ,2431,2579,202,519,-148,5010,6830
2007-07-03,RANDOM LENGTH LUMBER ,2754,2054,-87,-220,700,4808,7484
2007-07-10,RANDOM LENGTH LUMBER ,2822,1950,68,-104,872,4772,7130
2007-07-17,RANDOM LENGTH LUMBER ,2624,1762,-198,-188,862,4386,6946
2007-07-24,RANDOM LENGTH LUMBER ,2574,1897,-50,135,677,4471,6904
2007-07-31,RANDOM LENGTH LUMBER ,2598,2075,24,178,523,4673,8103
2007-06-05,RANDOM LENGTH LUMBER ,2661,2745,-83,-519,-84,5406,8005
2007-06-12,RANDOM LENGTH LUMBER ,2706,2654,45,-91,52,5360,8330
2007-06-19,RANDOM LENGTH LUMBER ,2753,2302,47,-352,451,5055,8239
2007-06-26,RANDOM LENGTH LUMBER ,2841,2274,88,-28,567,5115,7935
2007-05-01,RANDOM LENGTH LUMBER ,2914,3977,-38,108,-1063,6891,8817
2007-05-08,RANDOM LENGTH LUMBER ,2961,4136,47,159,-1175,7097,8192
2007-05-15,RANDOM LENGTH LUMBER ,2654,3986,-307,-150,-1332,6640,7181
2007-05-22,RANDOM LENGTH LUMBER ,2698,3684,44,-302,-986,6382,7219
2007-05-29,RANDOM LENGTH LUMBER ,2744,3264,46,-420,-520,6008,7659
2007-04-03,RANDOM LENGTH LUMBER ,2523,4011,-108,274,-1488,6534,9021
2007-04-10,RANDOM LENGTH LUMBER ,2531,3993,8,-18,-1462,6524,8491
2007-04-17,RANDOM LENGTH LUMBER ,2871,3999,340,6,-1128,6870,8467
2007-04-24,RANDOM LENGTH LUMBER ,2952,3869,81,-130,-917,6821,8710
2007-03-06,RANDOM LENGTH LUMBER ,2547,3363,-26,-253,-816,5910,7042
2007-03-13,RANDOM LENGTH LUMBER ,2494,3361,-53,-2,-867,5855,7562
2007-03-20,RANDOM LENGTH LUMBER ,2454,3495,-40,134,-1041,5949,7820
2007-03-27,RANDOM LENGTH LUMBER ,2631,3737,177,242,-1106,6368,8126
2007-02-06,RANDOM LENGTH LUMBER ,2803,4188,160,236,-1385,6991,8733
2007-02-13,RANDOM LENGTH LUMBER ,2451,3869,-352,-319,-1418,6320,7777
2007-02-20,RANDOM LENGTH LUMBER ,2345,3646,-106,-223,-1301,5991,6929
2007-02-27,RANDOM LENGTH LUMBER ,2573,3616,228,-30,-1043,6189,7049
2007-01-03,RANDOM LENGTH LUMBER ,1877,2888,-254,-306,-1011,4765,5795
2007-01-09,RANDOM LENGTH LUMBER ,2066,2453,189,-435,-387,4519,5972
2007-01-16,RANDOM LENGTH LUMBER ,1997,2434,-69,-19,-437,4431,5921
2007-01-23,RANDOM LENGTH LUMBER ,2558,3612,561,1178,-1054,6170,6623
2007-01-30,RANDOM LENGTH LUMBER ,2643,3952,85,340,-1309,6595,7469
2006-12-05,RANDOM LENGTH LUMBER ,2387,2974,116,488,-587,5361,7491
2006-12-12,RANDOM LENGTH LUMBER ,2386,2991,-1,17,-605,5377,7465
2006-12-19,RANDOM LENGTH LUMBER ,2088,3134,-298,143,-1046,5222,6707
2006-12-26,RANDOM LENGTH LUMBER ,2131,3194,43,60,-1063,5325,6534
2006-11-07,RANDOM LENGTH LUMBER ,2123,2531,144,6,-408,4654,6146
2006-11-14,RANDOM LENGTH LUMBER ,2182,2469,59,-62,-287,4651,5933
2006-11-21,RANDOM LENGTH LUMBER ,2264,2446,82,-23,-182,4710,6046
2006-11-28,RANDOM LENGTH LUMBER ,2271,2486,7,40,-215,4757,6260
2006-10-03,RANDOM LENGTH LUMBER ,2818,2934,-102,60,-116,5752,6490
2006-10-10,RANDOM LENGTH LUMBER ,2612,2741,-206,-193,-129,5353,6210
2006-10-17,RANDOM LENGTH LUMBER ,2777,2533,165,-208,244,5310,6444
2006-10-24,RANDOM LENGTH LUMBER ,2970,2554,193,21,416,5524,6542
2006-10-31,RANDOM LENGTH LUMBER ,1979,2525,-991,-29,-546,4504,6129
2006-09-05,RANDOM LENGTH LUMBER ,2631,2267,-66,30,364,4898,5822
2006-09-12,RANDOM LENGTH LUMBER ,2838,2468,207,201,370,5306,5581
2006-09-19,RANDOM LENGTH LUMBER ,2944,2578,106,110,366,5522,5858
2006-09-26,RANDOM LENGTH LUMBER ,2920,2874,-24,296,46,5794,6420
2006-08-01,RANDOM LENGTH LUMBER ,2723,2766,145,57,-43,5489,6733
2006-08-08,RANDOM LENGTH LUMBER ,2843,2814,120,48,29,5657,6617
2006-08-15,RANDOM LENGTH LUMBER ,3088,2897,245,83,191,5985,6509
2006-08-22,RANDOM LENGTH LUMBER ,2947,2630,-141,-267,317,5577,6176
2006-08-29,RANDOM LENGTH LUMBER ,2697,2237,-250,-393,460,4934,6112
2006-07-03,RANDOM LENGTH LUMBER ,2634,2535,109,349,99,5169,5026
2006-07-11,RANDOM LENGTH LUMBER ,2567,2631,-67,96,-64,5198,5032
2006-07-18,RANDOM LENGTH LUMBER ,2669,2670,102,39,-1,5339,5175
2006-07-25,RANDOM LENGTH LUMBER ,2578,2709,-91,39,-131,5287,5446
2006-06-06,RANDOM LENGTH LUMBER ,2502,1971,271,648,531,4473,5550
2006-06-13,RANDOM LENGTH LUMBER ,2336,2171,-166,200,165,4507,5568
2006-06-20,RANDOM LENGTH LUMBER ,2312,2050,-24,-121,262,4362,5457
2006-06-27,RANDOM LENGTH LUMBER ,2525,2186,213,136,339,4711,5266
2006-05-02,RANDOM LENGTH LUMBER ,2605,944,514,-281,1661,3549,4927
2006-05-09,RANDOM LENGTH LUMBER ,2296,788,-309,-156,1508,3084,4332
2006-05-16,RANDOM LENGTH LUMBER ,2367,959,71,171,1408,3326,4528
2006-05-23,RANDOM LENGTH LUMBER ,2278,1132,-89,173,1146,3410,4240
2006-05-30,RANDOM LENGTH LUMBER ,2231,1323,-47,191,908,3554,4979
2006-04-04,RANDOM LENGTH LUMBER ,1753,866,179,-48,887,2619,5075
2006-04-11,RANDOM LENGTH LUMBER ,1796,778,43,-88,1018,2574,4789
2006-04-18,RANDOM LENGTH LUMBER ,1934,1062,138,284,872,2996,4906
2006-04-25,RANDOM LENGTH LUMBER ,2091,1225,157,163,866,3316,5134
2006-03-07,RANDOM LENGTH LUMBER ,1675,535,12,-141,1140,2210,4137
2006-03-14,RANDOM LENGTH LUMBER ,1652,704,-23,169,948,2356,3944
2006-03-21,RANDOM LENGTH LUMBER ,1508,815,-144,111,693,2323,3944
2006-03-28,RANDOM LENGTH LUMBER ,1574,914,66,99,660,2488,4160
2006-02-07,RANDOM LENGTH LUMBER ,1950,293,6,111,1657,2243,5408
2006-02-14,RANDOM LENGTH LUMBER ,1763,345,-187,52,1418,2108,5058
2006-02-21,RANDOM LENGTH LUMBER ,1801,465,38,120,1336,2266,5049
2006-02-28,RANDOM LENGTH LUMBER ,1663,676,-138,211,987,2339,4656
2006-01-03,RANDOM LENGTH LUMBER ,2472,178,76,-206,2294,2650,5318
2006-01-10,RANDOM LENGTH LUMBER ,3479,261,1007,83,3218,3740,6457
2006-01-17,RANDOM LENGTH LUMBER ,3340,191,-139,-70,3149,3531,6500
2006-01-24,RANDOM LENGTH LUMBER ,2163,186,-1177,-5,1977,2349,5685
2006-01-31,RANDOM LENGTH LUMBER ,1944,182,-219,-4,1762,2126,5719
2005-12-06,RANDOM LENGTH LUMBER ,2297,126,-120,-114,2171,2423,4983
2005-12-13,RANDOM LENGTH LUMBER ,2020,357,-277,231,1663,2377,5088
2005-12-20,RANDOM LENGTH LUMBER ,2079,400,59,43,1679,2479,5113
2005-12-27,RANDOM LENGTH LUMBER ,2396,384,317,-16,2012,2780,5493
2005-11-01,RANDOM LENGTH LUMBER ,1470,555,502,-208,915,2025,3679
2005-11-08,RANDOM LENGTH LUMBER ,2058,308,588,-247,1750,2366,4475
2005-11-15,RANDOM LENGTH LUMBER ,2533,225,475,-83,2308,2758,4898
2005-11-22,RANDOM LENGTH LUMBER ,2468,159,-65,-66,2309,2627,5196
2005-11-29,RANDOM LENGTH LUMBER ,2417,240,-51,81,2177,2657,5296
2005-10-04,RANDOM LENGTH LUMBER ,1184,773,-59,-275,411,1957,3968
2005-10-11,RANDOM LENGTH LUMBER ,1101,872,-83,99,229,1973,3883
2005-10-18,RANDOM LENGTH LUMBER ,1048,975,-53,103,73,2023,3896
2005-10-25,RANDOM LENGTH LUMBER ,968,763,-80,-212,205,1731,3814
2005-09-06,RANDOM LENGTH LUMBER ,1048,1605,-11,-300,-557,2653,4038
2005-09-13,RANDOM LENGTH LUMBER ,1326,1641,278,36,-315,2967,3882
2005-09-20,RANDOM LENGTH LUMBER ,1230,1517,-96,-124,-287,2747,3809
2005-09-27,RANDOM LENGTH LUMBER ,1243,1048,13,-469,195,2291,3808
2005-08-02,RANDOM LENGTH LUMBER ,1116,1228,185,169,-112,2344,4102
2005-08-09,RANDOM LENGTH LUMBER ,1102,1132,-14,-96,-30,2234,4200
2005-08-16,RANDOM LENGTH LUMBER ,978,1350,-124,218,-372,2328,4145
2005-08-23,RANDOM LENGTH LUMBER ,995,1831,17,481,-836,2826,4198
2005-07-05,RANDOM LENGTH LUMBER ,887,801,-174,3,86,1688,3408
2005-07-12,RANDOM LENGTH LUMBER ,877,942,-10,141,-65,1819,3596
2005-07-19,RANDOM LENGTH LUMBER ,969,820,92,-122,149,1789,3216
2005-07-26,RANDOM LENGTH LUMBER ,931,1059,-38,239,-128,1990,3541
2005-06-07,RANDOM LENGTH LUMBER ,1233,501,-26,110,732,1734,3419
2005-06-14,RANDOM LENGTH LUMBER ,1176,655,-57,154,521,1831,3640
2005-06-21,RANDOM LENGTH LUMBER ,1091,664,-85,9,427,1755,3587
2005-06-28,RANDOM LENGTH LUMBER ,1061,798,-30,134,263,1859,3720
2005-05-03,RANDOM LENGTH LUMBER ,1238,371,2,-160,867,1609,3932
2005-05-10,RANDOM LENGTH LUMBER ,1075,322,-163,-49,753,1397,3399
2005-05-17,RANDOM LENGTH LUMBER ,1160,385,85,63,775,1545,3265
2005-05-24,RANDOM LENGTH LUMBER ,1178,464,18,79,714,1642,3408
2005-05-31,RANDOM LENGTH LUMBER ,1259,391,81,-73,868,1650,3509
2005-04-05,RANDOM LENGTH LUMBER ,1812,576,-171,64,1236,2388,5244
2005-04-12,RANDOM LENGTH LUMBER ,1490,515,-322,-61,975,2005,4784
2005-04-19,RANDOM LENGTH LUMBER ,1373,438,-117,-77,935,1811,4481
2005-04-26,RANDOM LENGTH LUMBER ,1236,531,-137,93,705,1767,4444
2005-03-01,RANDOM LENGTH LUMBER ,2126,295,98,-83,1831,2421,5199
2005-03-08,RANDOM LENGTH LUMBER ,2034,404,-92,109,1630,2438,5104
2005-03-15,RANDOM LENGTH LUMBER ,1985,438,-49,34,1547,2423,4824
2005-03-22,RANDOM LENGTH LUMBER ,1891,519,-94,81,1372,2410,5022
2005-03-29,RANDOM LENGTH LUMBER ,1983,512,92,-7,1471,2495,5023
2005-02-01,RANDOM LENGTH LUMBER ,1697,368,184,56,1329,2065,4352
2005-02-08,RANDOM LENGTH LUMBER ,2225,475,528,107,1750,2700,5295
2005-02-15,RANDOM LENGTH LUMBER ,2157,394,-68,-81,1763,2551,5325
2005-02-22,RANDOM LENGTH LUMBER ,2028,378,-129,-16,1650,2406,5258
2005-01-04,RANDOM LENGTH LUMBER ,1238,625,424,-67,613,1863,3628
2005-01-11,RANDOM LENGTH LUMBER ,1411,620,173,-5,791,2031,3717
2005-01-18,RANDOM LENGTH LUMBER ,1262,658,-149,38,604,1920,3521
2005-01-25,RANDOM LENGTH LUMBER ,1513,312,251,-346,1201,1825,3904
