Date,Symbol,Long,Short,Change Long,Change Short,Net positions,Total positions,Open interest
2019-06-18 00:00:00,BUTTER (CASH SETTLED) ,887,3457,41,55,-2570,4344,8346
2018-11-20 00:00:00,BUTTER (CASH SETTLED) ,250,1756,57,301,-1506,2006,7153
2018-09-04 00:00:00,BUTTER (CASH SETTLED) ,962,1057,-188,-101,-95,2019,5819
2018-09-11 00:00:00,BUTTER (CASH SETTLED) ,978,1221,16,164,-243,2199,6378
2018-09-18 00:00:00,BUTTER (CASH SETTLED) ,944,1203,-34,-18,-259,2147,6502
2018-09-29 00:00:00,BUTTER (CASH SETTLED) ,853,1184,-91,-19,-331,2037,6605
2018-08-07 00:00:00,BUTTER (CASH SETTLED) ,1238,1213,-120,-121,25,2451,6207
2018-08-14 00:00:00,BUTTER (CASH SETTLED) ,1250,1020,12,-193,230,2270,6497
2018-08-21 00:00:00,BUTTER (CASH SETTLED) ,1141,1283,-109,263,-142,2424,6836
2018-08-28 00:00:00,BUTTER (CASH SETTLED) ,1150,1158,9,-125,-8,2308,6880
2018-07-03 00:00:00,BUTTER (CASH SETTLED) ,1170,1278,73,-50,-108,2448,8035
2018-07-10 00:00:00,BUTTER (CASH SETTLED) ,1149,1171,-21,-107,-22,2320,6943
2018-07-17 00:00:00,BUTTER (CASH SETTLED) ,1167,1232,18,61,-65,2399,7195
2018-06-12 00:00:00,BUTTER (CASH SETTLED) ,759,897,-9,10,-138,1656,6162
2018-06-19 00:00:00,BUTTER (CASH SETTLED) ,1012,1082,253,185,-70,2094,7066
2018-06-26 00:00:00,BUTTER (CASH SETTLED) ,1097,1328,85,246,-231,2425,7571
2018-05-22 00:00:00,BUTTER (CASH SETTLED) ,679,1158,-21,-4,-479,1837,6960
2018-03-06 00:00:00,BUTTER (CASH SETTLED) ,480,1230,-49,-315,-750,1710,7121
2018-03-13 00:00:00,BUTTER (CASH SETTLED) ,507,1391,27,161,-884,1898,7282
2018-03-20 00:00:00,BUTTER (CASH SETTLED) ,549,1447,42,56,-898,1996,7552
2018-03-27 00:00:00,BUTTER (CASH SETTLED) ,567,1438,18,-9,-871,2005,7668
2018-02-06 00:00:00,BUTTER (CASH SETTLED) ,539,1705,-14,-233,-1166,2244,7214
2018-02-13 00:00:00,BUTTER (CASH SETTLED) ,518,1548,-21,-157,-1030,2066,7830
2018-02-20 00:00:00,BUTTER (CASH SETTLED) ,529,1472,11,-76,-943,2001,7931
2018-02-27 00:00:00,BUTTER (CASH SETTLED) ,529,1545,0,73,-1016,2074,8107
2018-01-02 00:00:00,BUTTER (CASH SETTLED) ,474,1367,43,8,-893,1841,5720
2018-01-09 00:00:00,BUTTER (CASH SETTLED) ,519,1429,45,62,-910,1948,5462
2018-01-16 00:00:00,BUTTER (CASH SETTLED) ,519,1543,0,114,-1024,2062,6342
2018-01-23 00:00:00,BUTTER (CASH SETTLED) ,585,1823,66,280,-1238,2408,6858
2018-01-30 00:00:00,BUTTER (CASH SETTLED) ,553,1938,-32,115,-1385,2491,7208
2017-12-05 00:00:00,BUTTER (CASH SETTLED) ,305,961,37,68,-656,1266,4686
2017-12-12 00:00:00,BUTTER (CASH SETTLED) ,354,972,49,11,-618,1326,4847
2017-12-19 00:00:00,BUTTER (CASH SETTLED) ,353,1149,-1,177,-796,1502,5131
2017-12-26 00:00:00,BUTTER (CASH SETTLED) ,431,1359,78,210,-928,1790,5543
2017-11-07 00:00:00,BUTTER (CASH SETTLED) ,75,675,-44,88,-600,750,5292
2017-11-14 00:00:00,BUTTER (CASH SETTLED) ,73,770,-2,95,-697,843,5616
2017-11-21 00:00:00,BUTTER (CASH SETTLED) ,230,819,157,49,-589,1049,5710
2017-11-28 00:00:00,BUTTER (CASH SETTLED) ,268,893,38,74,-625,1161,5842
2017-10-03 00:00:00,BUTTER (CASH SETTLED) ,219,584,41,2,-365,803,6211
2017-10-10 00:00:00,BUTTER (CASH SETTLED) ,112,633,-107,49,-521,745,5200
2017-10-17 00:00:00,BUTTER (CASH SETTLED) ,120,653,8,20,-533,773,5240
2017-10-24 00:00:00,BUTTER (CASH SETTLED) ,80,623,-40,-30,-543,703,5497
2017-10-31 00:00:00,BUTTER (CASH SETTLED) ,119,587,39,-36,-468,706,5840
2017-09-05 00:00:00,BUTTER (CASH SETTLED) ,237,568,-7,-58,-331,805,5354
2017-09-12 00:00:00,BUTTER (CASH SETTLED) ,200,557,-37,-11,-357,757,5615
2017-09-19 00:00:00,BUTTER (CASH SETTLED) ,217,575,17,18,-358,792,5790
2017-09-26 00:00:00,BUTTER (CASH SETTLED) ,178,582,-39,7,-404,760,5997
2017-08-01 00:00:00,BUTTER (CASH SETTLED) ,400,863,68,-14,-463,1263,5945
2017-08-08 00:00:00,BUTTER (CASH SETTLED) ,411,735,11,-128,-324,1146,5064
2017-08-15 00:00:00,BUTTER (CASH SETTLED) ,430,690,19,-45,-260,1120,5373
2017-08-22 00:00:00,BUTTER (CASH SETTLED) ,328,624,-102,-66,-296,952,5846
2017-08-29 00:00:00,BUTTER (CASH SETTLED) ,244,626,-84,2,-382,870,6046
2017-07-03 00:00:00,BUTTER (CASH SETTLED) ,465,678,15,-141,-213,1143,5244
2017-07-11 00:00:00,BUTTER (CASH SETTLED) ,409,769,-56,91,-360,1178,5343
2017-07-18 00:00:00,BUTTER (CASH SETTLED) ,391,817,-18,48,-426,1208,5727
2017-07-25 00:00:00,BUTTER (CASH SETTLED) ,332,877,-59,60,-545,1209,5895
2017-06-06 00:00:00,BUTTER (CASH SETTLED) ,489,818,148,-204,-329,1307,5602
2017-06-13 00:00:00,BUTTER (CASH SETTLED) ,469,793,-20,-25,-324,1262,5806
2017-06-20 00:00:00,BUTTER (CASH SETTLED) ,482,931,13,138,-449,1413,5986
2017-06-27 00:00:00,BUTTER (CASH SETTLED) ,450,819,-32,-112,-369,1269,6005
2017-05-02 00:00:00,BUTTER (CASH SETTLED) ,278,1029,4,-54,-751,1307,6468
2017-05-09 00:00:00,BUTTER (CASH SETTLED) ,196,869,-82,-160,-673,1065,5669
2017-05-16 00:00:00,BUTTER (CASH SETTLED) ,289,850,93,-19,-561,1139,5913
2017-05-23 00:00:00,BUTTER (CASH SETTLED) ,274,974,-15,124,-700,1248,6088
2017-05-30 00:00:00,BUTTER (CASH SETTLED) ,341,1022,67,48,-681,1363,6208
2017-04-04 00:00:00,BUTTER (CASH SETTLED) ,325,1124,10,-65,-799,1449,6501
2017-04-11 00:00:00,BUTTER (CASH SETTLED) ,281,1156,-44,32,-875,1437,5963
2017-04-18 00:00:00,BUTTER (CASH SETTLED) ,257,1145,-24,-11,-888,1402,6222
2017-04-25 00:00:00,BUTTER (CASH SETTLED) ,274,1083,17,-62,-809,1357,6353
2017-03-07 00:00:00,BUTTER (CASH SETTLED) ,1341,1256,-159,-158,85,2597,5107
2017-03-14 00:00:00,BUTTER (CASH SETTLED) ,1497,1156,156,-100,341,2653,5420
2017-03-21 00:00:00,BUTTER (CASH SETTLED) ,1674,1181,177,25,493,2855,5934
2017-03-28 00:00:00,BUTTER (CASH SETTLED) ,315,1189,-1359,8,-874,1504,6173
2017-02-14 00:00:00,BUTTER (CASH SETTLED) ,1384,1710,67,-60,-326,3094,5114
2017-02-21 00:00:00,BUTTER (CASH SETTLED) ,1417,1528,33,-182,-111,2945,5308
2017-02-28 00:00:00,BUTTER (CASH SETTLED) ,1500,1414,83,-114,86,2914,5565
2021-07-13," 
BUTTER (CASH SETTLED) ",0,1087,0,-1,-1087,1087,7992
2021-07-06," 
BUTTER (CASH SETTLED) ",0,1088,0,-172,-1088,1088,7736
2021-06-01," 
BUTTER (CASH SETTLED) ",27,1325,-1,120,-1298,1352,8967
2021-06-08," 
BUTTER (CASH SETTLED) ",32,1071,5,-254,-1039,1103,7981
2021-06-15," 
BUTTER (CASH SETTLED) ",10,1074,-22,3,-1064,1084,8324
2021-06-22," 
BUTTER (CASH SETTLED) ",0,1272,-10,198,-1272,1272,8761
2021-06-29," 
BUTTER (CASH SETTLED) ",0,1260,0,-12,-1260,1260,8802
2021-05-04," 
BUTTER (CASH SETTLED) ",13,1392,-2,69,-1379,1405,9173
2021-05-11," 
BUTTER (CASH SETTLED) ",57,1254,44,-138,-1197,1311,8433
2021-05-18," 
BUTTER (CASH SETTLED) ",69,1190,12,-64,-1121,1259,8534
2021-05-25," 
BUTTER (CASH SETTLED) ",28,1205,-41,15,-1177,1233,8828
2021-04-06," 
BUTTER (CASH SETTLED) ",0,1238,0,-142,-1238,1238,8498
2021-04-13," 
BUTTER (CASH SETTLED) ",7,1299,7,61,-1292,1306,8685
2021-04-20," 
BUTTER (CASH SETTLED) ",39,1293,32,-6,-1254,1332,8790
2021-04-27," 
BUTTER (CASH SETTLED) ",15,1323,-24,30,-1308,1338,8892
2021-03-02," 
BUTTER (CASH SETTLED) ",24,943,-62,-18,-919,967,9878
2021-03-09," 
BUTTER (CASH SETTLED) ",7,1235,-17,292,-1228,1242,8910
2021-03-16," 
BUTTER (CASH SETTLED) ",39,1379,32,144,-1340,1418,9184
2021-03-23," 
BUTTER (CASH SETTLED) ",13,1404,-26,25,-1391,1417,9322
2021-03-30," 
BUTTER (CASH SETTLED) ",0,1380,-13,-24,-1380,1380,9385
2021-02-02," 
BUTTER (CASH SETTLED) ",124,839,6,-168,-715,963,10216
2021-02-09," 
BUTTER (CASH SETTLED) ",107,940,-17,101,-833,1047,9372
2021-02-16," 
BUTTER (CASH SETTLED) ",116,938,9,-2,-822,1054,9487
2021-02-23," 
BUTTER (CASH SETTLED) ",86,961,-30,23,-875,1047,9711
2021-01-05," 
BUTTER (CASH SETTLED) ",125,564,-39,-71,-439,689,7641
2021-01-12," 
BUTTER (CASH SETTLED) ",133,609,8,45,-476,742,8085
2021-01-19," 
BUTTER (CASH SETTLED) ",144,881,11,272,-737,1025,8742
2021-01-26," 
BUTTER (CASH SETTLED) ",118,1007,-26,126,-889,1125,9522
2020-12-01," 
BUTTER (CASH SETTLED) ",465,535,-10,13,-70,1000,8976
2020-12-08," 
BUTTER (CASH SETTLED) ",262,430,-203,-105,-168,692,7312
2020-12-15," 
BUTTER (CASH SETTLED) ",183,494,-79,64,-311,677,7930
2020-12-21," 
BUTTER (CASH SETTLED) ",208,581,25,87,-373,789,8395
2020-12-29," 
BUTTER (CASH SETTLED) ",164,635,-44,54,-471,799,9022
2020-11-03," 
BUTTER (CASH SETTLED) ",425,594,-66,-9,-169,1019,9361
2020-11-10," 
BUTTER (CASH SETTLED) ",373,491,-52,-103,-118,864,7732
2020-11-17," 
BUTTER (CASH SETTLED) ",388,503,15,12,-115,891,8042
2020-11-24," 
BUTTER (CASH SETTLED) ",475,522,87,19,-47,997,8751
2020-10-06," 
BUTTER (CASH SETTLED) ",553,1451,-27,-181,-898,2004,7663
2020-10-13," 
BUTTER (CASH SETTLED) ",546,1257,-7,-194,-711,1803,8098
2020-10-20," 
BUTTER (CASH SETTLED) ",498,598,-48,-659,-100,1096,8484
2020-10-27," 
BUTTER (CASH SETTLED) ",491,603,-7,5,-112,1094,8796
2020-09-01," 
BUTTER (CASH SETTLED) ",629,1470,140,166,-841,2099,9857
2020-09-08," 
BUTTER (CASH SETTLED) ",628,1579,-1,109,-951,2207,8340
2020-09-15," 
BUTTER (CASH SETTLED) ",639,1509,11,-70,-870,2148,8491
2020-09-22," 
BUTTER (CASH SETTLED) ",591,1617,-48,108,-1026,2208,8900
2020-09-29," 
BUTTER (CASH SETTLED) ",580,1632,-11,15,-1052,2212,9130
2020-08-04," 
BUTTER (CASH SETTLED) ",897,722,41,39,175,1619,9959
2020-08-11," 
BUTTER (CASH SETTLED) ",516,575,-381,-147,-59,1091,8724
2020-08-18," 
BUTTER (CASH SETTLED) ",543,1177,27,602,-634,1720,9019
2020-08-25," 
BUTTER (CASH SETTLED) ",489,1304,-54,127,-815,1793,9500
2020-07-07," 
BUTTER (CASH SETTLED) ",671,720,-241,-285,-49,1391,8990
2020-07-14," 
BUTTER (CASH SETTLED) ",683,691,12,-29,-8,1374,9111
2020-07-21," 
BUTTER (CASH SETTLED) ",755,693,72,2,62,1448,9615
2020-07-28," 
BUTTER (CASH SETTLED) ",856,683,101,-10,173,1539,9720
2020-06-02," 
BUTTER (CASH SETTLED) ",788,1259,36,8,-471,2047,10422
2020-06-09," 
BUTTER (CASH SETTLED) ",992,952,204,-307,40,1944,9668
2020-06-16," 
BUTTER (CASH SETTLED) ",984,1090,-8,138,-106,2074,9967
2020-06-23," 
BUTTER (CASH SETTLED) ",988,1098,4,8,-110,2086,10174
2020-06-30," 
BUTTER (CASH SETTLED) ",912,1005,-76,-93,-93,1917,10356
2020-05-05," 
BUTTER (CASH SETTLED) ",798,1353,42,-312,-555,2151,9819
2020-05-12," 
BUTTER (CASH SETTLED) ",796,1186,-2,-167,-390,1982,10207
2020-05-19," 
BUTTER (CASH SETTLED) ",806,1199,10,13,-393,2005,10337
2020-05-26," 
BUTTER (CASH SETTLED) ",752,1251,-54,52,-499,2003,10410
2020-04-07," 
BUTTER (CASH SETTLED) ",453,1972,441,-200,-1519,2425,10773
2020-04-14," 
BUTTER (CASH SETTLED) ",585,1924,132,-48,-1339,2509,11160
2020-04-21," 
BUTTER (CASH SETTLED) ",650,1783,65,-141,-1133,2433,11455
2020-04-28," 
BUTTER (CASH SETTLED) ",756,1665,106,-118,-909,2421,11299
2020-03-03," 
BUTTER (CASH SETTLED) ",0,3450,0,-488,-3450,3450,11853
2020-03-10," 
BUTTER (CASH SETTLED) ",0,2600,0,-850,-2600,2600,10844
2020-03-17," 
BUTTER (CASH SETTLED) ",0,2473,0,-127,-2473,2473,11597
2020-03-24," 
BUTTER (CASH SETTLED) ",129,2338,129,-135,-2209,2467,12098
2020-03-31," 
BUTTER (CASH SETTLED) ",12,2172,-117,-166,-2160,2184,11918
2020-02-04," 
BUTTER (CASH SETTLED) ",0,4393,0,-1,-4393,4393,11852
2020-02-11," 
BUTTER (CASH SETTLED) ",1,4072,1,-321,-4071,4073,11078
2020-02-18," 
BUTTER (CASH SETTLED) ",0,3966,-1,-106,-3966,3966,11491
2020-02-25," 
BUTTER (CASH SETTLED) ",0,3938,0,-28,-3938,3938,11846
2020-01-07," 
BUTTER (CASH SETTLED) ",0,3458,0,-282,-3458,3458,9591
2020-01-14," 
BUTTER (CASH SETTLED) ",0,3490,0,32,-3490,3490,10236
2020-01-21," 
BUTTER (CASH SETTLED) ",0,3938,0,448,-3938,3938,10889
2020-01-28," 
BUTTER (CASH SETTLED) ",0,4394,0,456,-4394,4394,11552
2019-12-03," 
BUTTER (CASH SETTLED) ",0,2900,0,-44,-2900,2900,9953
2019-12-10," 
BUTTER (CASH SETTLED) ",0,2995,0,95,-2995,2995,9200
2019-12-17," 
BUTTER (CASH SETTLED) ",0,3573,0,578,-3573,3573,9861
2019-12-31," 
BUTTER (CASH SETTLED) ",0,3740,0,-81,-3740,3740,10203
2019-11-05," 
BUTTER (CASH SETTLED) ",154,2426,-36,-276,-2272,2580,8365
2019-11-12," 
BUTTER (CASH SETTLED) ",142,2709,-12,283,-2567,2851,8950
2019-11-19," 
BUTTER (CASH SETTLED) ",0,2914,-142,205,-2914,2914,9427
2019-11-26," 
BUTTER (CASH SETTLED) ",0,2944,0,30,-2944,2944,9690
2019-10-01," 
BUTTER (CASH SETTLED) ",286,2871,95,193,-2585,3157,8337
2019-10-08," 
BUTTER (CASH SETTLED) ",212,2832,-74,-39,-2620,3044,7869
2019-10-15," 
BUTTER (CASH SETTLED) ",49,2731,-163,-101,-2682,2780,8244
2019-10-22," 
BUTTER (CASH SETTLED) ",148,2810,99,79,-2662,2958,8913
2019-10-29," 
BUTTER (CASH SETTLED) ",190,2702,42,-108,-2512,2892,9228
2019-09-03," 
BUTTER (CASH SETTLED) ",471,2766,-68,-140,-2295,3237,8974
2019-09-10," 
BUTTER (CASH SETTLED) ",241,2563,-230,-203,-2322,2804,7834
2019-09-17," 
BUTTER (CASH SETTLED) ",197,2529,-44,-34,-2332,2726,7820
2019-09-24," 
BUTTER (CASH SETTLED) ",191,2678,-6,149,-2487,2869,7934
2019-08-06," 
BUTTER (CASH SETTLED) ",732,2332,-260,-401,-1600,3064,7504
2019-08-13," 
BUTTER (CASH SETTLED) ",768,2585,36,253,-1817,3353,8047
2019-08-20," 
BUTTER (CASH SETTLED) ",619,2674,-149,89,-2055,3293,8324
2019-08-27," 
BUTTER (CASH SETTLED) ",539,2906,-80,232,-2367,3445,8881
2019-07-02," 
BUTTER (CASH SETTLED) ",932,3488,-23,-25,-2556,4420,8590
2019-07-09," 
BUTTER (CASH SETTLED) ",952,2609,20,-879,-1657,3561,7519
2019-07-16," 
BUTTER (CASH SETTLED) ",1042,2633,90,24,-1591,3675,7809
2019-07-23," 
BUTTER (CASH SETTLED) ",994,2561,-48,-72,-1567,3555,7998
2019-07-30," 
BUTTER (CASH SETTLED) ",992,2733,-2,172,-1741,3725,8599
2019-06-04," 
BUTTER (CASH SETTLED) ",988,3883,23,145,-2895,4871,9217
2019-06-11," 
BUTTER (CASH SETTLED) ",846,3402,-142,-481,-2556,4248,8176
2019-06-25," 
BUTTER (CASH SETTLED) ",955,3513,68,56,-2558,4468,8516
2019-05-07," 
BUTTER (CASH SETTLED) ",660,3282,-174,-379,-2622,3942,7595
2019-05-14," 
BUTTER (CASH SETTLED) ",696,3485,36,203,-2789,4181,7945
2019-05-21," 
BUTTER (CASH SETTLED) ",889,3637,193,152,-2748,4526,8341
2019-05-28," 
BUTTER (CASH SETTLED) ",965,3738,76,101,-2773,4703,8608
2019-04-02," 
BUTTER (CASH SETTLED) ",645,4187,15,41,-3542,4832,8862
2019-04-09," 
BUTTER (CASH SETTLED) ",572,3303,-73,-884,-2731,3875,7713
2019-04-16," 
BUTTER (CASH SETTLED) ",659,3400,87,97,-2741,4059,7877
2019-04-23," 
BUTTER (CASH SETTLED) ",710,3623,51,223,-2913,4333,8309
2019-04-30," 
BUTTER (CASH SETTLED) ",834,3661,124,38,-2827,4495,8642
2019-03-05," 
BUTTER (CASH SETTLED) ",632,3870,34,-563,-3238,4502,7634
2019-03-12," 
BUTTER (CASH SETTLED) ",622,3889,-10,19,-3267,4511,7977
2019-03-19," 
BUTTER (CASH SETTLED) ",614,4047,-8,158,-3433,4661,8147
2019-03-26," 
BUTTER (CASH SETTLED) ",630,4146,16,99,-3516,4776,8514
2019-02-05," 
BUTTER (CASH SETTLED) ",525,4116,-44,-425,-3591,4641,7754
2019-02-12," 
BUTTER (CASH SETTLED) ",572,4212,47,96,-3640,4784,7999
2019-02-19," 
BUTTER (CASH SETTLED) ",591,4304,19,92,-3713,4895,8181
2019-02-26," 
BUTTER (CASH SETTLED) ",598,4433,7,129,-3835,5031,8498
2019-01-08," 
BUTTER (CASH SETTLED) ",304,3500,9,247,-3196,3804,7048
2019-01-15," 
BUTTER (CASH SETTLED) ",377,3837,73,337,-3460,4214,7475
2019-01-22," 
BUTTER (CASH SETTLED) ",519,4130,142,293,-3611,4649,7903
2019-01-29," 
BUTTER (CASH SETTLED) ",569,4541,50,411,-3972,5110,8528
2018-12-04,"
  
 
BUTTER (CASH SETTLED) ",335,2238,-10,91,-1903,2573,7361
2018-12-11,"
  
 
BUTTER (CASH SETTLED) ",212,2523,-123,285,-2311,2735,6695
2018-12-18,"
  
 
BUTTER (CASH SETTLED) ",234,2839,22,316,-2605,3073,7022
2018-12-24," 
BUTTER (CASH SETTLED) ",292,3185,58,346,-2893,3477,7559
2018-12-31," 
BUTTER (CASH SETTLED) ",295,3253,3,68,-2958,3548,7616
2018-11-06,"
  
 
BUTTER (CASH SETTLED) ",366,1343,-419,9,-977,1709,6185
2018-11-13,"
  
 
BUTTER (CASH SETTLED) ",193,1455,-173,112,-1262,1648,6623
2018-11-27,"
  
 
BUTTER (CASH SETTLED) ",345,2147,95,391,-1802,2492,7449
2018-10-02,"
  
 
BUTTER (CASH SETTLED) ",889,1150,36,-34,-261,2039,6716
2018-10-09,"
  
 
BUTTER (CASH SETTLED) ",727,912,-162,-238,-185,1639,5672
2018-10-16,"
  
 
BUTTER (CASH SETTLED) ",748,949,21,37,-201,1697,6397
2018-10-23,"
  
 
BUTTER (CASH SETTLED) ",750,1323,2,374,-573,2073,6756
2018-10-30,"
  
 
BUTTER (CASH SETTLED) ",785,1334,35,11,-549,2119,7202
2018-07-24,"
  
 
BUTTER (CASH SETTLED) ",1229,1309,62,77,-80,2538,7387
2018-07-31,"
  
 
BUTTER (CASH SETTLED) ",1358,1334,129,25,24,2692,7512
2018-06-05,"
  
 
BUTTER (CASH SETTLED) ",768,887,41,-358,-119,1655,6008
2018-05-01,"
  
 
BUTTER (CASH SETTLED) ",407,821,17,-17,-414,1228,7041
2018-05-08,"
  
 
BUTTER (CASH SETTLED) ",704,1131,297,310,-427,1835,6798
2018-05-15,"
  
 
BUTTER (CASH SETTLED) ",700,1162,-4,31,-462,1862,6824
2018-05-29,"
  
 
BUTTER (CASH SETTLED) ",727,1245,48,87,-518,1972,6988
2018-04-03,"
  
 
BUTTER (CASH SETTLED) ",555,1405,-12,-33,-850,1960,7712
2018-04-10,"
  
 
BUTTER (CASH SETTLED) ",439,947,-116,-458,-508,1386,6487
2018-04-17,"
  
 
BUTTER (CASH SETTLED) ",411,971,-28,24,-560,1382,6574
2018-04-24,"
  
 
BUTTER (CASH SETTLED) ",390,838,-21,-133,-448,1228,6720
2018-03-06,BUTTER (CASH SETTLED) ,480,1230,-49,-315,-750,1710,7121
2018-03-13,BUTTER (CASH SETTLED) ,507,1391,27,161,-884,1898,7282
2018-03-20,BUTTER (CASH SETTLED) ,549,1447,42,56,-898,1996,7552
2018-03-27,BUTTER (CASH SETTLED) ,567,1438,18,-9,-871,2005,7668
2018-02-06,BUTTER (CASH SETTLED) ,539,1705,-14,-233,-1166,2244,7214
2018-02-13,BUTTER (CASH SETTLED) ,518,1548,-21,-157,-1030,2066,7830
2018-02-20,BUTTER (CASH SETTLED) ,529,1472,11,-76,-943,2001,7931
2018-02-27,BUTTER (CASH SETTLED) ,529,1545,0,73,-1016,2074,8107
2018-01-02,BUTTER (CASH SETTLED) ,474,1367,43,8,-893,1841,5720
2018-01-09,BUTTER (CASH SETTLED) ,519,1429,45,62,-910,1948,5462
2018-01-16,BUTTER (CASH SETTLED) ,519,1543,0,114,-1024,2062,6342
2018-01-23,BUTTER (CASH SETTLED) ,585,1823,66,280,-1238,2408,6858
2018-01-30,BUTTER (CASH SETTLED) ,553,1938,-32,115,-1385,2491,7208
2017-12-05,BUTTER (CASH SETTLED) ,305,961,37,68,-656,1266,4686
2017-12-12,BUTTER (CASH SETTLED) ,354,972,49,11,-618,1326,4847
2017-12-19,BUTTER (CASH SETTLED) ,353,1149,-1,177,-796,1502,5131
2017-12-26,BUTTER (CASH SETTLED) ,431,1359,78,210,-928,1790,5543
2017-11-07,BUTTER (CASH SETTLED) ,75,675,-44,88,-600,750,5292
2017-11-14,BUTTER (CASH SETTLED) ,73,770,-2,95,-697,843,5616
2017-11-21,BUTTER (CASH SETTLED) ,230,819,157,49,-589,1049,5710
2017-11-28,BUTTER (CASH SETTLED) ,268,893,38,74,-625,1161,5842
2017-10-03,BUTTER (CASH SETTLED) ,219,584,41,2,-365,803,6211
2017-10-10,BUTTER (CASH SETTLED) ,112,633,-107,49,-521,745,5200
2017-10-17,BUTTER (CASH SETTLED) ,120,653,8,20,-533,773,5240
2017-10-24,BUTTER (CASH SETTLED) ,80,623,-40,-30,-543,703,5497
2017-10-31,BUTTER (CASH SETTLED) ,119,587,39,-36,-468,706,5840
2017-09-05,BUTTER (CASH SETTLED) ,237,568,-7,-58,-331,805,5354
2017-09-12,BUTTER (CASH SETTLED) ,200,557,-37,-11,-357,757,5615
2017-09-19,BUTTER (CASH SETTLED) ,217,575,17,18,-358,792,5790
2017-09-26,BUTTER (CASH SETTLED) ,178,582,-39,7,-404,760,5997
2017-08-01,BUTTER (CASH SETTLED) ,400,863,68,-14,-463,1263,5945
2017-08-08,BUTTER (CASH SETTLED) ,411,735,11,-128,-324,1146,5064
2017-08-15,BUTTER (CASH SETTLED) ,430,690,19,-45,-260,1120,5373
2017-08-22,BUTTER (CASH SETTLED) ,328,624,-102,-66,-296,952,5846
2017-08-29,BUTTER (CASH SETTLED) ,244,626,-84,2,-382,870,6046
2017-07-03,BUTTER (CASH SETTLED) ,465,678,15,-141,-213,1143,5244
2017-07-11,BUTTER (CASH SETTLED) ,409,769,-56,91,-360,1178,5343
2017-07-18,BUTTER (CASH SETTLED) ,391,817,-18,48,-426,1208,5727
2017-07-25,BUTTER (CASH SETTLED) ,332,877,-59,60,-545,1209,5895
2017-06-06,BUTTER (CASH SETTLED) ,489,818,148,-204,-329,1307,5602
2017-06-13,BUTTER (CASH SETTLED) ,469,793,-20,-25,-324,1262,5806
2017-06-20,BUTTER (CASH SETTLED) ,482,931,13,138,-449,1413,5986
2017-06-27,BUTTER (CASH SETTLED) ,450,819,-32,-112,-369,1269,6005
2017-05-02,BUTTER (CASH SETTLED) ,278,1029,4,-54,-751,1307,6468
2017-05-09,BUTTER (CASH SETTLED) ,196,869,-82,-160,-673,1065,5669
2017-05-16,BUTTER (CASH SETTLED) ,289,850,93,-19,-561,1139,5913
2017-05-23,BUTTER (CASH SETTLED) ,274,974,-15,124,-700,1248,6088
2017-05-30,BUTTER (CASH SETTLED) ,341,1022,67,48,-681,1363,6208
2017-04-04,BUTTER (CASH SETTLED) ,325,1124,10,-65,-799,1449,6501
2017-04-11,BUTTER (CASH SETTLED) ,281,1156,-44,32,-875,1437,5963
2017-04-18,BUTTER (CASH SETTLED) ,257,1145,-24,-11,-888,1402,6222
2017-04-25,BUTTER (CASH SETTLED) ,274,1083,17,-62,-809,1357,6353
2017-03-07,BUTTER (CASH SETTLED) ,1341,1256,-159,-158,85,2597,5107
2017-03-14,BUTTER (CASH SETTLED) ,1497,1156,156,-100,341,2653,5420
2017-03-21,BUTTER (CASH SETTLED) ,1674,1181,177,25,493,2855,5934
2017-03-28,BUTTER (CASH SETTLED) ,315,1189,-1359,8,-874,1504,6173
2017-02-07,"
  
 
BUTTER (CASH SETTLED) ",1317,1770,-192,-164,-453,3087,4868
2017-02-14,BUTTER (CASH SETTLED) ,1384,1710,67,-60,-326,3094,5114
2017-02-21,BUTTER (CASH SETTLED) ,1417,1528,33,-182,-111,2945,5308
2017-02-28,BUTTER (CASH SETTLED) ,1500,1414,83,-114,86,2914,5565
2017-01-03,"  
 
BUTTER (CASH SETTLED) ",8565,6420,0,0,2145,14985,5501
2017-01-10,"
  
 
BUTTER (CASH SETTLED) ",1147,1624,-76,-385,-477,2771,4615
2017-01-17,"
  
 
BUTTER (CASH SETTLED) ",1184,1733,37,109,-549,2917,4759
2017-01-24,"
  
 
BUTTER (CASH SETTLED) ",1424,1896,240,163,-472,3320,5137
2017-01-31,"
  
 
BUTTER (CASH SETTLED) ",1509,1934,85,38,-425,3443,5426
2016-12-06,"
  
 
BUTTER (CASH SETTLED) ",744,1662,-24,-132,-918,2406,5000
2016-12-13,"
  
 
BUTTER (CASH SETTLED) ",831,1810,87,148,-979,2641,5055
2016-12-20,"
  
 
BUTTER (CASH SETTLED) ",974,1918,143,108,-944,2892,5215
2016-12-27,"
  
 
BUTTER (CASH SETTLED) ",1090,1980,116,62,-890,3070,5355
2016-11-01,"
  
 
BUTTER (CASH SETTLED) ",666,1856,73,47,-1190,2522,7406
2016-11-08,"
  
 
BUTTER (CASH SETTLED) ",541,1616,-125,-240,-1075,2157,5939
2016-11-15,"
  
 
BUTTER (CASH SETTLED) ",604,1763,63,147,-1159,2367,6263
2016-11-22,"
  
 
BUTTER (CASH SETTLED) ",670,1885,66,122,-1215,2555,6370
2016-11-29,"
  
 
BUTTER (CASH SETTLED) ",768,1794,98,-91,-1026,2562,6543
2016-10-04,"
  
 
BUTTER (CASH SETTLED) ",615,1659,55,25,-1044,2274,7371
2016-10-11,"
  
 
BUTTER (CASH SETTLED) ",496,1842,-119,183,-1346,2338,6466
2016-10-18,"
  
 
BUTTER (CASH SETTLED) ",493,1864,-3,22,-1371,2357,6973
2016-10-25,"
  
 
BUTTER (CASH SETTLED) ",593,1809,100,-55,-1216,2402,7143
2016-09-06,"
  
 
BUTTER (CASH SETTLED) ",560,1377,-140,-279,-817,1937,6301
2016-09-13,"
  
 
BUTTER (CASH SETTLED) ",562,1486,2,109,-924,2048,6718
2016-09-20,"
  
 
BUTTER (CASH SETTLED) ",562,1450,0,-36,-888,2012,6921
2016-09-27,"
  
 
BUTTER (CASH SETTLED) ",560,1634,-2,184,-1074,2194,7085
2016-08-02,"
  
 
BUTTER (CASH SETTLED) ",932,1553,-85,57,-621,2485,6265
2016-08-09,"
  
 
BUTTER (CASH SETTLED) ",741,1312,-191,-241,-571,2053,5551
2016-08-16,"
  
 
BUTTER (CASH SETTLED) ",751,1471,10,159,-720,2222,5887
2016-08-23,"
  
 
BUTTER (CASH SETTLED) ",694,1584,-57,113,-890,2278,6654
2016-08-30,"
  
 
BUTTER (CASH SETTLED) ",700,1656,6,72,-956,2356,7046
2016-07-05,"
  
 
BUTTER (CASH SETTLED) ",978,1387,-31,-193,-409,2365,5720
2016-07-12,"
  
 
BUTTER (CASH SETTLED) ",974,1432,-4,45,-458,2406,5803
2016-07-19,"
  
 
BUTTER (CASH SETTLED) ",1018,1447,44,15,-429,2465,5819
2016-07-26,"
  
 
BUTTER (CASH SETTLED) ",1017,1496,-1,49,-479,2513,6049
2016-06-07,"
  
 
BUTTER (CASH SETTLED) ",752,1211,3,-235,-459,1963,5925
2016-06-14,"
  
 
BUTTER (CASH SETTLED) ",861,1348,109,137,-487,2209,6284
2016-06-21,"
  
 
BUTTER (CASH SETTLED) ",981,1538,120,190,-557,2519,6510
2016-06-28,"
  
 
BUTTER (CASH SETTLED) ",1009,1580,28,42,-571,2589,6598
2016-05-03,"
  
 
BUTTER (CASH SETTLED) ",718,1585,14,149,-867,2303,7039
2016-05-10,"
  
 
BUTTER (CASH SETTLED) ",609,1376,-109,-209,-767,1985,6155
2016-05-17,"
  
 
BUTTER (CASH SETTLED) ",668,1414,59,38,-746,2082,6288
2016-05-24,"
  
 
BUTTER (CASH SETTLED) ",725,1409,57,-5,-684,2134,6425
2016-05-31,"
  
 
BUTTER (CASH SETTLED) ",749,1446,24,37,-697,2195,6623
2016-04-05,"
  
 
BUTTER (CASH SETTLED) ",464,1091,-86,-537,-627,1555,5971
2016-04-12,"
  
 
BUTTER (CASH SETTLED) ",525,1070,61,-21,-545,1595,6254
2016-04-19,"
  
 
BUTTER (CASH SETTLED) ",605,1347,80,277,-742,1952,6581
2016-04-26,"
  
 
BUTTER (CASH SETTLED) ",704,1436,99,89,-732,2140,6751
2016-03-01,"
  
 
BUTTER (CASH SETTLED) ",634,2030,23,313,-1396,2664,6622
2016-03-08,"
  
 
BUTTER (CASH SETTLED) ",504,1583,-130,-447,-1079,2087,5986
2016-03-15,"
  
 
BUTTER (CASH SETTLED) ",512,1664,8,81,-1152,2176,6252
2016-03-22,"
  
 
BUTTER (CASH SETTLED) ",553,1592,41,-72,-1039,2145,6573
2016-03-29,"
  
 
BUTTER (CASH SETTLED) ",550,1628,-3,36,-1078,2178,6708
2016-02-02,"
  
 
BUTTER (CASH SETTLED) ",593,1392,70,166,-799,1985,5395
2016-02-09,"
  
 
BUTTER (CASH SETTLED) ",537,1267,-56,-125,-730,1804,5146
2016-02-16,"
  
 
BUTTER (CASH SETTLED) ",594,1603,57,336,-1009,2197,5570
2016-02-23,"
  
 
BUTTER (CASH SETTLED) ",611,1717,17,114,-1106,2328,5979
2016-01-05,"
  
 
BUTTER (CASH SETTLED) ",314,1263,-279,-102,-949,1577,4130
2016-01-12,"
  
 
BUTTER (CASH SETTLED) ",315,1166,1,-97,-851,1481,4235
2016-01-19,"
  
 
BUTTER (CASH SETTLED) ",455,1310,140,144,-855,1765,4635
2016-01-26,"
  
 
BUTTER (CASH SETTLED) ",523,1226,68,-84,-703,1749,5030
2015-12-01,"
  
 
BUTTER (CASH SETTLED) ",564,957,-9,148,-393,1521,5303
2015-12-08,"
  
 
BUTTER (CASH SETTLED) ",473,798,-91,-159,-325,1271,4447
2015-12-15,"
  
 
BUTTER (CASH SETTLED) ",561,1118,88,320,-557,1679,4798
2015-12-22,"
  
 
BUTTER (CASH SETTLED) ",560,1208,-1,90,-648,1768,4973
2015-12-29,"
  
 
BUTTER (CASH SETTLED) ",593,1365,33,157,-772,1958,5086
2015-11-03,"
  
 
BUTTER (CASH SETTLED) ",590,610,39,-37,-20,1200,5702
2015-11-10,"
  
 
BUTTER (CASH SETTLED) ",456,502,-134,-108,-46,958,4762
2015-11-17,"
  
 
BUTTER (CASH SETTLED) ",470,525,14,23,-55,995,4857
2015-11-24,"
  
 
BUTTER (CASH SETTLED) ",573,809,103,284,-236,1382,5127
2015-10-06,"
  
 
BUTTER (CASH SETTLED) ",539,642,-100,-135,-103,1181,5565
2015-10-13,"
  
 
BUTTER (CASH SETTLED) ",545,671,6,29,-126,1216,5589
2015-10-20,"
  
 
BUTTER (CASH SETTLED) ",543,669,-2,-2,-126,1212,5646
2015-10-27,"
  
 
BUTTER (CASH SETTLED) ",551,647,8,-22,-96,1198,5630
2015-09-01,"
  
 
BUTTER (CASH SETTLED) ",904,606,-11,28,298,1510,7252
2015-09-08,"
  
 
BUTTER (CASH SETTLED) ",806,472,-98,-134,334,1278,6348
2015-09-15,"
  
 
BUTTER (CASH SETTLED) ",783,483,-23,11,300,1266,6488
2015-09-22,"
  
 
BUTTER (CASH SETTLED) ",657,543,-126,60,114,1200,6424
2015-09-29,"
  
 
BUTTER (CASH SETTLED) ",639,777,-18,234,-138,1416,6427
2015-08-04,"
  
 
BUTTER (CASH SETTLED) ",886,745,148,-11,141,1631,7325
2015-08-11,"
  
 
BUTTER (CASH SETTLED) ",910,590,24,-155,320,1500,6842
2015-08-18,"
  
 
BUTTER (CASH SETTLED) ",930,540,20,-50,390,1470,7078
2015-08-25,"
  
 
BUTTER (CASH SETTLED) ",915,578,-15,38,337,1493,7168
2015-07-07,"
  
 
BUTTER (CASH SETTLED) ",469,942,60,-265,-473,1411,6167
2015-07-14,"
  
 
BUTTER (CASH SETTLED) ",535,876,66,-66,-341,1411,6494
2015-07-21,"
  
 
BUTTER (CASH SETTLED) ",685,821,150,-55,-136,1506,6854
2015-07-28,"
  
 
BUTTER (CASH SETTLED) ",738,756,53,-65,-18,1494,7000
2015-06-02,"
  
 
BUTTER (CASH SETTLED) ",423,1620,45,-43,-1197,2043,6967
2015-06-09,"
  
 
BUTTER (CASH SETTLED) ",315,1202,-108,-418,-887,1517,6119
2015-06-16,"
  
 
BUTTER (CASH SETTLED) ",366,1203,51,1,-837,1569,6318
2015-06-23,"
  
 
BUTTER (CASH SETTLED) ",412,1208,46,5,-796,1620,6677
2015-06-30,"
  
 
BUTTER (CASH SETTLED) ",409,1207,-3,-1,-798,1616,6913
2015-05-05,"
  
 
BUTTER (CASH SETTLED) ",279,1652,-80,-381,-1373,1931,6301
2015-05-12,"
  
 
BUTTER (CASH SETTLED) ",310,1718,31,66,-1408,2028,6595
2015-05-19,"
  
 
BUTTER (CASH SETTLED) ",315,1687,5,-31,-1372,2002,6732
2015-05-26,"
  
 
BUTTER (CASH SETTLED) ",378,1663,63,-24,-1285,2041,6846
2015-04-07,"
  
 
BUTTER (CASH SETTLED) ",418,2046,-90,-635,-1628,2464,6083
2015-04-14,"
  
 
BUTTER (CASH SETTLED) ",420,2038,2,-8,-1618,2458,6150
2015-04-21,"
  
 
BUTTER (CASH SETTLED) ",456,2021,36,-17,-1565,2477,6510
2015-04-28,"
  
 
BUTTER (CASH SETTLED) ",359,2033,-97,12,-1674,2392,6710
2015-03-03,"
  
 
BUTTER (CASH SETTLED) ",414,2864,151,96,-2450,3278,6272
2015-03-10,"
  
 
BUTTER (CASH SETTLED) ",444,2444,30,-420,-2000,2888,5840
2015-03-17,"
  
 
BUTTER (CASH SETTLED) ",489,2567,45,123,-2078,3056,6388
2015-03-24,"
  
 
BUTTER (CASH SETTLED) ",501,2691,12,124,-2190,3192,6527
2015-03-31,"
  
 
BUTTER (CASH SETTLED) ",508,2681,7,-10,-2173,3189,6806
2015-02-03,"
  
 
BUTTER (CASH SETTLED) ",273,2659,27,76,-2386,2932,6348
2015-02-10,"
  
 
BUTTER (CASH SETTLED) ",196,2502,-77,-157,-2306,2698,5704
2015-02-17,"
  
 
BUTTER (CASH SETTLED) ",211,2537,15,35,-2326,2748,5757
2015-02-24,"
  
 
BUTTER (CASH SETTLED) ",263,2768,52,231,-2505,3031,6077
2015-01-06,"
  
 
BUTTER (CASH SETTLED) ",210,2182,-58,-408,-1972,2392,5567
2015-01-13,"
  
 
BUTTER (CASH SETTLED) ",251,2195,41,13,-1944,2446,5890
2015-01-20,"
  
 
BUTTER (CASH SETTLED) ",246,2521,-5,326,-2275,2767,5988
2015-01-27,"
  
 
BUTTER (CASH SETTLED) ",246,2583,0,62,-2337,2829,6168
2014-12-09,"
  
 
BUTTER (CASH SETTLED) ",217,2400,-6,-166,-2183,2617,5585
2014-12-16,"
  
 
BUTTER (CASH SETTLED) ",234,2643,17,243,-2409,2877,5968
2014-12-23,"
  
 
BUTTER (CASH SETTLED) ",232,2711,-2,68,-2479,2943,6288
2014-12-30,"
  
 
BUTTER (CASH SETTLED) ",268,2590,36,-121,-2322,2858,6477
2014-11-04,"
  
 
BUTTER (CASH SETTLED) ",365,2519,-16,32,-2154,2884,6160
2014-11-11,"
  
 
BUTTER (CASH SETTLED) ",158,2185,-207,-334,-2027,2343,5345
2014-11-18,"
  
 
BUTTER (CASH SETTLED) ",194,2338,36,153,-2144,2532,5685
2014-10-07,"
  
 
BUTTER (CASH SETTLED) ",259,2156,-137,-455,-1897,2415,5021
2014-10-14,"
  
 
BUTTER (CASH SETTLED) ",252,2291,-7,135,-2039,2543,5300
2014-10-21,"
  
 
BUTTER (CASH SETTLED) ",343,2444,91,153,-2101,2787,5599
2014-10-28,"
  
 
BUTTER (CASH SETTLED) ",381,2487,38,43,-2106,2868,6022
2014-09-02,"
  
 
BUTTER (CASH SETTLED) ",561,2689,14,28,-2128,3250,5840
2014-09-09,"
  
 
BUTTER (CASH SETTLED) ",389,2266,-172,-423,-1877,2655,5131
2014-09-16,"
  
 
BUTTER (CASH SETTLED) ",389,2545,0,279,-2156,2934,5565
2014-09-23,"
  
 
BUTTER (CASH SETTLED) ",420,2532,31,-13,-2112,2952,5662
2014-09-30,"
  
 
BUTTER (CASH SETTLED) ",396,2611,-24,79,-2215,3007,5807
2014-08-05,"
  
 
BUTTER (CASH SETTLED) ",534,2616,-41,-415,-2082,3150,5060
2014-08-12,"
  
 
BUTTER (CASH SETTLED) ",479,2716,-55,100,-2237,3195,5397
2014-08-19,"
  
 
BUTTER (CASH SETTLED) ",495,2695,16,-21,-2200,3190,5491
2014-08-26,"
  
 
BUTTER (CASH SETTLED) ",547,2661,52,-34,-2114,3208,5721
2014-07-01,"
  
 
BUTTER (CASH SETTLED) ",769,3393,62,82,-2624,4162,6230
2014-07-08,"
  
 
BUTTER (CASH SETTLED) ",456,2757,-313,-636,-2301,3213,5153
2014-07-15,"
  
 
BUTTER (CASH SETTLED) ",487,2925,31,168,-2438,3412,5362
2014-07-22,"
  
 
BUTTER (CASH SETTLED) ",565,3007,78,82,-2442,3572,5650
2014-07-29,"
  
 
BUTTER (CASH SETTLED) ",575,3031,10,24,-2456,3606,5816
2014-06-03,"
  
 
BUTTER (CASH SETTLED) ",658,3658,51,142,-3000,4316,6514
2014-06-10,"
  
 
BUTTER (CASH SETTLED) ",541,3076,-117,-582,-2535,3617,5620
2014-06-17,"
  
 
BUTTER (CASH SETTLED) ",641,3227,100,151,-2586,3868,5846
2014-06-24,"
  
 
BUTTER (CASH SETTLED) ",707,3311,66,84,-2604,4018,5995
2014-05-06,"
  
 
BUTTER (CASH SETTLED) ",320,3163,-6,-658,-2843,3483,5649
2014-05-13,"
  
 
BUTTER (CASH SETTLED) ",398,3222,78,59,-2824,3620,5894
2014-05-20,"
  
 
BUTTER (CASH SETTLED) ",582,3477,184,255,-2895,4059,6149
2014-05-27,"
  
 
BUTTER (CASH SETTLED) ",607,3516,25,39,-2909,4123,6321
2014-04-01,"
  
 
BUTTER (CASH SETTLED) ",609,4217,38,133,-3608,4826,7317
2014-04-08,"
  
 
BUTTER (CASH SETTLED) ",387,3699,-222,-518,-3312,4086,6143
2014-04-15,"
  
 
BUTTER (CASH SETTLED) ",411,3737,24,38,-3326,4148,6259
2014-04-22,"
  
 
BUTTER (CASH SETTLED) ",396,3753,-15,16,-3357,4149,6435
2014-04-29,"
  
 
BUTTER (CASH SETTLED) ",326,3821,-70,68,-3495,4147,6581
2014-03-04,"
  
 
BUTTER (CASH SETTLED) ",669,4324,90,156,-3655,4993,7359
2014-03-11,"
  
 
BUTTER (CASH SETTLED) ",535,3952,-134,-372,-3417,4487,6822
2014-03-18,"
  
 
BUTTER (CASH SETTLED) ",590,4014,55,62,-3424,4604,7179
2014-03-25,"
  
 
BUTTER (CASH SETTLED) ",571,4084,-19,70,-3513,4655,7208
2014-02-04,"
  
 
BUTTER (CASH SETTLED) ",411,3732,7,31,-3321,4143,6060
2014-02-11,"
  
 
BUTTER (CASH SETTLED) ",396,3620,-15,-112,-3224,4016,6028
2014-02-18,"
  
 
BUTTER (CASH SETTLED) ",391,3887,-5,267,-3496,4278,6387
2014-02-25,"
  
 
BUTTER (CASH SETTLED) ",579,4168,188,281,-3589,4747,6905
2014-01-07,"
  
 
BUTTER (CASH SETTLED) ",285,2762,-272,-240,-2477,3047,4882
2014-01-14,"
  
 
BUTTER (CASH SETTLED) ",329,3160,44,398,-2831,3489,5293
2014-01-21,"
  
 
BUTTER (CASH SETTLED) ",369,3464,40,304,-3095,3833,5628
2014-01-28,"
  
 
BUTTER (CASH SETTLED) ",404,3701,35,237,-3297,4105,5867
2013-12-03,"
  
 
BUTTER (CASH SETTLED) ",571,2361,6,196,-1790,2932,5348
2013-12-10,"
  
 
BUTTER (CASH SETTLED) ",438,2357,-133,-4,-1919,2795,4536
2013-12-17,"
  
 
BUTTER (CASH SETTLED) ",448,2681,10,324,-2233,3129,4952
2013-12-24,"
  
 
BUTTER (CASH SETTLED) ",466,2915,18,234,-2449,3381,5308
2013-11-05,"  
 
BUTTER (CASH SETTLED) ",515,1457,15,-142,-942,1972,4331
2013-11-12,"
  
 
BUTTER (CASH SETTLED) ",523,1586,8,129,-1063,2109,4494
2013-11-19,"
  
 
BUTTER (CASH SETTLED) ",524,1966,1,380,-1442,2490,4833
2013-11-26,"
  
 
BUTTER (CASH SETTLED) ",565,2165,41,199,-1600,2730,5141
2013-10-01,"
  
 
BUTTER (CASH SETTLED) ",695,1252,-18,107,-557,1947,5360
2013-10-08,"
  
 
BUTTER (CASH SETTLED) ",500,1195,-195,-57,-695,1695,4377
2013-10-15,"
  
 
BUTTER (CASH SETTLED) ",499,1274,-1,79,-775,1773,4606
2013-10-22,"
  
 
BUTTER (CASH SETTLED) ",559,1355,60,81,-796,1914,4838
2013-10-29,"
  
 
BUTTER (CASH SETTLED) ",500,1599,-59,244,-1099,2099,5250
2013-09-03,"
  
 
BUTTER (CASH SETTLED) ",1058,924,58,0,134,1982,5977
2013-09-10,"
  
 
BUTTER (CASH SETTLED) ",812,885,-246,-39,-73,1697,4867
2013-09-17,"
  
 
BUTTER (CASH SETTLED) ",745,1026,-67,141,-281,1771,5132
2013-09-24,"
  
 
BUTTER (CASH SETTLED) ",713,1145,-32,119,-432,1858,5212
2013-08-06,"
  
 
BUTTER (CASH SETTLED) ",956,627,-181,-32,329,1583,5200
2013-08-13,"
  
 
BUTTER (CASH SETTLED) ",897,704,-59,77,193,1601,5495
2013-08-20,"
  
 
BUTTER (CASH SETTLED) ",963,762,66,58,201,1725,5694
2019-12-24," 
BUTTER (CASH SETTLED) ",0,3821,0,248,-3821,3821,10208
2013-07-09,"
  
 
BUTTER (CASH SETTLED) ",1129,577,-121,-10,552,1706,5434
2013-07-16,"
  
 
BUTTER (CASH SETTLED) ",1157,591,28,14,566,1748,5762
2013-07-23,"
  
 
BUTTER (CASH SETTLED) ",1095,621,-62,30,474,1716,5890
2013-07-30,"
  
 
BUTTER (CASH SETTLED) ",1137,659,42,38,478,1796,5958
2013-06-04,"
  
 
BUTTER (CASH SETTLED) ",703,523,67,5,180,1226,5559
2013-06-11,"
  
 
BUTTER (CASH SETTLED) ",620,479,-83,-44,141,1099,5039
2013-06-18,"
  
 
BUTTER (CASH SETTLED) ",1033,535,413,56,498,1568,5593
2013-06-25,"
  
 
BUTTER (CASH SETTLED) ",1268,559,235,24,709,1827,5966
2013-05-07,"
  
 
BUTTER (CASH SETTLED) ",281,488,93,-64,-207,769,4360
2013-05-14,"
  
 
BUTTER (CASH SETTLED) ",362,506,81,18,-144,868,4587
2013-05-21,"
  
 
BUTTER (CASH SETTLED) ",473,508,111,2,-35,981,4893
2013-05-28,"
  
 
BUTTER (CASH SETTLED) ",636,518,163,10,118,1154,5206
2013-04-02,"
  
 
BUTTER (CASH SETTLED) ",14,338,-11,0,-324,352,4332
2013-04-09,"
  
 
BUTTER (CASH SETTLED) ",14,343,0,5,-329,357,4104
2013-04-16,"
  
 
BUTTER (CASH SETTLED) ",24,424,10,81,-400,448,4296
2013-04-23,"
  
 
BUTTER (CASH SETTLED) ",176,542,152,118,-366,718,4546
2013-04-30,"
  
 
BUTTER (CASH SETTLED) ",188,552,12,10,-364,740,4595
2013-03-05,"
  
 
BUTTER (CASH SETTLED) ",151,143,2,-70,8,294,3553
2013-03-12,"
  
 
BUTTER (CASH SETTLED) ",23,195,-128,52,-172,218,3773
2013-03-26,"
  
 
BUTTER (CASH SETTLED) ",25,338,-5,115,-313,363,4254
2013-02-19,"
  
 
BUTTER (CASH SETTLED) ",149,211,-8,54,-62,360,3373
2013-02-26,"
  
 
BUTTER (CASH SETTLED) ",149,213,0,2,-64,362,3670
2012-12-04,"
  
 
BUTTER (CASH SETTLED) ",89,28,27,-5,61,117,3408
2012-11-06,"
  
 
BUTTER (CASH SETTLED) ",89,47,-35,1,42,136,2379
2012-10-02,"
  
 
BUTTER (CASH SETTLED) ",0,74,0,5,-74,74,3687
2012-10-23,"
  
 
BUTTER (CASH SETTLED) ",91,46,"0,0","0,0",45,137,2984
2012-10-30,"
  
 
BUTTER (CASH SETTLED) ",124,46,33,0,78,170,3119
2012-09-04,"
  
 
BUTTER (CASH SETTLED) ",0,35,0,-58,-35,35,3420
2012-09-11,"
  
 
BUTTER (CASH SETTLED) ",0,64,0,29,-64,64,3503
2012-09-18,"
  
 
BUTTER (CASH SETTLED) ",0,60,0,-4,-60,60,3514
2012-09-25,"
  
 
BUTTER (CASH SETTLED) ",0,69,0,9,-69,69,3560
2012-08-07,"
  
 
BUTTER (CASH SETTLED) ",0,132,0,-67,-132,132,4176
2012-08-14,"
  
 
BUTTER (CASH SETTLED) ",0,130,0,-2,-130,130,4208
2012-08-21,"
  
 
BUTTER (CASH SETTLED) ",0,85,0,-45,-85,85,4289
2012-08-28,"
  
 
BUTTER (CASH SETTLED) ",0,93,0,8,-93,93,4323
2012-07-03,"
  
 
BUTTER (CASH SETTLED) ",35,133,0,0,-98,168,4906
2012-07-17,"
  
 
BUTTER (CASH SETTLED) ",0,167,0,80,-167,167,4257
2012-07-24,"
  
 
BUTTER (CASH SETTLED) ",0,187,0,20,-187,187,4323
2012-07-31,"
  
 
BUTTER (CASH SETTLED) ",0,199,0,12,-199,199,4771
2012-06-05,"
  
 
BUTTER (CASH SETTLED) ",51,126,-96,-31,-75,177,4498
2012-06-12,"
  
 
BUTTER (CASH SETTLED) ",53,129,2,3,-76,182,4737
2012-06-19,"
  
 
BUTTER (CASH SETTLED) ",35,121,-18,-8,-86,156,4813
2012-06-26,"
  
 
BUTTER (CASH SETTLED) ",35,133,0,12,-98,168,4887
2012-05-01,"
  
 
BUTTER (CASH SETTLED) ",278,118,-27,11,160,396,5661
2012-05-08,"
  
 
BUTTER (CASH SETTLED) ",148,99,-130,-19,49,247,5038
2012-05-15,"
  
 
BUTTER (CASH SETTLED) ",148,105,0,6,43,253,5060
2012-05-22,"
  
 
BUTTER (CASH SETTLED) ",149,150,1,45,-1,299,5116
2012-05-29,"
  
 
BUTTER (CASH SETTLED) ",147,157,-2,7,-10,304,5112
2012-04-03,"
  
 
BUTTER (CASH SETTLED) ",306,89,-154,-35,217,395,5288
2012-04-10,"
  
 
BUTTER (CASH SETTLED) ",302,88,-4,-1,214,390,5406
2012-04-17,"
  
 
BUTTER (CASH SETTLED) ",306,93,4,5,213,399,5480
2012-04-24,"
  
 
BUTTER (CASH SETTLED) ",305,107,-1,14,198,412,5621
2012-03-06,"
  
 
BUTTER (CASH SETTLED) ",390,100,-86,-13,290,490,5368
2012-03-13,"
  
 
BUTTER (CASH SETTLED) ",393,104,3,4,289,497,5652
2012-03-20,"
  
 
BUTTER (CASH SETTLED) ",407,111,14,7,296,518,5864
2012-03-27,"
  
 
BUTTER (CASH SETTLED) ",460,124,53,13,336,584,6041
2012-02-07,"
  
 
BUTTER (CASH SETTLED) ",427,124,-51,-79,303,551,4818
2012-02-28,"
  
 
BUTTER (CASH SETTLED) ",476,113,49,-5,363,589,5720
2012-01-03,"
  
 
BUTTER (CASH SETTLED) ",46,108,-6,-59,-62,154,3438
2012-01-10,"
  
 
BUTTER (CASH SETTLED) ",51,108,5,0,-57,159,3479
2012-01-17,"
  
 
BUTTER (CASH SETTLED) ",45,131,-6,23,-86,176,3851
2012-01-24,"
  
 
BUTTER (CASH SETTLED) ",315,149,270,18,166,464,4441
2012-01-31,"
  
 
BUTTER (CASH SETTLED) ",478,203,163,54,275,681,4923
2011-12-06,"
  
 
BUTTER (CASH SETTLED) ",0,149,-145,-69,-149,149,3036
2011-12-13,"
  
 
BUTTER (CASH SETTLED) ",0,158,0,9,-158,158,3556
2011-12-20,"
  
 
BUTTER (CASH SETTLED) ",0,163,0,5,-163,163,3735
2011-12-27,"
  
 
BUTTER (CASH SETTLED) ",52,167,52,4,-115,219,3884
2011-11-01,"
  
 
BUTTER (CASH SETTLED) ",152,431,49,-6,-279,583,3601
2011-11-08,"
  
 
BUTTER (CASH SETTLED) ",111,191,-41,-240,-80,302,2995
2011-11-15,"
  
 
BUTTER (CASH SETTLED) ",140,192,29,1,-52,332,3167
2011-11-22,"
  
 
BUTTER (CASH SETTLED) ",145,207,5,15,-62,352,3362
2011-11-29,"
  
 
BUTTER (CASH SETTLED) ",145,218,0,11,-73,363,3472
2011-10-18,"
  
 
BUTTER (CASH SETTLED) ",103,416,0,39,-313,519,3151
2011-10-25,"
  
 
BUTTER (CASH SETTLED) ",103,437,0,21,-334,540,3376
2011-09-06,"
  
 
BUTTER (CASH SETTLED) ",171,429,-46,-251,-258,600,3109
2011-09-13,"
  
 
BUTTER (CASH SETTLED) ",201,438,30,9,-237,639,3163
2011-09-20,"
  
 
BUTTER (CASH SETTLED) ",192,454,-9,16,-262,646,3276
2011-09-27,"
  
 
BUTTER (CASH SETTLED) ",186,486,-6,32,-300,672,3389
2011-08-02,"
  
 
BUTTER (CASH SETTLED) ",266,866,0,4,-600,1132,4203
2011-08-09,"
  
 
BUTTER (CASH SETTLED) ",165,655,-101,-211,-490,820,3695
2011-08-16,"
  
 
BUTTER (CASH SETTLED) ",200,661,35,6,-461,861,3769
2011-08-23,"
  
 
BUTTER (CASH SETTLED) ",212,677,12,16,-465,889,3844
2011-08-30,"
  
 
BUTTER (CASH SETTLED) ",217,680,5,3,-463,897,3946
2011-07-05,"
  
 
BUTTER (CASH SETTLED) ",172,844,-92,-187,-672,1016,3710
2011-07-12,"
  
 
BUTTER (CASH SETTLED) ",168,843,-4,-1,-675,1011,3899
2011-07-19,"
  
 
BUTTER (CASH SETTLED) ",174,856,6,13,-682,1030,4035
2011-07-26,"
  
 
BUTTER (CASH SETTLED) ",266,862,92,6,-596,1128,4142
2011-06-07,"
  
 
BUTTER (CASH SETTLED) ",308,993,-54,-220,-685,1301,3418
2011-06-14,"
  
 
BUTTER (CASH SETTLED) ",301,1020,-7,27,-719,1321,3489
2011-06-21,"
  
 
BUTTER (CASH SETTLED) ",281,1031,-20,11,-750,1312,3524
2011-06-28,"
  
 
BUTTER (CASH SETTLED) ",264,1031,-17,0,-767,1295,4130
2011-05-03,"
  
 
BUTTER (CASH SETTLED) ",344,1181,-42,-51,-837,1525,2776
2011-05-10,"
  
 
BUTTER (CASH SETTLED) ",347,1185,3,4,-838,1532,2982
2011-05-17,"
  
 
BUTTER (CASH SETTLED) ",344,1207,-3,22,-863,1551,3160
2011-05-24,"
  
 
BUTTER (CASH SETTLED) ",353,1214,9,7,-861,1567,3351
2011-05-31,"
  
 
BUTTER (CASH SETTLED) ",362,1213,9,-1,-851,1575,3492
2011-04-05,"
  
 
BUTTER (CASH SETTLED) ",323,1139,15,-26,-816,1462,2916
2011-04-12,"
  
 
BUTTER (CASH SETTLED) ",368,1161,45,22,-793,1529,2973
2011-04-19,"
  
 
BUTTER (CASH SETTLED) ",382,1211,14,50,-829,1593,3111
2011-04-26,"
  
 
BUTTER (CASH SETTLED) ",386,1232,4,21,-846,1618,3176
2011-03-01,"
  
 
BUTTER (CASH SETTLED) ",228,587,0,102,-359,815,2637
2011-03-22,"
  
 
BUTTER (CASH SETTLED) ",253,943,"0,0","0,0",-690,1196,3036
2011-03-29,"
  
 
BUTTER (CASH SETTLED) ",308,1165,55,222,-857,1473,3280
2011-02-01,"
  
 
BUTTER (CASH SETTLED) ",51,334,51,132,-283,385,2487
2011-02-22,"
  
 
BUTTER (CASH SETTLED) ",228,485,0,9,-257,713,2470
2011-01-25,"
  
 
BUTTER (CASH SETTLED) ",0,202,0,54,-202,202,2265
2010-12-28,"
  
 
BUTTER (CASH SETTLED) ",201,70,"0,0","0,0",131,271,2254
2010-07-13,"
  
 
BUTTER (CASH SETTLED) ",96,0,36,0,96,96,3749
2010-07-20,"
  
 
BUTTER (CASH SETTLED) ",96,0,0,0,96,96,3761
2010-07-27,"
  
 
BUTTER (CASH SETTLED) ",96,0,0,0,96,96,3838
2010-06-01,"
  
 
BUTTER (CASH SETTLED) ",60,78,0,-34,-18,138,4493
2010-06-08,"
  
 
BUTTER (CASH SETTLED) ",60,0,0,-78,60,60,4101
2010-06-15,"
  
 
BUTTER (CASH SETTLED) ",60,0,0,0,60,60,4185
2010-06-22,"
  
 
BUTTER (CASH SETTLED) ",60,0,0,0,60,60,4208
2010-06-29,"
  
 
BUTTER (CASH SETTLED) ",60,0,0,0,60,60,4268
2010-05-25,"
  
 
BUTTER (CASH SETTLED) ",60,112,"0,0","0,0",-52,172,4329
2009-11-24,"
  
 
BUTTER (CASH SETTLED) ",42,245,"0,0","0,0",-203,287,2734
2009-10-06,"
  
 
BUTTER (CASH SETTLED) ",42,10,5,-202,32,52,3199
2009-10-13,"
  
 
BUTTER (CASH SETTLED) ",42,48,0,38,-6,90,3210
2009-10-20,"
  
 
BUTTER (CASH SETTLED) ",0,126,-42,78,-126,126,3183
2009-10-27,"
  
 
BUTTER (CASH SETTLED) ",0,214,0,88,-214,214,3214
2009-09-01,"
  
 
BUTTER (CASH SETTLED) ",86,87,86,87,-1,173,4435
2009-09-08,"
  
 
BUTTER (CASH SETTLED) ",178,0,92,-87,178,178,3803
2009-09-15,"
  
 
BUTTER (CASH SETTLED) ",26,62,-152,62,-36,88,3876
2009-09-22,"
  
 
BUTTER (CASH SETTLED) ",37,214,11,152,-177,251,3911
2009-09-29,"
  
 
BUTTER (CASH SETTLED) ",37,212,0,-2,-175,249,3921
2009-08-04,"
  
 
BUTTER (CASH SETTLED) ",0,0,0,0,0,0,4289
2009-08-11,"
  
 
BUTTER (CASH SETTLED) ",0,0,0,0,0,0,4371
2009-08-18,"
  
 
BUTTER (CASH SETTLED) ",0,0,0,0,0,0,4424
2009-08-25,"
  
 
BUTTER (CASH SETTLED) ",0,0,0,0,0,0,4424
2009-07-14,"
  
 
BUTTER (CASH SETTLED) ",0,0,0,-72,0,0,4630
2009-07-21,"
  
 
BUTTER (CASH SETTLED) ",0,0,0,0,0,0,4722
2009-07-28,"
  
 
BUTTER (CASH SETTLED) ",0,0,0,0,0,0,4755
2009-06-16,"
  
 
BUTTER (CASH SETTLED) ",0,82,"0,0","0,0",-82,82,4825
2009-06-23,"
  
 
BUTTER (CASH SETTLED) ",0,112,0,30,-112,112,4848
2009-06-30,"
  
 
BUTTER (CASH SETTLED) ",0,72,0,-40,-72,72,4833
2009-04-14,"
  
 
BUTTER (CASH SETTLED) ",0,48,"0,0","0,0",-48,48,4724
2009-04-21,"
  
 
BUTTER (CASH SETTLED) ",0,58,0,10,-58,58,4863
2008-09-02,"
  
 
BUTTER (CASH SETTLED) ",0,0,0,0,0,0,3963
2008-09-16,"
  
 
BUTTER (CASH SETTLED) ",0,0,0,0,0,0,3372
2008-09-23,"
  
 
BUTTER (CASH SETTLED) ",0,0,0,0,0,0,3378
2008-09-30,"
  
 
BUTTER (CASH SETTLED) ",0,0,0,0,0,0,3395
2008-08-26,"
  
 
BUTTER (CASH SETTLED) ",0,0,"0,0","0,0",0,0,3858
2008-07-01,"
  
 
BUTTER (CASH SETTLED) ",0,0,0,0,0,0,4320
2008-07-15,"
  
 
BUTTER (CASH SETTLED) ",0,0,0,0,0,0,3977
2008-07-22,"
  
 
BUTTER (CASH SETTLED) ",0,0,0,0,0,0,4100
2008-07-29,"
  
 
BUTTER (CASH SETTLED) ",0,0,0,0,0,0,4189
2008-06-24,"
  
 
BUTTER (CASH SETTLED) ",0,0,"0,0","0,0",0,0,4100
2007-12-31,"
  
 
BUTTER (CASH SETTLED) ",0,47,"0,0","0,0",-47,47,2506
2007-11-06,"
  
 
BUTTER (CASH SETTLED) ",54,2,-83,-1,52,56,2673
2007-11-13,"
  
 
BUTTER (CASH SETTLED) ",54,39,0,37,15,93,2481
2007-11-20,"
  
 
BUTTER (CASH SETTLED) ",0,54,-54,15,-54,54,2437
2007-11-27,"
  
 
BUTTER (CASH SETTLED) ",0,83,0,29,-83,83,2438
2007-10-02,"
  
 
BUTTER (CASH SETTLED) ",195,54,-16,4,141,249,4122
2007-10-09,"
  
 
BUTTER (CASH SETTLED) ",178,0,-17,-54,178,178,3327
2007-10-16,"
  
 
BUTTER (CASH SETTLED) ",158,0,-20,0,158,158,3268
2007-10-23,"
  
 
BUTTER (CASH SETTLED) ",144,1,-14,1,143,145,3325
2007-10-30,"
  
 
BUTTER (CASH SETTLED) ",137,3,-7,2,134,140,3349
2007-09-04,"
  
 
BUTTER (CASH SETTLED) ",279,0,81,0,279,279,3501
2007-09-11,"
  
 
BUTTER (CASH SETTLED) ",239,0,-40,0,239,239,3552
2007-09-18,"
  
 
BUTTER (CASH SETTLED) ",234,92,-5,92,142,326,3733
2007-09-25,"
  
 
BUTTER (CASH SETTLED) ",211,50,-23,-42,161,261,3964
2007-08-07,"
  
 
BUTTER (CASH SETTLED) ",219,0,65,-60,219,219,4263
2007-08-14,"
  
 
BUTTER (CASH SETTLED) ",296,0,77,0,296,296,4252
2007-08-21,"
  
 
BUTTER (CASH SETTLED) ",314,0,18,0,314,314,4237
2007-08-28,"
  
 
BUTTER (CASH SETTLED) ",198,0,-116,0,198,198,4272
2007-07-03,"
  
 
BUTTER (CASH SETTLED) ",67,0,"0,0","0,0",67,67,4505
2007-07-10,"
  
 
BUTTER (CASH SETTLED) ",67,0,0,0,67,67,4511
2007-07-24,"
  
 
BUTTER (CASH SETTLED) ",107,54,40,54,53,161,4788
2007-07-31,"
  
 
BUTTER (CASH SETTLED) ",154,60,47,6,94,214,4834
2006-11-07,"
  
 
BUTTER (CASH SETTLED) ",292,65,-64,54,227,357,2528
2006-11-14,"
  
 
BUTTER (CASH SETTLED) ",284,69,-8,4,215,353,2575
2006-11-21,"
  
 
BUTTER (CASH SETTLED) ",302,94,18,25,208,396,2651
2006-11-28,"
  
 
BUTTER (CASH SETTLED) ",188,45,-114,-49,143,233,2504
2006-10-03,"
  
 
BUTTER (CASH SETTLED) ",317,0,59,0,317,317,3106
2006-10-10,"
  
 
BUTTER (CASH SETTLED) ",278,0,-39,0,278,278,2926
2006-10-17,"
  
 
BUTTER (CASH SETTLED) ",207,0,-71,0,207,207,2923
2006-10-24,"
  
 
BUTTER (CASH SETTLED) ",356,3,149,3,353,359,3139
2006-10-31,"
  
 
BUTTER (CASH SETTLED) ",356,11,0,8,345,367,3226
2006-09-05,"
  
 
BUTTER (CASH SETTLED) ",45,0,29,0,45,45,3763
2006-09-12,"
  
 
BUTTER (CASH SETTLED) ",18,0,-27,0,18,18,3731
2006-09-19,"
  
 
BUTTER (CASH SETTLED) ",44,0,26,0,44,44,3691
2006-09-26,"
  
 
BUTTER (CASH SETTLED) ",258,0,214,0,258,258,3859
2006-08-29,"
  
 
BUTTER (CASH SETTLED) ",16,0,1,0,16,16,4438
2006-07-03,"
  
 
BUTTER (CASH SETTLED) ",0,23,0,-9,-23,23,4991
2006-06-06,"
  
 
BUTTER (CASH SETTLED) ",0,13,0,0,-13,13,4255
2006-06-13,"
  
 
BUTTER (CASH SETTLED) ",0,12,0,-1,-12,12,4289
2006-06-20,"
  
 
BUTTER (CASH SETTLED) ",0,14,0,2,-14,14,4388
2006-06-27,"
  
 
BUTTER (CASH SETTLED) ",0,32,0,18,-32,32,4566
2006-05-02,"
  
 
BUTTER (CASH SETTLED) ",0,33,"0,0","0,0",-33,33,4460
2006-05-09,"
  
 
BUTTER (CASH SETTLED) ",0,13,0,-20,-13,13,4251
2006-05-16,"
  
 
BUTTER (CASH SETTLED) ",0,26,0,13,-26,26,4430
2006-05-23,"
  
 
BUTTER (CASH SETTLED) ",0,25,0,-1,-25,25,4273
2006-05-30,"
  
 
BUTTER (CASH SETTLED) ",0,13,0,-12,-13,13,4452
