Date,Symbol,Long,Short,Change Long,Change Short,Net positions,Total positions,Open interest
2021-07-13 00:00:00,CANADIAN DOLLAR ,63107,36731,-6816,7986,26376,99838,198714
2021-07-06 00:00:00,CANADIAN DOLLAR ,69923,28745,1622,6245,41178,98668,202136
2021-06-01 00:00:00,CANADIAN DOLLAR ,89467,40695,5284,1323,48772,130162,228957
2021-06-08 00:00:00,CANADIAN DOLLAR ,80989,35708,-8478,-4987,45281,116697,220053
2021-06-15 00:00:00,CANADIAN DOLLAR ,73071,28817,-7918,-6891,44254,101888,252936
2021-06-22 00:00:00,CANADIAN DOLLAR ,69074,25849,-3997,-2968,43225,94923,202787
2021-06-29 00:00:00,CANADIAN DOLLAR ,68301,22500,-773,-3349,45801,90801,196928
2021-05-04 00:00:00,CANADIAN DOLLAR ,74280,48333,17605,7380,25947,122613,196817
2021-05-11 00:00:00,CANADIAN DOLLAR ,79329,40700,5049,-7633,38629,120029,201955
2021-05-18 00:00:00,CANADIAN DOLLAR ,82026,35914,2697,-4786,46112,117940,207963
2021-05-25 00:00:00,CANADIAN DOLLAR ,84183,39372,2157,3458,44811,123555,213176
2021-04-06 00:00:00,CANADIAN DOLLAR ,47506,44816,-956,2872,2690,92322,166118
2021-04-13 00:00:00,CANADIAN DOLLAR ,48056,45650,550,834,2406,93706,166186
2021-04-20 00:00:00,CANADIAN DOLLAR ,53824,40578,5768,-5072,13246,94402,173145
2021-04-27 00:00:00,CANADIAN DOLLAR ,56675,40953,2851,375,15722,97628,180771
2021-03-02 00:00:00,CANADIAN DOLLAR ,51391,36064,4492,-1703,15327,87455,168689
2021-03-09 00:00:00,CANADIAN DOLLAR ,50022,39041,-1369,2977,10981,89063,173078
2021-03-16 00:00:00,CANADIAN DOLLAR ,50907,40644,885,1603,10263,91551,186932
2021-03-23 00:00:00,CANADIAN DOLLAR ,46786,41683,-4121,1039,5103,88469,162170
2021-03-30 00:00:00,CANADIAN DOLLAR ,48462,41944,1676,261,6518,90406,164199
2021-02-02 00:00:00,CANADIAN DOLLAR ,46645,30549,-7035,-9361,16096,77194,158155
2021-02-09 00:00:00,CANADIAN DOLLAR ,44274,34746,-2371,4197,9528,79020,158454
2021-02-16 00:00:00,CANADIAN DOLLAR ,45021,36857,747,2111,8164,81878,159266
2021-02-23 00:00:00,CANADIAN DOLLAR ,46899,37767,1878,910,9132,84666,166868
2021-01-05 00:00:00,CANADIAN DOLLAR ,41560,27036,-618,226,14524,68596,156124
2021-01-12 00:00:00,CANADIAN DOLLAR ,43386,31313,1826,4277,12073,74699,156675
2021-01-19 00:00:00,CANADIAN DOLLAR ,43633,33307,247,1994,10326,76940,154231
2021-01-26 00:00:00,CANADIAN DOLLAR ,53680,39910,10047,6603,13770,93590,168896
2020-12-01 00:00:00,CANADIAN DOLLAR ,28702,49945,-2827,1570,-21243,78647,147803
2020-12-08 00:00:00,CANADIAN DOLLAR ,34713,55451,6011,5506,-20738,90164,163589
2020-12-15 00:00:00,CANADIAN DOLLAR ,39856,55572,5143,121,-15716,95428,196230
2020-12-21 00:00:00,CANADIAN DOLLAR ,43198,33113,3342,-22459,10085,76311,156597
2020-12-29 00:00:00,CANADIAN DOLLAR ,42178,26810,-1020,-6303,15368,68988,154464
2020-11-03 00:00:00,CANADIAN DOLLAR ,21549,42235,-3190,-573,-20686,63784,124892
2020-11-10 00:00:00,CANADIAN DOLLAR ,25962,47311,4413,5076,-21349,73273,136456
2020-11-17 00:00:00,CANADIAN DOLLAR ,26205,46564,243,-747,-20359,72769,136614
2020-11-24 00:00:00,CANADIAN DOLLAR ,31529,48375,5324,1811,-16846,79904,140823
2020-10-06 00:00:00,CANADIAN DOLLAR ,20808,38855,-811,-1712,-18047,59663,113818
2020-10-13 00:00:00,CANADIAN DOLLAR ,24638,38202,3830,-653,-13564,62840,121956
2020-10-20 00:00:00,CANADIAN DOLLAR ,24725,43800,87,5598,-19075,68525,123266
2020-10-27 00:00:00,CANADIAN DOLLAR ,24739,42808,14,-992,-18069,67547,122403
2020-09-01 00:00:00,CANADIAN DOLLAR ,26590,53596,5000,2688,-27006,80186,140520
2020-09-08 00:00:00,CANADIAN DOLLAR ,29626,46981,3036,-6615,-17355,76607,137618
2020-09-15 00:00:00,CANADIAN DOLLAR ,28909,45852,-717,-1129,-16943,74761,147273
2020-09-22 00:00:00,CANADIAN DOLLAR ,23588,42470,-5321,-3382,-18882,66058,117564
2020-09-29 00:00:00,CANADIAN DOLLAR ,21619,40567,-1969,-1903,-18948,62186,113862
2020-08-04 00:00:00,CANADIAN DOLLAR ,19907,43102,-12198,-1499,-23195,63009,137101
2020-08-11 00:00:00,CANADIAN DOLLAR ,17256,46803,-2651,3701,-29547,64059,136885
2020-08-18 00:00:00,CANADIAN DOLLAR ,19497,53084,2241,6281,-33587,72581,141600
2020-08-25 00:00:00,CANADIAN DOLLAR ,21590,50908,2093,-2176,-29318,72498,129557
2020-07-07 00:00:00,CANADIAN DOLLAR ,31660,48478,3486,-215,-16818,80138,121226
2020-07-14 00:00:00,CANADIAN DOLLAR ,27642,47417,-4018,-1061,-19775,75059,148003
2020-07-21 00:00:00,CANADIAN DOLLAR ,34284,50982,6642,3565,-16698,85266,143606
2020-07-28 00:00:00,CANADIAN DOLLAR ,32105,44601,-2179,-6381,-12496,76706,139397
2020-06-02 00:00:00,CANADIAN DOLLAR ,19774,52912,-2070,-2886,-33138,72686,128476
2020-06-09 00:00:00,CANADIAN DOLLAR ,22298,47127,2524,-5785,-24829,69425,120459
2020-06-16 00:00:00,CANADIAN DOLLAR ,19695,45181,-2603,-1946,-25486,64876,125654
2020-06-23 00:00:00,CANADIAN DOLLAR ,22852,43686,3157,-1495,-20834,66538,105412
2020-06-30 00:00:00,CANADIAN DOLLAR ,28174,48693,5322,5007,-20519,76867,118197
2020-05-05 00:00:00,CANADIAN DOLLAR ,17007,49059,975,3983,-32052,66066,119300
2020-05-12 00:00:00,CANADIAN DOLLAR ,16995,49241,-12,182,-32246,66236,120453
2020-05-19 00:00:00,CANADIAN DOLLAR ,23142,58198,6147,8957,-35056,81340,130099
2020-05-26 00:00:00,CANADIAN DOLLAR ,21844,55798,-1298,-2400,-33954,77642,129849
2020-04-07 00:00:00,CANADIAN DOLLAR ,17052,41485,-4465,-1961,-24433,58537,117523
2020-04-14 00:00:00,CANADIAN DOLLAR ,18038,41798,986,313,-23760,59836,119798
2020-04-21 00:00:00,CANADIAN DOLLAR ,19804,43695,1766,1897,-23891,63499,121213
2020-04-28 00:00:00,CANADIAN DOLLAR ,16032,45076,-3772,1381,-29044,61108,117660
2020-03-03 00:00:00,CANADIAN DOLLAR ,55191,44612,-8467,-4422,10579,99803,160511
2020-03-10 00:00:00,CANADIAN DOLLAR ,48055,50045,-7136,5433,-1990,98100,175226
2020-03-17 00:00:00,CANADIAN DOLLAR ,43114,52737,-4941,2692,-9623,95851,183137
2020-03-24 00:00:00,CANADIAN DOLLAR ,21323,50568,-21791,-2169,-29245,71891,124226
2020-03-31 00:00:00,CANADIAN DOLLAR ,21517,43446,194,-7122,-21929,64963,122891
2020-02-04 00:00:00,CANADIAN DOLLAR ,67193,48630,-9106,6921,18563,115823,174000
2020-02-11 00:00:00,CANADIAN DOLLAR ,68225,58520,1032,9890,9705,126745,166914
2020-02-18 00:00:00,CANADIAN DOLLAR ,61559,53742,-6666,-4778,7817,115301,164698
2020-02-25 00:00:00,CANADIAN DOLLAR ,63658,49034,2099,-4708,14624,112692,168819
2020-01-07 00:00:00,CANADIAN DOLLAR ,68756,42389,4795,-9659,26367,111145,189996
2020-01-14 00:00:00,CANADIAN DOLLAR ,70428,37576,1672,-4813,32852,108004,190229
2020-01-21 00:00:00,CANADIAN DOLLAR ,74399,36105,3971,-1471,38294,110504,188596
2020-01-28 00:00:00,CANADIAN DOLLAR ,76299,41709,1900,5604,34590,118008,185499
2019-12-03 00:00:00,CANADIAN DOLLAR ,64040,42569,3110,1983,21471,106609,184060
2019-12-10 00:00:00,CANADIAN DOLLAR ,55285,34544,-8755,-8025,20741,89829,169219
2019-12-17 00:00:00,CANADIAN DOLLAR ,47523,36332,-7762,1788,11191,83855,189458
2019-12-31 00:00:00,CANADIAN DOLLAR ,63961,52048,12483,9067,11913,116009,175666
2019-11-05 00:00:00,CANADIAN DOLLAR ,87774,33772,5792,-4621,54002,121546,192882
2019-11-12 00:00:00,CANADIAN DOLLAR ,73671,31298,-14103,-2474,42373,104969,182793
2019-11-19 00:00:00,CANADIAN DOLLAR ,65040,36175,-8631,4877,28865,101215,172759
2019-11-26 00:00:00,CANADIAN DOLLAR ,60930,40586,-4110,4411,20344,101516,167350
2019-10-01 00:00:00,CANADIAN DOLLAR ,46303,39976,5980,4245,6327,86279,130937
2019-10-08 00:00:00,CANADIAN DOLLAR ,49071,43758,2768,3782,5313,92829,136105
2019-10-15 00:00:00,CANADIAN DOLLAR ,58007,45046,8936,1288,12961,103053,149079
2019-10-22 00:00:00,CANADIAN DOLLAR ,71410,38017,13403,-7029,33393,109427,170305
2019-10-29 00:00:00,CANADIAN DOLLAR ,81982,38393,10572,376,43589,120375,189971
2019-09-03 00:00:00,CANADIAN DOLLAR ,48206,42857,-86,5470,5349,91063,167396
2019-09-10 00:00:00,CANADIAN DOLLAR ,54971,43448,6765,591,11523,98419,183058
2019-09-17 00:00:00,CANADIAN DOLLAR ,62004,42181,7033,-1267,19823,104185,187795
2019-09-24 00:00:00,CANADIAN DOLLAR ,40323,35731,-21681,-6450,4592,76054,123017
2019-08-06 00:00:00,CANADIAN DOLLAR ,63598,39432,-2707,-5151,24166,103030,172657
2019-08-13 00:00:00,CANADIAN DOLLAR ,50065,35865,-13533,-3567,14200,85930,160861
2019-08-20 00:00:00,CANADIAN DOLLAR ,47368,34331,-2697,-1534,13037,81699,155837
2019-08-27 00:00:00,CANADIAN DOLLAR ,48292,37387,924,3056,10905,85679,158921
2019-07-02 00:00:00,CANADIAN DOLLAR ,45057,38764,20307,-776,6293,83821,157998
2019-07-09 00:00:00,CANADIAN DOLLAR ,48734,39508,3677,744,9226,88242,164842
2019-07-16 00:00:00,CANADIAN DOLLAR ,63098,42134,14364,2626,20964,105232,182946
2019-07-23 00:00:00,CANADIAN DOLLAR ,69694,38944,6596,-3190,30750,108638,187397
2019-07-30 00:00:00,CANADIAN DOLLAR ,66305,44583,-3389,5639,21722,110888,182478
2019-06-04 00:00:00,CANADIAN DOLLAR ,15330,57089,-548,1788,-41759,72419,151970
2019-06-11 00:00:00,CANADIAN DOLLAR ,25597,58437,10267,1348,-32840,84034,159212
2019-06-18 00:00:00,CANADIAN DOLLAR ,19796,57867,-5801,-570,-38071,77663,160795
2019-06-25 00:00:00,CANADIAN DOLLAR ,24750,39540,4954,-18327,-14790,64290,137543
2019-05-07 00:00:00,CANADIAN DOLLAR ,20117,66232,672,42,-46115,86349,151258
2019-05-14 00:00:00,CANADIAN DOLLAR ,18457,66045,-1660,-187,-47588,84502,148058
2019-05-21 00:00:00,CANADIAN DOLLAR ,16282,58518,-2175,-7527,-42236,74800,140682
2019-05-28 00:00:00,CANADIAN DOLLAR ,15878,55301,-404,-3217,-39423,71179,140449
2019-04-02 00:00:00,CANADIAN DOLLAR ,24619,68942,3425,8177,-44323,93561,151140
2019-04-09 00:00:00,CANADIAN DOLLAR ,24681,67883,62,-1059,-43202,92564,149544
2019-04-16 00:00:00,CANADIAN DOLLAR ,18256,67418,-6425,-465,-49162,85674,145041
2019-04-23 00:00:00,CANADIAN DOLLAR ,23222,70715,4966,3297,-47493,93937,152998
2019-04-30 00:00:00,CANADIAN DOLLAR ,19445,66190,-3777,-4525,-46745,85635,154565
2019-03-05 00:00:00,CANADIAN DOLLAR ,18210,58654,-3343,-2076,-40444,76864,146552
2019-03-12 00:00:00,CANADIAN DOLLAR ,20276,61329,2066,2675,-41053,81605,159939
2019-03-19 00:00:00,CANADIAN DOLLAR ,16267,64041,-4009,2712,-47774,80308,167282
2019-03-26 00:00:00,CANADIAN DOLLAR ,21194,60765,4927,-3276,-39571,81959,144311
2019-02-05 00:00:00,CANADIAN DOLLAR ,19808,61845,3285,-11068,-42037,81653,141538
2019-02-12 00:00:00,CANADIAN DOLLAR ,21433,58970,1625,-2875,-37537,80403,141172
2019-02-19 00:00:00,CANADIAN DOLLAR ,22989,59426,1556,456,-36437,82415,142620
2019-02-26 00:00:00,CANADIAN DOLLAR ,21553,60730,-1436,1304,-39177,82283,147621
2019-01-08 00:00:00,CANADIAN DOLLAR ,19287,85289,-15043,310,-66002,104576,167005
2019-01-15 00:00:00,CANADIAN DOLLAR ,17006,76530,-2281,-8759,-59524,93536,155691
2019-01-22 00:00:00,CANADIAN DOLLAR ,16727,72823,-279,-3707,-56096,89550,151010
2019-01-29 00:00:00,CANADIAN DOLLAR ,16523,72913,-204,90,-56390,89436,151146
2018-12-04 00:00:00,CANADIAN DOLLAR ,38736,51672,-2691,1615,-12936,90408,156750
2018-12-11 00:00:00,CANADIAN DOLLAR ,41672,53341,2936,1669,-11669,95013,161530
2018-12-18 00:00:00,CANADIAN DOLLAR ,51566,59023,9894,5682,-7457,110589,191476
2018-12-24 00:00:00,CANADIAN DOLLAR ,27887,72579,-23679,13556,-44692,100466,159195
2018-12-31 00:00:00,CANADIAN DOLLAR ,34330,84979,6443,12400,-50649,119309,170168
2018-11-06 00:00:00,CANADIAN DOLLAR ,33753,36385,4317,-2706,-2632,70138,116284
2018-11-13 00:00:00,CANADIAN DOLLAR ,36773,39564,3020,3179,-2791,76337,121999
2018-11-20 00:00:00,CANADIAN DOLLAR ,39059,45348,2286,5784,-6289,84407,140651
2018-11-27 00:00:00,CANADIAN DOLLAR ,41427,50057,2368,4709,-8630,91484,145122
2018-10-02 00:00:00,CANADIAN DOLLAR ,41940,60424,10128,9080,-18484,102364,127333
2018-10-09 00:00:00,CANADIAN DOLLAR ,38867,51012,-3073,-9412,-12145,89879,121489
2018-10-16 00:00:00,CANADIAN DOLLAR ,32202,43221,-6665,-7791,-11019,75423,115386
2018-10-23 00:00:00,CANADIAN DOLLAR ,32031,39259,-171,-3962,-7228,71290,118053
2018-10-30 00:00:00,CANADIAN DOLLAR ,29436,39091,-2595,-168,-9655,68527,118508
2018-09-04 00:00:00,CANADIAN DOLLAR ,34748,61055,637,2155,-26307,95803,151238
2018-09-11 00:00:00,CANADIAN DOLLAR ,30506,57448,-4242,-3607,-26942,87954,158974
2018-09-18 00:00:00,CANADIAN DOLLAR ,25979,56090,-4527,-1358,-30111,82069,150538
2018-09-29 00:00:00,CANADIAN DOLLAR ,31812,51344,5833,-4746,-19532,83156,115727
2018-08-07 00:00:00,CANADIAN DOLLAR ,33269,58167,9590,2919,-24898,91436,144934
2018-08-14 00:00:00,CANADIAN DOLLAR ,30627,56825,-2642,-1342,-26198,87452,144705
2018-08-21 00:00:00,CANADIAN DOLLAR ,32271,59292,1644,2467,-27021,91563,145677
2018-08-28 00:00:00,CANADIAN DOLLAR ,34111,58900,1840,-392,-24789,93011,147679
2018-07-03 00:00:00,CANADIAN DOLLAR ,26934,76382,-13932,2717,-49448,103316,158341
2018-07-10 00:00:00,CANADIAN DOLLAR ,26586,79473,-348,3091,-52887,106059,159504
2018-07-17 00:00:00,CANADIAN DOLLAR ,25594,73078,-992,-6395,-47484,98672,157927
2018-07-24 00:00:00,CANADIAN DOLLAR ,20084,64595,-5510,-8483,-44511,84679,151441
2018-07-31 00:00:00,CANADIAN DOLLAR ,23679,55248,3595,-9347,-31569,78927,140253
2018-06-05 00:00:00,CANADIAN DOLLAR ,35266,51305,2570,2919,-16039,86571,158317
2018-06-12 00:00:00,CANADIAN DOLLAR ,30168,45156,-5098,-6149,-14988,75324,156985
2018-06-19 00:00:00,CANADIAN DOLLAR ,45738,59752,15570,14596,-14014,105490,190384
2018-06-26 00:00:00,CANADIAN DOLLAR ,40866,73665,-4872,13913,-32799,114531,159233
2018-05-01 00:00:00,CANADIAN DOLLAR ,25940,53475,2381,4772,-27535,79415,121676
2018-05-08 00:00:00,CANADIAN DOLLAR ,33156,57017,7216,3542,-23861,90173,128877
2018-05-15 00:00:00,CANADIAN DOLLAR ,30419,54075,-2737,-2942,-23656,84494,128708
2018-05-22 00:00:00,CANADIAN DOLLAR ,23555,49767,-6864,-4308,-26212,73322,136118
2018-05-29 00:00:00,CANADIAN DOLLAR ,32696,48386,9141,-1381,-15690,81082,147495
2018-04-03 00:00:00,CANADIAN DOLLAR ,29558,61430,-3960,862,-31872,90988,127509
2018-04-10 00:00:00,CANADIAN DOLLAR ,28027,59699,-1531,-1731,-31672,87726,124621
2018-04-17 00:00:00,CANADIAN DOLLAR ,28575,58899,548,-800,-30324,87474,128174
2018-04-24 00:00:00,CANADIAN DOLLAR ,23559,48703,-5016,-10196,-25144,72262,120406
2018-03-06 00:00:00,CANADIAN DOLLAR ,54233,34668,-46,2609,19565,88901,139318
2018-03-13 00:00:00,CANADIAN DOLLAR ,59919,40499,5686,5831,19420,100418,154478
2018-03-20 00:00:00,CANADIAN DOLLAR ,78744,54184,18825,13685,24560,132928,180240
2018-03-27 00:00:00,CANADIAN DOLLAR ,33518,60568,-45226,6384,-27050,94086,127568
2018-02-06 00:00:00,CANADIAN DOLLAR ,69492,29328,-5804,-12503,40164,98820,167890
2018-02-13 00:00:00,CANADIAN DOLLAR ,62535,30006,-6957,678,32529,92541,155262
2018-02-20 00:00:00,CANADIAN DOLLAR ,49373,26246,-13162,-3760,23127,75619,144832
2018-02-27 00:00:00,CANADIAN DOLLAR ,54279,32059,4906,5813,22220,86338,145351
2018-01-02 00:00:00,CANADIAN DOLLAR ,49297,34558,6925,9532,14739,83855,126829
2018-01-09 00:00:00,CANADIAN DOLLAR ,58581,41120,9284,6562,17461,99701,147839
2018-01-16 00:00:00,CANADIAN DOLLAR ,61473,43917,2892,2797,17556,105390,160810
2018-01-23 00:00:00,CANADIAN DOLLAR ,69446,46889,7973,2972,22557,116335,168849
2018-01-30 00:00:00,CANADIAN DOLLAR ,75296,41831,5850,-5058,33465,117127,176871
2017-12-05 00:00:00,CANADIAN DOLLAR ,66467,24001,-1415,1777,42466,90468,147099
2017-12-12 00:00:00,CANADIAN DOLLAR ,62198,20238,-4269,-3763,41960,82436,149275
2017-12-19 00:00:00,CANADIAN DOLLAR ,68451,22550,6253,2312,45901,91001,155022
2017-12-26 00:00:00,CANADIAN DOLLAR ,42372,25026,-26079,2476,17346,67398,116559
2017-11-07 00:00:00,CANADIAN DOLLAR ,75460,24571,-8849,-1899,50889,100031,147706
2017-11-14 00:00:00,CANADIAN DOLLAR ,70473,23138,-4987,-1433,47335,93611,143841
2017-11-21 00:00:00,CANADIAN DOLLAR ,67324,22199,-3149,-939,45125,89523,143596
2017-11-28 00:00:00,CANADIAN DOLLAR ,67882,22224,558,25,45658,90106,145257
2017-10-03 00:00:00,CANADIAN DOLLAR ,97204,22076,-5484,-6007,75128,119280,177263
2017-10-10 00:00:00,CANADIAN DOLLAR ,97068,20676,-136,-1400,76392,117744,175817
2017-10-17 00:00:00,CANADIAN DOLLAR ,94507,19421,-2561,-1255,75086,113928,174347
2017-10-24 00:00:00,CANADIAN DOLLAR ,96561,24229,2054,4808,72332,120790,172673
2017-10-31 00:00:00,CANADIAN DOLLAR ,84309,26470,-12252,2241,57839,110779,157542
2017-09-05 00:00:00,CANADIAN DOLLAR ,94732,41088,7926,7449,53644,135820,203353
2017-09-12 00:00:00,CANADIAN DOLLAR ,91645,41146,-3087,58,50499,132791,227931
2017-09-19 00:00:00,CANADIAN DOLLAR ,100675,41829,9030,683,58846,142504,299169
2017-09-26 00:00:00,CANADIAN DOLLAR ,102688,28083,2013,-13746,74605,130771,181913
2017-08-01 00:00:00,CANADIAN DOLLAR ,82885,42247,12500,-1525,40638,125132,190622
2017-08-08 00:00:00,CANADIAN DOLLAR ,98237,35416,15352,-6831,62821,133653,205963
2017-08-15 00:00:00,CANADIAN DOLLAR ,86455,35106,-11782,-310,51349,121561,192026
2017-08-22 00:00:00,CANADIAN DOLLAR ,80965,29866,-5490,-5240,51099,110831,186960
2017-08-29 00:00:00,CANADIAN DOLLAR ,86806,33639,5841,3773,53167,120445,191798
2017-07-03 00:00:00,CANADIAN DOLLAR ,34300,73672,5602,-4521,-39372,107972,145079
2017-07-11 00:00:00,CANADIAN DOLLAR ,46080,54684,11780,-18988,-8604,100764,161065
2017-07-18 00:00:00,CANADIAN DOLLAR ,60000,51957,13920,-2727,8043,111957,169522
2017-07-25 00:00:00,CANADIAN DOLLAR ,70385,43772,10385,-8185,26613,114157,177330
2017-06-06 00:00:00,CANADIAN DOLLAR ,26492,120993,2781,-905,-94501,147485,210933
2017-06-13 00:00:00,CANADIAN DOLLAR ,26781,115376,289,-5617,-88595,142157,204115
2017-06-20 00:00:00,CANADIAN DOLLAR ,28507,111388,1726,-3988,-82881,139895,219496
2017-06-27 00:00:00,CANADIAN DOLLAR ,28698,78193,191,-33195,-49495,106891,143798
2017-05-02 00:00:00,CANADIAN DOLLAR ,66565,114269,14020,19082,-47704,180834,192692
2017-05-09 00:00:00,CANADIAN DOLLAR ,47412,133627,-19153,19358,-86215,181039,214946
2017-05-16 00:00:00,CANADIAN DOLLAR ,39130,137130,-8282,3503,-98000,176260,219483
2017-05-23 00:00:00,CANADIAN DOLLAR ,29681,128790,-9449,-8340,-99109,158471,208304
2017-05-30 00:00:00,CANADIAN DOLLAR ,23711,121898,-5970,-6892,-98187,145609,200273
2017-04-04 00:00:00,CANADIAN DOLLAR ,38535,68760,8116,10124,-30225,107295,133688
2017-04-11 00:00:00,CANADIAN DOLLAR ,31432,63766,-7103,-4994,-32334,95198,126412
2017-04-18 00:00:00,CANADIAN DOLLAR ,37306,70558,5874,6792,-33252,107864,136614
2017-04-25 00:00:00,CANADIAN DOLLAR ,52545,95187,15239,24629,-42642,147732,165504
2017-03-07 00:00:00,CANADIAN DOLLAR ,65616,36396,2491,3361,29220,102012,147601
2017-03-14 00:00:00,CANADIAN DOLLAR ,74620,53162,9004,16766,21458,127782,176379
2017-03-21 00:00:00,CANADIAN DOLLAR ,30293,54696,-44327,1534,-24403,84989,119123
2017-03-28 00:00:00,CANADIAN DOLLAR ,30419,58636,126,3940,-28217,89055,121699
2017-02-07 00:00:00,CANADIAN DOLLAR ,46127,37577,1188,-3890,8550,83704,118424
2017-02-14 00:00:00,CANADIAN DOLLAR ,53152,33812,7025,-3765,19340,86964,125056
2017-02-21 00:00:00,CANADIAN DOLLAR ,58780,34196,5628,384,24584,92976,131522
2017-02-28 00:00:00,CANADIAN DOLLAR ,63125,33035,4345,-1161,30090,96160,135442
2017-01-03 00:00:00,CANADIAN DOLLAR ,8565,6420,0,0,2145,14985,98751
2017-01-10 00:00:00,CANADIAN DOLLAR ,28405,36340,-11141,-7077,-7935,64745,90632
2017-01-17 00:00:00,CANADIAN DOLLAR ,32064,37520,3659,1180,-5456,69584,100307
2017-01-24 00:00:00,CANADIAN DOLLAR ,36175,33656,4111,-3864,2519,69831,99574
2017-01-31 00:00:00,CANADIAN DOLLAR ,44939,41467,8764,7811,3472,86406,114274
2016-12-06 00:00:00,CANADIAN DOLLAR ,21538,39696,-3472,-3890,-18158,61234,107289
2016-12-13 00:00:00,CANADIAN DOLLAR ,24035,45904,2497,6208,-21869,69939,114265
2016-12-20 00:00:00,CANADIAN DOLLAR ,22246,34000,-1789,-11904,-11754,56246,106080
2016-12-27 00:00:00,CANADIAN DOLLAR ,36597,38195,14351,4195,-1598,74792,93212
2016-11-01 00:00:00,CANADIAN DOLLAR ,35723,51683,2449,5085,-15960,87406,121156
2016-11-08 00:00:00,CANADIAN DOLLAR ,32850,54162,-2873,2479,-21312,87012,120993
2016-11-15 00:00:00,CANADIAN DOLLAR ,34293,52892,1443,-1270,-18599,87185,125532
2016-11-22 00:00:00,CANADIAN DOLLAR ,28260,45722,-6033,-7170,-17462,73982,118667
2016-11-29 00:00:00,CANADIAN DOLLAR ,25010,43586,-3250,-2136,-18576,68596,114416
2016-10-04 00:00:00,CANADIAN DOLLAR ,32585,46662,-1994,468,-14077,79247,104219
2016-10-11 00:00:00,CANADIAN DOLLAR ,30809,42513,-1776,-4149,-11704,73322,104002
2016-10-18 00:00:00,CANADIAN DOLLAR ,23679,37977,-7130,-4536,-14298,61656,95793
2016-10-25 00:00:00,CANADIAN DOLLAR ,33274,46598,9595,8621,-13324,79872,113501
2016-09-06 00:00:00,CANADIAN DOLLAR ,44136,23231,-2672,-1177,20905,67367,122747
2016-09-13 00:00:00,CANADIAN DOLLAR ,45790,28732,1654,5501,17058,74522,124676
2016-09-20 00:00:00,CANADIAN DOLLAR ,57216,40913,11426,12181,16303,98129,137204
2016-09-27 00:00:00,CANADIAN DOLLAR ,34579,46194,-22637,5281,-11615,80773,105130
2016-08-02 00:00:00,CANADIAN DOLLAR ,41711,23953,-2312,3110,17758,65664,115825
2016-08-09 00:00:00,CANADIAN DOLLAR ,43647,28281,1936,4328,15366,71928,115796
2016-08-16 00:00:00,CANADIAN DOLLAR ,46118,33645,2471,5364,12473,79763,124610
2016-08-23 00:00:00,CANADIAN DOLLAR ,50097,33363,3979,-282,16734,83460,131618
2016-08-30 00:00:00,CANADIAN DOLLAR ,46808,24408,-3289,-8955,22400,71216,125716
2016-07-05 00:00:00,CANADIAN DOLLAR ,41031,29514,2356,-1212,11517,70545,116494
2016-07-12 00:00:00,CANADIAN DOLLAR ,39963,22788,-1068,-6726,17175,62751,114230
2016-07-19 00:00:00,CANADIAN DOLLAR ,43086,21018,3123,-1770,22068,64104,117603
2016-07-26 00:00:00,CANADIAN DOLLAR ,44023,20843,937,-175,23180,64866,118079
2016-06-07 00:00:00,CANADIAN DOLLAR ,37421,15884,-1332,3390,21537,53305,135330
2016-06-14 00:00:00,CANADIAN DOLLAR ,42394,23954,4973,8070,18440,66348,177711
2016-06-21 00:00:00,CANADIAN DOLLAR ,40664,38069,-1730,14115,2595,78733,118157
2016-06-28 00:00:00,CANADIAN DOLLAR ,38675,30726,-1989,-7343,7949,69401,114425
2016-05-03 00:00:00,CANADIAN DOLLAR ,39840,20897,2736,-4208,18943,60737,123864
2016-05-10 00:00:00,CANADIAN DOLLAR ,42040,16166,2200,-4731,25874,58206,124765
2016-05-17 00:00:00,CANADIAN DOLLAR ,37009,14303,-5031,-1863,22706,51312,124370
2016-05-24 00:00:00,CANADIAN DOLLAR ,32834,12787,-4175,-1516,20047,45621,123789
2016-05-31 00:00:00,CANADIAN DOLLAR ,38753,12494,5919,-293,26259,51247,126518
2016-04-05 00:00:00,CANADIAN DOLLAR ,29565,29468,1419,-4858,97,59033,105335
2016-04-12 00:00:00,CANADIAN DOLLAR ,28968,26583,-597,-2885,2385,55551,107755
2016-04-19 00:00:00,CANADIAN DOLLAR ,32473,25165,3505,-1418,7308,57638,114198
2016-04-26 00:00:00,CANADIAN DOLLAR ,37104,25105,4631,-60,11999,62209,121080
2016-03-01 00:00:00,CANADIAN DOLLAR ,31018,61496,-469,-6931,-30478,92514,159107
2016-03-08 00:00:00,CANADIAN DOLLAR ,30550,56331,-468,-5165,-25781,86881,174347
2016-03-15 00:00:00,CANADIAN DOLLAR ,31584,48410,1034,-7921,-16826,79994,169228
2016-03-22 00:00:00,CANADIAN DOLLAR ,21807,36816,-9777,-11594,-15009,58623,98997
2016-03-29 00:00:00,CANADIAN DOLLAR ,28146,34326,6339,-2490,-6180,62472,101099
2016-02-02 00:00:00,CANADIAN DOLLAR ,30069,82489,-2698,-17097,-52420,112558,157362
2016-02-09 00:00:00,CANADIAN DOLLAR ,27279,79214,-2790,-3275,-51935,106493,157150
2016-02-16 00:00:00,CANADIAN DOLLAR ,29077,74162,1798,-5052,-45085,103239,158608
2016-02-23 00:00:00,CANADIAN DOLLAR ,31487,68427,2410,-5735,-36940,99914,157921
2016-01-05 00:00:00,CANADIAN DOLLAR ,40898,101028,-6700,-7357,-60130,141926,166610
2016-01-12 00:00:00,CANADIAN DOLLAR ,38837,98051,-2061,-2977,-59214,136888,166273
2016-01-19 00:00:00,CANADIAN DOLLAR ,33064,99450,-5773,1399,-66386,132514,165344
2016-01-26 00:00:00,CANADIAN DOLLAR ,32767,99586,-297,136,-66819,132353,165240
2015-12-01 00:00:00,CANADIAN DOLLAR ,38349,77329,-2955,-2592,-38980,115678,145547
2015-12-08 00:00:00,CANADIAN DOLLAR ,48776,88914,10427,11585,-40138,137690,162857
2015-12-15 00:00:00,CANADIAN DOLLAR ,44262,95271,-4514,6357,-51009,139533,189775
2015-12-22 00:00:00,CANADIAN DOLLAR ,43455,99482,-807,4211,-56027,142937,163581
2015-12-29 00:00:00,CANADIAN DOLLAR ,47598,108385,4143,8903,-60787,155983,172137
2015-11-03 00:00:00,CANADIAN DOLLAR ,32017,51508,-2117,-1521,-19491,83525,119629
2015-11-10 00:00:00,CANADIAN DOLLAR ,45787,63694,13770,12186,-17907,109481,134360
2015-11-17 00:00:00,CANADIAN DOLLAR ,45589,73941,-198,10247,-28352,119530,141785
2015-11-24 00:00:00,CANADIAN DOLLAR ,41304,79921,-4285,5980,-38617,121225,143742
2015-10-06 00:00:00,CANADIAN DOLLAR ,29276,64286,-6935,-14160,-35010,93562,121676
2015-10-13 00:00:00,CANADIAN DOLLAR ,28207,62156,-1069,-2130,-33949,90363,116800
2015-10-20 00:00:00,CANADIAN DOLLAR ,31368,58480,3161,-3676,-27112,89848,121148
2015-10-27 00:00:00,CANADIAN DOLLAR ,34134,53029,2766,-5451,-18895,87163,122885
2015-09-01 00:00:00,CANADIAN DOLLAR ,28964,84083,-591,-5184,-55119,113047,161893
2015-09-08 00:00:00,CANADIAN DOLLAR ,29506,78146,542,-5937,-48640,107652,159492
2015-09-15 00:00:00,CANADIAN DOLLAR ,28509,75592,-997,-2554,-47083,104101,188043
2015-09-22 00:00:00,CANADIAN DOLLAR ,40901,79295,12392,3703,-38394,120196,136213
2015-09-29 00:00:00,CANADIAN DOLLAR ,36211,78446,-4690,-849,-42235,114657,139431
2015-08-04 00:00:00,CANADIAN DOLLAR ,33993,98173,-1202,6911,-64180,132166,170087
2015-08-11 00:00:00,CANADIAN DOLLAR ,28546,95951,-5447,-2222,-67405,124497,172252
2015-08-18 00:00:00,CANADIAN DOLLAR ,21407,88201,-7139,-7750,-66794,109608,161743
2015-08-25 00:00:00,CANADIAN DOLLAR ,29555,89267,8148,1066,-59712,118822,168819
2015-07-07 00:00:00,CANADIAN DOLLAR ,35928,68196,12823,21641,-32268,104124,120095
2015-07-14 00:00:00,CANADIAN DOLLAR ,38177,78903,2249,10707,-40726,117080,138431
2015-07-21 00:00:00,CANADIAN DOLLAR ,41443,85011,3266,6108,-43568,126454,153762
2015-07-28 00:00:00,CANADIAN DOLLAR ,35195,91262,-6248,6251,-56067,126457,162118
2015-06-02 00:00:00,CANADIAN DOLLAR ,30095,31120,-600,7758,-1025,61215,123127
2015-06-09 00:00:00,CANADIAN DOLLAR ,21004,34749,-9091,3629,-13745,55753,118799
2015-06-16 00:00:00,CANADIAN DOLLAR ,22484,34765,1480,16,-12281,57249,118620
2015-06-23 00:00:00,CANADIAN DOLLAR ,18270,35849,-4214,1084,-17579,54119,81380
2015-06-30 00:00:00,CANADIAN DOLLAR ,23105,46555,4835,10706,-23450,69660,91797
2015-05-05 00:00:00,CANADIAN DOLLAR ,30028,40108,-3830,-14659,-10080,70136,122108
2015-05-12 00:00:00,CANADIAN DOLLAR ,29133,33115,-895,-6993,-3982,62248,123908
2015-05-19 00:00:00,CANADIAN DOLLAR ,25184,20836,-3949,-12279,4348,46020,117811
2015-05-26 00:00:00,CANADIAN DOLLAR ,30695,23362,5511,2526,7333,54057,121908
2015-04-07 00:00:00,CANADIAN DOLLAR ,22081,52100,3310,3711,-30019,74181,114881
2015-04-14 00:00:00,CANADIAN DOLLAR ,23020,53598,939,1498,-30578,76618,118686
2015-04-21 00:00:00,CANADIAN DOLLAR ,33343,60394,10323,6796,-27051,93737,126801
2015-04-28 00:00:00,CANADIAN DOLLAR ,33858,54767,515,-5627,-20909,88625,128938
2015-03-03 00:00:00,CANADIAN DOLLAR ,24332,63195,1909,4527,-38863,87527,121344
2015-03-10 00:00:00,CANADIAN DOLLAR ,22011,61041,-2321,-2154,-39030,83052,146639
2015-03-17 00:00:00,CANADIAN DOLLAR ,21001,53823,-1010,-7218,-32822,74824,158576
2015-03-24 00:00:00,CANADIAN DOLLAR ,19193,51849,-1808,-1974,-32656,71042,106731
2015-03-31 00:00:00,CANADIAN DOLLAR ,18771,48389,-422,-3460,-29618,67160,110447
2015-02-03 00:00:00,CANADIAN DOLLAR ,24553,51874,-4361,-1003,-27321,76427,113662
2015-02-10 00:00:00,CANADIAN DOLLAR ,21176,54509,-3377,2635,-33333,75685,115744
2015-02-17 00:00:00,CANADIAN DOLLAR ,19998,52840,-1178,-1669,-32842,72838,111614
2015-02-24 00:00:00,CANADIAN DOLLAR ,22423,58668,2425,5828,-36245,81091,118014
2015-01-06 00:00:00,CANADIAN DOLLAR ,31275,48362,-1451,1603,-17087,79637,103775
2015-01-13 00:00:00,CANADIAN DOLLAR ,27599,48778,-3676,416,-21179,76377,105003
2015-01-20 00:00:00,CANADIAN DOLLAR ,24238,53318,-3361,4540,-29080,77556,111631
2015-01-27 00:00:00,CANADIAN DOLLAR ,28914,52877,4676,-441,-23963,81791,112718
2014-12-09 00:00:00,CANADIAN DOLLAR ,33406,47768,4873,846,-14362,81174,109650
2014-12-16 00:00:00,CANADIAN DOLLAR ,32397,48091,-1009,323,-15694,80488,129475
2014-12-23 00:00:00,CANADIAN DOLLAR ,33904,46091,1507,-2000,-12187,79995,98477
2014-12-30 00:00:00,CANADIAN DOLLAR ,32726,46759,-1178,668,-14033,79485,97308
2014-11-04 00:00:00,CANADIAN DOLLAR ,29627,49042,3534,1544,-19415,78669,104720
2014-11-11 00:00:00,CANADIAN DOLLAR ,32668,54514,3041,5472,-21846,87182,108445
2014-11-18 00:00:00,CANADIAN DOLLAR ,32082,51599,-586,-2915,-19517,83681,106914
2014-10-07 00:00:00,CANADIAN DOLLAR ,39174,46626,6160,9046,-7452,85800,100900
2014-10-14 00:00:00,CANADIAN DOLLAR ,35688,51855,-3486,5229,-16167,87543,104060
2014-10-21 00:00:00,CANADIAN DOLLAR ,28837,50371,-6851,-1484,-21534,79208,102170
2014-10-28 00:00:00,CANADIAN DOLLAR ,26093,47498,-2744,-2873,-21405,73591,99309
2014-09-02 00:00:00,CANADIAN DOLLAR ,35333,26142,-3189,-6717,9191,61475,105984
2014-09-09 00:00:00,CANADIAN DOLLAR ,33400,21770,-1933,-4372,11630,55170,102951
2014-09-16 00:00:00,CANADIAN DOLLAR ,37347,29803,3947,8033,7544,67150,110275
2014-09-23 00:00:00,CANADIAN DOLLAR ,27673,24609,-9674,-5194,3064,52282,76530
2014-09-30 00:00:00,CANADIAN DOLLAR ,33014,37580,5341,12971,-4566,70594,89376
2014-08-05 00:00:00,CANADIAN DOLLAR ,48944,27489,-7515,-6279,21455,76433,115261
2014-08-12 00:00:00,CANADIAN DOLLAR ,44053,26055,-4891,-1434,17998,70108,108979
2014-08-19 00:00:00,CANADIAN DOLLAR ,41844,34563,-2209,8508,7281,76407,113301
2014-08-26 00:00:00,CANADIAN DOLLAR ,38522,32859,-3322,-1704,5663,71381,108441
2014-07-01 00:00:00,CANADIAN DOLLAR ,44755,42060,4160,-3855,2695,86815,111438
2014-07-08 00:00:00,CANADIAN DOLLAR ,58245,47950,13490,5890,10295,106195,128555
2014-07-15 00:00:00,CANADIAN DOLLAR ,60353,44732,2108,-3218,15621,105085,129787
2014-07-22 00:00:00,CANADIAN DOLLAR ,62078,41497,1725,-3235,20581,103575,129188
2014-07-29 00:00:00,CANADIAN DOLLAR ,56459,33768,-5619,-7729,22691,90227,122619
2014-06-03 00:00:00,CANADIAN DOLLAR ,32519,55250,-62,859,-22731,87769,130275
2014-06-10 00:00:00,CANADIAN DOLLAR ,30303,54411,-2216,-839,-24108,84714,125832
2014-06-17 00:00:00,CANADIAN DOLLAR ,34582,56115,4279,1704,-21533,90697,132209
2014-06-24 00:00:00,CANADIAN DOLLAR ,40595,45915,6013,-10200,-5320,86510,103193
2014-05-06 00:00:00,CANADIAN DOLLAR ,28044,59644,-2049,-744,-31600,87688,122287
2014-05-13 00:00:00,CANADIAN DOLLAR ,26986,53023,-1058,-6621,-26037,80009,121632
2014-05-20 00:00:00,CANADIAN DOLLAR ,26500,53034,-486,11,-26534,79534,121268
2014-05-27 00:00:00,CANADIAN DOLLAR ,32581,54391,6081,1357,-21810,86972,129989
2014-04-01 00:00:00,CANADIAN DOLLAR ,27549,64543,-12892,-9113,-36994,92092,117966
2014-04-08 00:00:00,CANADIAN DOLLAR ,28704,63011,1155,-1532,-34307,91715,120336
2014-04-15 00:00:00,CANADIAN DOLLAR ,28288,63714,-416,703,-35426,92002,119525
2014-04-22 00:00:00,CANADIAN DOLLAR ,27529,62984,-759,-730,-35455,90513,118707
2014-04-29 00:00:00,CANADIAN DOLLAR ,30093,60388,2564,-2596,-30295,90481,123589
2014-03-04 00:00:00,CANADIAN DOLLAR ,23306,84402,-1559,946,-61096,107708,147033
2014-03-11 00:00:00,CANADIAN DOLLAR ,25180,77371,1874,-7031,-52191,102551,153639
2014-03-18 00:00:00,CANADIAN DOLLAR ,27751,97556,2571,20185,-69805,125307,186782
2014-03-25 00:00:00,CANADIAN DOLLAR ,40441,73656,12690,-23900,-33215,114097,133246
2014-02-04 00:00:00,CANADIAN DOLLAR ,29439,89739,3463,974,-60300,119178,160625
2014-02-11 00:00:00,CANADIAN DOLLAR ,27745,86673,-1694,-3066,-58928,114418,157495
2014-02-18 00:00:00,CANADIAN DOLLAR ,27756,92756,11,6083,-65000,120512,154862
2014-02-25 00:00:00,CANADIAN DOLLAR ,24865,83456,-2891,-9300,-58591,108321,141519
2014-01-07 00:00:00,CANADIAN DOLLAR ,30535,91077,2329,4915,-60542,121612,156950
2014-01-14 00:00:00,CANADIAN DOLLAR ,34212,101557,3677,10480,-67345,135769,171370
2014-01-21 00:00:00,CANADIAN DOLLAR ,29423,99750,-4789,-1807,-70327,129173,169456
2014-01-28 00:00:00,CANADIAN DOLLAR ,25976,88765,-3447,-10985,-62789,114741,157214
2013-12-03 00:00:00,CANADIAN DOLLAR ,32589,74172,4446,17249,-41583,106761,145767
2013-12-10 00:00:00,CANADIAN DOLLAR ,31049,88563,-1540,14391,-57514,119612,160759
2013-12-17 00:00:00,CANADIAN DOLLAR ,25133,90633,-5916,2070,-65500,115766,187136
2013-12-24 00:00:00,CANADIAN DOLLAR ,28191,86623,3058,-4010,-58432,114814,149359
2013-11-05 00:00:00,CANADIAN DOLLAR ,26803,44805,-430,2335,-18002,71608,117253
2013-11-12 00:00:00,CANADIAN DOLLAR ,29306,45398,2503,593,-16092,74704,118952
2013-11-19 00:00:00,CANADIAN DOLLAR ,31656,47991,2350,2593,-16335,79647,121813
2013-11-26 00:00:00,CANADIAN DOLLAR ,28143,56923,-3513,8932,-28780,85066,129471
2013-10-01 00:00:00,CANADIAN DOLLAR ,43734,44689,3456,-1264,-955,88423,122732
2013-10-08 00:00:00,CANADIAN DOLLAR ,33857,42520,-9877,-2169,-8663,76377,118332
2013-10-15 00:00:00,CANADIAN DOLLAR ,28436,39250,-5421,-3270,-10814,67686,112544
2013-10-22 00:00:00,CANADIAN DOLLAR ,28906,34270,470,-4980,-5364,63176,109316
2013-10-29 00:00:00,CANADIAN DOLLAR ,27233,42470,-1673,8200,-15237,69703,116157
2013-09-03 00:00:00,CANADIAN DOLLAR ,31879,66518,-3496,6184,-34639,98397,143241
2013-09-10 00:00:00,CANADIAN DOLLAR ,24621,55563,-7258,-10955,-30942,80184,137986
2013-09-17 00:00:00,CANADIAN DOLLAR ,25286,44050,665,-11513,-18764,69336,142925
2013-09-24 00:00:00,CANADIAN DOLLAR ,40278,45953,14992,1903,-5675,86231,119624
2013-08-06 00:00:00,CANADIAN DOLLAR ,22629,33065,1900,902,-10436,55694,106787
2013-08-13 00:00:00,CANADIAN DOLLAR ,21751,30832,-878,-2233,-9081,52583,105303
2013-08-20 00:00:00,CANADIAN DOLLAR ,26559,36103,4808,5271,-9544,62662,108282
2013-08-27 00:00:00,CANADIAN DOLLAR ,35375,60334,8816,24231,-24959,95709,133392
2013-07-02 00:00:00,CANADIAN DOLLAR ,35398,51648,8212,13824,-16250,87046,126754
2013-07-09 00:00:00,CANADIAN DOLLAR ,37260,61089,1862,9441,-23829,98349,140106
2013-07-16 00:00:00,CANADIAN DOLLAR ,32187,52230,-5073,-8859,-20043,84417,133870
2013-07-23 00:00:00,CANADIAN DOLLAR ,22262,39020,-9925,-13210,-16758,61282,119597
2013-07-30 00:00:00,CANADIAN DOLLAR ,20729,32163,-1533,-6857,-11434,52892,111005
2013-06-04 00:00:00,CANADIAN DOLLAR ,22351,62127,-5947,470,-39776,84478,141838
2013-06-11 00:00:00,CANADIAN DOLLAR ,17343,53250,-5008,-8877,-35907,70593,145729
2013-06-18 00:00:00,CANADIAN DOLLAR ,15470,41557,-1873,-11693,-26087,57027,145484
2013-06-25 00:00:00,CANADIAN DOLLAR ,27186,37824,11716,-3733,-10638,65010,109819
2013-05-07 00:00:00,CANADIAN DOLLAR ,25741,77657,2495,-13437,-51916,103398,149014
2013-05-14 00:00:00,CANADIAN DOLLAR ,28352,72769,2611,-4888,-44417,101121,142482
2013-05-21 00:00:00,CANADIAN DOLLAR ,30686,64538,2334,-8231,-33852,95224,141531
2013-05-28 00:00:00,CANADIAN DOLLAR ,28298,61657,-2388,-2881,-33359,89955,144725
2013-04-02 00:00:00,CANADIAN DOLLAR ,26212,90756,-74,1825,-64544,116968,163150
2013-04-09 00:00:00,CANADIAN DOLLAR ,24056,95189,-2156,4433,-71133,119245,161861
2013-04-16 00:00:00,CANADIAN DOLLAR ,26003,101916,1947,6727,-75913,127919,171111
2013-04-23 00:00:00,CANADIAN DOLLAR ,27940,99619,1937,-2297,-71679,127559,171804
2013-04-30 00:00:00,CANADIAN DOLLAR ,23246,91094,-4694,-8525,-67848,114340,161473
2013-03-05 00:00:00,CANADIAN DOLLAR ,39564,86227,-2607,22623,-46663,125791,221062
2013-03-12 00:00:00,CANADIAN DOLLAR ,37020,90417,-2544,4190,-53397,127437,249150
2013-03-26 00:00:00,CANADIAN DOLLAR ,26286,88931,-13131,-15817,-62645,115217,160847
2013-02-05 00:00:00,CANADIAN DOLLAR ,44538,16777,-9377,-2081,27761,61315,141807
2013-02-12 00:00:00,CANADIAN DOLLAR ,39324,12759,-5214,-4018,26565,52083,140109
2013-02-19 00:00:00,CANADIAN DOLLAR ,46033,26654,6709,13895,19379,72687,156182
2013-02-26 00:00:00,CANADIAN DOLLAR ,42171,63604,-3862,36950,-21433,105775,195893
2013-01-08 00:00:00,CANADIAN DOLLAR ,70435,6430,-3243,-1322,64005,76865,137314
2013-01-15 00:00:00,CANADIAN DOLLAR ,73099,4431,2664,-1999,68668,77530,144716
2013-01-22 00:00:00,CANADIAN DOLLAR ,66225,8273,-6874,3842,57952,74498,141710
2013-01-29 00:00:00,CANADIAN DOLLAR ,53915,18858,-12310,10585,35057,72773,144927
2012-12-04 00:00:00,CANADIAN DOLLAR ,66356,9285,-6307,-999,57071,75641,167343
2012-12-11 00:00:00,CANADIAN DOLLAR ,74220,11687,7864,2402,62533,85907,178087
2012-12-18 00:00:00,CANADIAN DOLLAR ,81493,7215,7273,-4472,74278,88708,219922
2012-12-24 00:00:00,CANADIAN DOLLAR ,72777,9425,-8716,2210,63352,82202,140965
2012-12-31 00:00:00,CANADIAN DOLLAR ,73678,7752,901,-1673,65926,81430,137247
2012-11-06 00:00:00,CANADIAN DOLLAR ,82882,8120,-3424,585,74762,91002,166422
2012-11-13 00:00:00,CANADIAN DOLLAR ,75935,9816,-6947,1696,66119,85751,168339
2012-11-20 00:00:00,CANADIAN DOLLAR ,72893,11447,-3042,1631,61446,84340,169517
2012-11-27 00:00:00,CANADIAN DOLLAR ,72663,10284,-230,-1163,62379,82947,170497
2012-10-02 00:00:00,CANADIAN DOLLAR ,112706,11530,-10937,-6767,101176,124236,196895
2012-10-09 00:00:00,CANADIAN DOLLAR ,106300,10672,-6406,-858,95628,116972,192593
2012-10-16 00:00:00,CANADIAN DOLLAR ,106369,12619,69,1947,93750,118988,189466
2012-10-23 00:00:00,CANADIAN DOLLAR ,98566,9478,-7803,-3141,89088,108044,178102
2012-10-30 00:00:00,CANADIAN DOLLAR ,86306,7535,-12260,-1943,78771,93841,167010
2012-09-04 00:00:00,CANADIAN DOLLAR ,89309,22754,2670,-2949,66555,112063,171278
2012-09-11 00:00:00,CANADIAN DOLLAR ,116546,14686,27237,-8068,101860,131232,254598
2012-09-18 00:00:00,CANADIAN DOLLAR ,126688,14807,10142,121,111881,141495,296999
2012-09-25 00:00:00,CANADIAN DOLLAR ,123643,18297,-3045,3490,105346,141940,210066
2012-08-07 00:00:00,CANADIAN DOLLAR ,43190,24068,12538,5865,19122,67258,109258
2012-08-14 00:00:00,CANADIAN DOLLAR ,53894,25301,10704,1233,28593,79195,123658
2012-08-21 00:00:00,CANADIAN DOLLAR ,76008,25141,22114,-160,50867,101149,150410
2012-08-28 00:00:00,CANADIAN DOLLAR ,86639,25703,10631,562,60936,112342,163842
2012-07-03 00:00:00,CANADIAN DOLLAR ,22923,14225,-4855,-4276,8698,37148,93160
2012-07-10 00:00:00,CANADIAN DOLLAR ,24673,20335,1750,6110,4338,45008,100606
2012-07-17 00:00:00,CANADIAN DOLLAR ,23628,24836,-1045,4501,-1208,48464,103963
2012-07-24 00:00:00,CANADIAN DOLLAR ,29695,32127,6067,7291,-2432,61822,111062
2012-07-31 00:00:00,CANADIAN DOLLAR ,30652,18203,957,-13924,12449,48855,101082
2012-06-05 00:00:00,CANADIAN DOLLAR ,39559,24653,-9234,9945,14906,64212,137391
2012-06-12 00:00:00,CANADIAN DOLLAR ,31308,21688,-8251,-2965,9620,52996,135037
2012-06-19 00:00:00,CANADIAN DOLLAR ,27808,19607,-3500,-2081,8201,47415,131671
2012-06-26 00:00:00,CANADIAN DOLLAR ,27778,18501,-30,-1106,9277,46279,95821
2012-05-01 00:00:00,CANADIAN DOLLAR ,84458,14235,21430,-4569,70223,98693,163036
2012-05-08 00:00:00,CANADIAN DOLLAR ,69914,9819,-14544,-4416,60095,79733,148415
2012-05-15 00:00:00,CANADIAN DOLLAR ,66286,15281,-3628,5462,51005,81567,140173
2012-05-22 00:00:00,CANADIAN DOLLAR ,57577,19022,-8709,3741,38555,76599,130992
2012-05-29 00:00:00,CANADIAN DOLLAR ,48793,14708,-8784,-4314,34085,63501,126626
2012-04-03 00:00:00,CANADIAN DOLLAR ,57291,27804,3859,-1891,29487,85095,126333
2012-04-10 00:00:00,CANADIAN DOLLAR ,47992,20025,-9299,-7779,27967,68017,113833
2012-04-17 00:00:00,CANADIAN DOLLAR ,58319,20291,10327,266,38028,78610,128841
2012-04-24 00:00:00,CANADIAN DOLLAR ,63028,18804,4709,-1487,44224,81832,134899
2012-03-06 00:00:00,CANADIAN DOLLAR ,55906,29874,5143,1591,26032,85780,146771
2012-03-13 00:00:00,CANADIAN DOLLAR ,59548,32827,3642,2953,26721,92375,172856
2012-03-20 00:00:00,CANADIAN DOLLAR ,62768,20453,3220,-12374,42315,83221,189870
2012-03-27 00:00:00,CANADIAN DOLLAR ,53432,29695,-9336,9242,23737,83127,122621
2012-02-07 00:00:00,CANADIAN DOLLAR ,37065,34881,6925,-14668,2184,71946,122955
2012-02-14 00:00:00,CANADIAN DOLLAR ,38465,28899,1400,-5982,9566,67364,122896
2012-02-21 00:00:00,CANADIAN DOLLAR ,47784,33672,9319,4773,14112,81456,129249
2012-02-28 00:00:00,CANADIAN DOLLAR ,50763,28283,2979,-5389,22480,79046,136553
2012-01-03 00:00:00,CANADIAN DOLLAR ,27665,51036,-467,1092,-23371,78701,119763
2012-01-10 00:00:00,CANADIAN DOLLAR ,23039,51688,-4626,652,-28649,74727,120997
2012-01-17 00:00:00,CANADIAN DOLLAR ,25118,53848,2079,2160,-28730,78966,123101
2012-01-24 00:00:00,CANADIAN DOLLAR ,29772,48681,4654,-5167,-18909,78453,117164
2012-01-31 00:00:00,CANADIAN DOLLAR ,30140,49549,368,868,-19409,79689,119270
2011-12-06 00:00:00,CANADIAN DOLLAR ,31022,51193,953,-5745,-20171,82215,150326
2011-12-13 00:00:00,CANADIAN DOLLAR ,35787,49172,4765,-2021,-13385,84959,173429
2011-12-20 00:00:00,CANADIAN DOLLAR ,21428,48296,-14359,-876,-26868,69724,174254
2011-12-27 00:00:00,CANADIAN DOLLAR ,28132,49944,6704,1648,-21812,78076,118735
2011-11-01 00:00:00,CANADIAN DOLLAR ,27420,42240,2052,-1051,-14820,69660,119841
2011-11-08 00:00:00,CANADIAN DOLLAR ,28003,43571,583,1331,-15568,71574,122069
2011-11-15 00:00:00,CANADIAN DOLLAR ,28819,46034,816,2463,-17215,74853,123967
2011-11-22 00:00:00,CANADIAN DOLLAR ,29041,51185,222,5151,-22144,80226,129151
2011-11-29 00:00:00,CANADIAN DOLLAR ,30069,56938,1028,5753,-26869,87007,143231
2011-10-04 00:00:00,CANADIAN DOLLAR ,22713,38395,1393,-3475,-15682,61108,103733
2011-10-11 00:00:00,CANADIAN DOLLAR ,23922,48835,1209,10440,-24913,72757,122945
2011-10-18 00:00:00,CANADIAN DOLLAR ,23343,48138,-579,-697,-24795,71481,123074
2011-10-25 00:00:00,CANADIAN DOLLAR ,25368,43291,2025,-4847,-17923,68659,120187
2011-09-06 00:00:00,CANADIAN DOLLAR ,18441,16360,-6382,5476,2081,34801,109190
2011-09-13 00:00:00,CANADIAN DOLLAR ,17337,23640,-1104,7280,-6303,40977,117403
2011-09-20 00:00:00,CANADIAN DOLLAR ,20422,25880,3085,2240,-5458,46302,123057
2011-09-27 00:00:00,CANADIAN DOLLAR ,21320,41870,898,15990,-20550,63190,86146
2011-08-02 00:00:00,CANADIAN DOLLAR ,57482,16445,4598,-298,41037,73927,133150
2011-08-09 00:00:00,CANADIAN DOLLAR ,38872,15168,-18610,-1277,23704,54040,118973
2011-08-16 00:00:00,CANADIAN DOLLAR ,23153,19032,-15719,3864,4121,42185,103509
2011-08-23 00:00:00,CANADIAN DOLLAR ,23368,14564,215,-4468,8804,37932,104672
2011-08-30 00:00:00,CANADIAN DOLLAR ,24823,10884,1455,-3680,13939,35707,107237
2011-07-05 00:00:00,CANADIAN DOLLAR ,31346,24525,9450,766,6821,55871,105967
2011-07-12 00:00:00,CANADIAN DOLLAR ,39535,24201,8189,-324,15334,63736,111624
2011-07-19 00:00:00,CANADIAN DOLLAR ,52623,24859,13088,658,27764,77482,124719
2011-07-26 00:00:00,CANADIAN DOLLAR ,52884,16743,261,-8116,36141,69627,128807
2011-06-07 00:00:00,CANADIAN DOLLAR ,32631,19109,-3026,9854,13522,51740,129110
2011-06-14 00:00:00,CANADIAN DOLLAR ,33746,14891,1115,-4218,18855,48637,142172
2011-06-21 00:00:00,CANADIAN DOLLAR ,19983,17779,-13763,2888,2204,37762,87905
2011-06-28 00:00:00,CANADIAN DOLLAR ,21896,23759,1913,5980,-1863,45655,92360
2011-05-03 00:00:00,CANADIAN DOLLAR ,59863,5822,-1630,3392,54041,65685,139919
2011-05-10 00:00:00,CANADIAN DOLLAR ,42698,5495,-17165,-327,37203,48193,121478
2011-05-17 00:00:00,CANADIAN DOLLAR ,36008,9717,-6690,4222,26291,45725,123386
2011-05-24 00:00:00,CANADIAN DOLLAR ,31219,9942,-4789,225,21277,41161,120245
2011-05-31 00:00:00,CANADIAN DOLLAR ,35657,9255,4438,-687,26402,44912,125654
2011-04-05 00:00:00,CANADIAN DOLLAR ,68876,3846,15990,2205,65030,72722,138257
2011-04-12 00:00:00,CANADIAN DOLLAR ,66354,2613,-2522,-1233,63741,68967,142022
2011-04-19 00:00:00,CANADIAN DOLLAR ,67489,2454,1135,-159,65035,69943,141961
2011-04-26 00:00:00,CANADIAN DOLLAR ,61493,2430,-5996,-24,59063,63923,138939
2011-03-01 00:00:00,CANADIAN DOLLAR ,78365,5538,5591,1112,72827,83903,148414
2011-03-08 00:00:00,CANADIAN DOLLAR ,81253,3709,2888,-1829,77544,84962,174715
2011-03-15 00:00:00,CANADIAN DOLLAR ,60789,3798,-20464,89,56991,64587,189157
2011-03-22 00:00:00,CANADIAN DOLLAR ,49722,3745,-11067,-53,45977,53467,118442
2011-03-29 00:00:00,CANADIAN DOLLAR ,52886,1641,3164,-2104,51245,54527,119128
2011-02-01 00:00:00,CANADIAN DOLLAR ,55186,21372,1111,-984,33814,76558,119488
2011-02-08 00:00:00,CANADIAN DOLLAR ,72899,33109,17713,11737,39790,106008,141604
2011-02-15 00:00:00,CANADIAN DOLLAR ,77018,4928,4119,-28181,72090,81946,140822
2011-02-22 00:00:00,CANADIAN DOLLAR ,72774,4426,-4244,-502,68348,77200,140610
2011-01-04 00:00:00,CANADIAN DOLLAR ,65421,27073,7279,3718,38348,92494,120758
2011-01-11 00:00:00,CANADIAN DOLLAR ,70872,23115,5451,-3958,47757,93987,129480
2011-01-18 00:00:00,CANADIAN DOLLAR ,67614,23559,-3258,444,44055,91173,128185
2011-01-25 00:00:00,CANADIAN DOLLAR ,54075,22356,-13539,-1203,31719,76431,117899
2010-12-07 00:00:00,CANADIAN DOLLAR ,47003,13281,16004,1437,33722,60284,114999
2010-12-14 00:00:00,CANADIAN DOLLAR ,44840,11444,-2163,-1837,33396,56284,142291
2010-12-21 00:00:00,CANADIAN DOLLAR ,39665,14717,-5175,3273,24948,54382,91294
2010-12-28 00:00:00,CANADIAN DOLLAR ,58142,23355,18477,8638,34787,81497,113223
2010-11-02 00:00:00,CANADIAN DOLLAR ,41890,18525,4088,598,23365,60415,104809
2010-11-09 00:00:00,CANADIAN DOLLAR ,62533,25195,20643,6670,37338,87728,128710
2010-11-16 00:00:00,CANADIAN DOLLAR ,58390,19949,-4143,-5246,38441,78339,124587
2010-11-23 00:00:00,CANADIAN DOLLAR ,36797,14298,-21593,-5651,22499,51095,105442
2010-11-30 00:00:00,CANADIAN DOLLAR ,30999,11844,-5798,-2454,19155,42843,100245
2010-10-05 00:00:00,CANADIAN DOLLAR ,62909,20231,19831,5023,42678,83140,120045
2010-10-12 00:00:00,CANADIAN DOLLAR ,63283,19497,374,-734,43786,82780,123851
2010-10-19 00:00:00,CANADIAN DOLLAR ,47852,17112,-15431,-2385,30740,64964,112791
2010-10-26 00:00:00,CANADIAN DOLLAR ,37802,17927,-10050,815,19875,55729,102269
2010-09-07 00:00:00,CANADIAN DOLLAR ,27734,27282,777,-4439,452,55016,107378
2010-09-14 00:00:00,CANADIAN DOLLAR ,29057,11362,1323,-15920,17695,40419,110946
2010-09-21 00:00:00,CANADIAN DOLLAR ,46985,17170,17928,5808,29815,64155,101524
2010-09-28 00:00:00,CANADIAN DOLLAR ,43078,15208,-3907,-1962,27870,58286,101260
2010-08-03 00:00:00,CANADIAN DOLLAR ,40335,6153,13290,2976,34182,46488,99262
2010-08-10 00:00:00,CANADIAN DOLLAR ,46616,5437,6281,-716,41179,52053,105543
2010-08-17 00:00:00,CANADIAN DOLLAR ,34446,4932,-12170,-505,29514,39378,94908
2010-08-24 00:00:00,CANADIAN DOLLAR ,24889,8742,-9557,3810,16147,33631,94976
2010-08-31 00:00:00,CANADIAN DOLLAR ,26957,31721,2068,22979,-4764,58678,108003
2010-07-06 00:00:00,CANADIAN DOLLAR ,28549,20455,-3026,4774,8094,49004,92565
2010-07-13 00:00:00,CANADIAN DOLLAR ,27952,5914,-597,-14541,22038,33866,87394
2010-07-20 00:00:00,CANADIAN DOLLAR ,23739,7315,-4213,1401,16424,31054,83317
2010-07-27 00:00:00,CANADIAN DOLLAR ,27045,3177,3306,-4138,23868,30222,85121
2010-06-01 00:00:00,CANADIAN DOLLAR ,37262,15108,-2851,-1133,22154,52370,117450
2010-06-08 00:00:00,CANADIAN DOLLAR ,36775,14265,-487,-843,22510,51040,121438
2010-06-15 00:00:00,CANADIAN DOLLAR ,37460,10106,685,-4159,27354,47566,127919
2010-06-22 00:00:00,CANADIAN DOLLAR ,38499,12146,1039,2040,26353,50645,86397
2010-06-29 00:00:00,CANADIAN DOLLAR ,31575,15681,-6924,3535,15894,47256,88461
2010-05-04 00:00:00,CANADIAN DOLLAR ,65431,13419,-6935,251,52012,78850,137181
2010-05-11 00:00:00,CANADIAN DOLLAR ,58010,7556,-7421,-5863,50454,65566,122092
2010-05-18 00:00:00,CANADIAN DOLLAR ,53254,8369,-4756,813,44885,61623,124952
2010-05-25 00:00:00,CANADIAN DOLLAR ,40113,16241,-13141,7872,23872,56354,122642
2010-04-06 00:00:00,CANADIAN DOLLAR ,88881,19569,286,1270,69312,108450,151537
2010-04-13 00:00:00,CANADIAN DOLLAR ,87918,17443,-963,-2126,70475,105361,153401
2010-04-20 00:00:00,CANADIAN DOLLAR ,82664,13008,-5254,-4435,69656,95672,149360
2010-04-27 00:00:00,CANADIAN DOLLAR ,72366,13168,-10298,160,59198,85534,144191
2010-03-02 00:00:00,CANADIAN DOLLAR ,47170,8881,6946,-2922,38289,56051,109517
2010-03-09 00:00:00,CANADIAN DOLLAR ,71350,9951,24180,1070,61399,81301,138991
2010-03-16 00:00:00,CANADIAN DOLLAR ,80982,11342,9632,1391,69640,92324,180184
2010-03-23 00:00:00,CANADIAN DOLLAR ,90278,17251,9296,5909,73027,107529,152885
2010-03-30 00:00:00,CANADIAN DOLLAR ,88595,18299,-1683,1048,70296,106894,152133
2010-02-02 00:00:00,CANADIAN DOLLAR ,25639,10284,-10020,434,15355,35923,82692
2010-02-09 00:00:00,CANADIAN DOLLAR ,24285,15422,-1354,5138,8863,39707,84317
2010-02-16 00:00:00,CANADIAN DOLLAR ,35026,11571,10741,-3851,23455,46597,93330
2010-02-23 00:00:00,CANADIAN DOLLAR ,40224,11803,5198,232,28421,52027,100629
2010-01-05 00:00:00,CANADIAN DOLLAR ,51736,11540,1279,1072,40196,63276,107554
2010-01-12 00:00:00,CANADIAN DOLLAR ,60219,11524,8483,-16,48695,71743,117310
2010-01-19 00:00:00,CANADIAN DOLLAR ,58048,11245,-2171,-279,46803,69293,120271
2010-01-26 00:00:00,CANADIAN DOLLAR ,35659,9850,-22389,-1395,25809,45509,91375
2009-12-01 00:00:00,CANADIAN DOLLAR ,35964,5155,5472,-684,30809,41119,97431
2009-12-08 00:00:00,CANADIAN DOLLAR ,33195,3736,-2769,-1419,29459,36931,103218
2009-12-15 00:00:00,CANADIAN DOLLAR ,29365,3740,-3830,4,25625,33105,109895
2009-12-22 00:00:00,CANADIAN DOLLAR ,31381,8680,2016,4940,22701,40061,79423
2009-12-29 00:00:00,CANADIAN DOLLAR ,50457,10468,19076,1788,39989,60925,101157
2009-11-03 00:00:00,CANADIAN DOLLAR ,27862,4493,-13399,-1313,23369,32355,82896
2009-11-09 00:00:00,CANADIAN DOLLAR ,30168,8184,2306,3691,21984,38352,85919
2009-11-17 00:00:00,CANADIAN DOLLAR ,35653,12047,5485,3863,23606,47700,94241
2009-11-24 00:00:00,CANADIAN DOLLAR ,30492,5839,-5161,-6208,24653,36331,89131
2009-10-06 00:00:00,CANADIAN DOLLAR ,41391,5616,17548,-18,35775,47007,88135
2009-10-13 00:00:00,CANADIAN DOLLAR ,50739,6543,9348,927,44196,57282,102958
2009-10-20 00:00:00,CANADIAN DOLLAR ,52689,9152,1950,2609,43537,61841,111244
2009-10-27 00:00:00,CANADIAN DOLLAR ,41261,5806,-11428,-3346,35455,47067,99635
2009-09-01 00:00:00,CANADIAN DOLLAR ,37838,4949,-13003,-5903,32889,42787,88664
2009-09-08 00:00:00,CANADIAN DOLLAR ,42844,6026,5006,1077,36818,48870,105084
2009-09-15 00:00:00,CANADIAN DOLLAR ,44894,6862,2050,836,38032,51756,124489
2009-09-22 00:00:00,CANADIAN DOLLAR ,44156,9604,-738,2742,34552,53760,89054
2009-09-29 00:00:00,CANADIAN DOLLAR ,23843,5634,-20313,-3970,18209,29477,71015
2009-08-04 00:00:00,CANADIAN DOLLAR ,58426,21834,9878,2354,36592,80260,105272
2009-08-11 00:00:00,CANADIAN DOLLAR ,47947,14058,-10479,-7776,33889,62005,95923
2009-08-18 00:00:00,CANADIAN DOLLAR ,48058,10600,111,-3458,37458,58658,93429
2009-08-25 00:00:00,CANADIAN DOLLAR ,50841,10852,2783,252,39989,61693,99083
2009-07-07 00:00:00,CANADIAN DOLLAR ,29971,23419,-2464,256,6552,53390,80191
2009-07-14 00:00:00,CANADIAN DOLLAR ,31850,25957,1879,2538,5893,57807,85347
2009-07-21 00:00:00,CANADIAN DOLLAR ,42647,26141,10797,184,16506,68788,89893
2009-07-28 00:00:00,CANADIAN DOLLAR ,48548,19480,5901,-6661,29068,68028,92023
2009-06-02 00:00:00,CANADIAN DOLLAR ,31879,25285,-550,4388,6594,57164,90613
2009-06-09 00:00:00,CANADIAN DOLLAR ,33405,20439,1526,-4846,12966,53844,97915
2009-06-16 00:00:00,CANADIAN DOLLAR ,31433,15973,-1972,-4466,15460,47406,118604
2009-06-23 00:00:00,CANADIAN DOLLAR ,30043,18696,-1390,2723,11347,48739,74353
2009-06-30 00:00:00,CANADIAN DOLLAR ,32435,23163,2392,4467,9272,55598,80536
2009-05-05 00:00:00,CANADIAN DOLLAR ,22007,19993,5612,-4109,2014,42000,74576
2009-05-12 00:00:00,CANADIAN DOLLAR ,25180,19731,3173,-262,5449,44911,81402
2009-05-19 00:00:00,CANADIAN DOLLAR ,28816,23391,3636,3660,5425,52207,86527
2009-05-26 00:00:00,CANADIAN DOLLAR ,32429,20897,3613,-2494,11532,53326,89446
2009-04-07 00:00:00,CANADIAN DOLLAR ,7397,30708,944,909,-23311,38105,58219
2009-04-14 00:00:00,CANADIAN DOLLAR ,10415,28144,3018,-2564,-17729,38559,60486
2009-04-21 00:00:00,CANADIAN DOLLAR ,12897,25604,2482,-2540,-12707,38501,63049
2009-04-28 00:00:00,CANADIAN DOLLAR ,16395,24102,3498,-1502,-7707,40497,67729
2009-03-03 00:00:00,CANADIAN DOLLAR ,11859,30872,2817,8865,-19013,42731,83768
2009-03-10 00:00:00,CANADIAN DOLLAR ,7991,28281,-3868,-2591,-20290,36272,87787
2009-03-17 00:00:00,CANADIAN DOLLAR ,8715,32665,724,4384,-23950,41380,93979
2009-03-24 00:00:00,CANADIAN DOLLAR ,5203,25875,-3512,-6790,-20672,31078,56641
2009-03-31 00:00:00,CANADIAN DOLLAR ,6453,29799,1250,3924,-23346,36252,58595
2009-02-03 00:00:00,CANADIAN DOLLAR ,9597,22172,1699,-692,-12575,31769,67011
2009-02-10 00:00:00,CANADIAN DOLLAR ,7789,19260,-1808,-2912,-11471,27049,67863
2009-02-17 00:00:00,CANADIAN DOLLAR ,9631,22540,1842,3280,-12909,32171,72185
2009-02-24 00:00:00,CANADIAN DOLLAR ,9042,22007,-589,-533,-12965,31049,74438
2009-01-06 00:00:00,CANADIAN DOLLAR ,8930,22802,457,3974,-13872,31732,53297
2009-01-13 00:00:00,CANADIAN DOLLAR ,9277,21481,347,-1321,-12204,30758,55217
2009-01-20 00:00:00,CANADIAN DOLLAR ,8949,23534,-328,2053,-14585,32483,65416
2009-01-27 00:00:00,CANADIAN DOLLAR ,7898,22864,-1051,-670,-14966,30762,64951
2008-12-02 00:00:00,CANADIAN DOLLAR ,13076,22783,555,3993,-9707,35859,88581
2008-12-09 00:00:00,CANADIAN DOLLAR ,12579,21408,-497,-1375,-8829,33987,86795
2008-12-16 00:00:00,CANADIAN DOLLAR ,10729,17477,-1850,-3931,-6748,28206,85413
2008-12-22 00:00:00,CANADIAN DOLLAR ,9345,19375,-1384,1898,-10030,28720,43701
2008-12-30 00:00:00,CANADIAN DOLLAR ,8473,18828,-872,-547,-10355,27301,47479
2008-11-04 00:00:00,CANADIAN DOLLAR ,17145,24639,-920,-3273,-7494,41784,107787
2008-11-11 00:00:00,CANADIAN DOLLAR ,16067,19312,-1078,-5327,-3245,35379,98146
2008-11-18 00:00:00,CANADIAN DOLLAR ,15426,22603,-641,3291,-7177,38029,92554
2008-11-25 00:00:00,CANADIAN DOLLAR ,12521,18790,-2905,-3813,-6269,31311,83766
2008-10-07 00:00:00,CANADIAN DOLLAR ,18431,35583,-1260,-2129,-17152,54014,94501
2008-10-14 00:00:00,CANADIAN DOLLAR ,16220,34104,-2211,-1479,-17884,50324,98295
2008-10-21 00:00:00,CANADIAN DOLLAR ,20698,33093,4478,-1011,-12395,53791,111438
2008-10-28 00:00:00,CANADIAN DOLLAR ,18065,27912,-2633,-5181,-9847,45977,107866
2008-09-02 00:00:00,CANADIAN DOLLAR ,37205,54779,3876,5686,-17574,91984,122277
2008-09-09 00:00:00,CANADIAN DOLLAR ,36134,46118,-1071,-8661,-9984,82252,142344
2008-09-16 00:00:00,CANADIAN DOLLAR ,33090,43312,-3044,-2806,-10222,76402,145036
2008-09-23 00:00:00,CANADIAN DOLLAR ,17090,35743,-16000,-7569,-18653,52833,92330
2008-09-30 00:00:00,CANADIAN DOLLAR ,19691,37712,2601,1969,-18021,57403,93626
2008-08-05 00:00:00,CANADIAN DOLLAR ,35442,54214,5760,22286,-18772,89656,116660
2008-08-12 00:00:00,CANADIAN DOLLAR ,33650,58979,-1792,4765,-25329,92629,121154
2008-08-19 00:00:00,CANADIAN DOLLAR ,38641,66726,4991,7747,-28085,105367,126865
2008-08-26 00:00:00,CANADIAN DOLLAR ,33329,49093,-5312,-17633,-15764,82422,116253
2008-07-01 00:00:00,CANADIAN DOLLAR ,24732,34522,-2665,2636,-9790,59254,87207
2008-07-08 00:00:00,CANADIAN DOLLAR ,30183,36135,5451,1613,-5952,66318,91389
2008-07-15 00:00:00,CANADIAN DOLLAR ,39972,27113,9789,-9022,12859,67085,97365
2008-07-22 00:00:00,CANADIAN DOLLAR ,43572,21683,3600,-5430,21889,65255,99845
2008-07-29 00:00:00,CANADIAN DOLLAR ,29682,31928,-13890,10245,-2246,61610,97065
2008-06-03 00:00:00,CANADIAN DOLLAR ,63825,18087,-5811,-1424,45738,81912,122819
2008-06-10 00:00:00,CANADIAN DOLLAR ,43276,25697,-20549,7610,17579,68973,123950
2008-06-17 00:00:00,CANADIAN DOLLAR ,36386,37337,-6890,11640,-951,73723,130634
2008-06-24 00:00:00,CANADIAN DOLLAR ,27397,31886,-8989,-5451,-4489,59283,84325
2008-05-06 00:00:00,CANADIAN DOLLAR ,48104,16392,16288,-7996,31712,64496,114709
2008-05-13 00:00:00,CANADIAN DOLLAR ,46246,16837,-1858,445,29409,63083,108527
2008-05-20 00:00:00,CANADIAN DOLLAR ,53118,21700,6872,4863,31418,74818,115665
2008-05-27 00:00:00,CANADIAN DOLLAR ,69636,19511,16518,-2189,50125,89147,127620
2008-04-01 00:00:00,CANADIAN DOLLAR ,28382,27659,199,1654,723,56041,100329
2008-04-08 00:00:00,CANADIAN DOLLAR ,37519,30955,9137,3296,6564,68474,106562
2008-04-15 00:00:00,CANADIAN DOLLAR ,33518,28015,-4001,-2940,5503,61533,104970
2008-04-22 00:00:00,CANADIAN DOLLAR ,43836,26466,10318,-1549,17370,70302,105665
2008-04-29 00:00:00,CANADIAN DOLLAR ,31816,24388,-12020,-2078,7428,56204,98159
2008-03-04 00:00:00,CANADIAN DOLLAR ,60105,23699,9782,-440,36406,83804,117986
2008-03-11 00:00:00,CANADIAN DOLLAR ,50353,21422,-9752,-2277,28931,71775,117606
2008-03-18 00:00:00,CANADIAN DOLLAR ,43416,22517,-6937,1095,20899,65933,127275
2008-03-25 00:00:00,CANADIAN DOLLAR ,28183,26005,-15233,3488,2178,54188,98867
2008-02-05 00:00:00,CANADIAN DOLLAR ,30603,20363,4655,-1290,10240,50966,93574
2008-02-12 00:00:00,CANADIAN DOLLAR ,43391,22956,12788,2593,20435,66347,101187
2008-02-19 00:00:00,CANADIAN DOLLAR ,33387,21440,-10004,-1516,11947,54827,95614
2008-02-26 00:00:00,CANADIAN DOLLAR ,50323,24139,16936,2699,26184,74462,110073
2008-01-08 00:00:00,CANADIAN DOLLAR ,31648,15224,-4007,2567,16424,46872,82454
2008-01-15 00:00:00,CANADIAN DOLLAR ,22866,15101,-8782,-123,7765,37967,81827
2008-01-22 00:00:00,CANADIAN DOLLAR ,24463,16786,1597,1685,7677,41249,86378
2008-01-29 00:00:00,CANADIAN DOLLAR ,25948,21653,1485,4867,4295,47601,90907
2007-12-04 00:00:00,CANADIAN DOLLAR ,34194,18870,-5338,8337,15324,53064,114020
2007-12-11 00:00:00,CANADIAN DOLLAR ,30935,12271,-3259,-6599,18664,43206,118951
2007-12-18 00:00:00,CANADIAN DOLLAR ,34895,11608,3960,-663,23287,46503,121294
2007-12-24 00:00:00,CANADIAN DOLLAR ,29959,15236,-4936,3628,14723,45195,77357
2007-12-31 00:00:00,CANADIAN DOLLAR ,35655,12657,5696,-2579,22998,48312,83024
2007-11-06 00:00:00,CANADIAN DOLLAR ,75532,11944,-3520,1723,63588,87476,138502
2007-11-13 00:00:00,CANADIAN DOLLAR ,55876,9153,-19656,-2791,46723,65029,121478
2007-11-20 00:00:00,CANADIAN DOLLAR ,41574,9282,-14302,129,32292,50856,109533
2007-11-27 00:00:00,CANADIAN DOLLAR ,39532,10533,-2042,1251,28999,50065,112354
2007-10-02 00:00:00,CANADIAN DOLLAR ,87538,18359,14496,4479,69179,105897,144193
2007-10-09 00:00:00,CANADIAN DOLLAR ,99617,16616,12079,-1743,83001,116233,157628
2007-10-16 00:00:00,CANADIAN DOLLAR ,90940,13991,-8677,-2625,76949,104931,147428
2007-10-23 00:00:00,CANADIAN DOLLAR ,82625,11302,-8315,-2689,71323,93927,140205
2007-10-30 00:00:00,CANADIAN DOLLAR ,79052,10221,-3573,-1081,68831,89273,137711
2007-09-04 00:00:00,CANADIAN DOLLAR ,73234,21889,5221,-1030,51345,95123,135940
2007-09-11 00:00:00,CANADIAN DOLLAR ,78149,19395,4915,-2494,58754,97544,145388
2007-09-18 00:00:00,CANADIAN DOLLAR ,88758,8930,10609,-10465,79828,97688,167680
2007-09-25 00:00:00,CANADIAN DOLLAR ,73042,13880,-15716,4950,59162,86922,126605
2007-08-07 00:00:00,CANADIAN DOLLAR ,71689,19751,3551,1311,51938,91440,135946
2007-08-14 00:00:00,CANADIAN DOLLAR ,66527,18717,-5162,-1034,47810,85244,134044
2007-08-21 00:00:00,CANADIAN DOLLAR ,60044,20011,-6483,1294,40033,80055,128591
2007-08-28 00:00:00,CANADIAN DOLLAR ,68013,22919,7969,2908,45094,90932,133856
2007-07-03 00:00:00,CANADIAN DOLLAR ,79653,14400,-2400,1210,65253,94053,143135
2007-07-10 00:00:00,CANADIAN DOLLAR ,82889,15511,3236,1111,67378,98400,143434
2007-07-17 00:00:00,CANADIAN DOLLAR ,85281,18009,2392,2498,67272,103290,150522
2007-07-24 00:00:00,CANADIAN DOLLAR ,94483,17519,9202,-490,76964,112002,158948
2007-07-31 00:00:00,CANADIAN DOLLAR ,68138,18440,-26345,921,49698,86578,133951
2007-06-05 00:00:00,CANADIAN DOLLAR ,85481,41623,-6669,1493,43858,127104,184722
2007-06-12 00:00:00,CANADIAN DOLLAR ,98404,36399,12923,-5224,62005,134803,232090
2007-06-19 00:00:00,CANADIAN DOLLAR ,92321,33525,-6083,-2874,58796,125846,243351
2007-06-26 00:00:00,CANADIAN DOLLAR ,82053,13190,-10268,-20335,68863,95243,139879
2007-05-01 00:00:00,CANADIAN DOLLAR ,52582,43731,13565,3083,8851,96313,138029
2007-05-08 00:00:00,CANADIAN DOLLAR ,65117,47298,12535,3567,17819,112415,146311
2007-05-15 00:00:00,CANADIAN DOLLAR ,82619,39522,17502,-7776,43097,122141,168888
2007-05-22 00:00:00,CANADIAN DOLLAR ,83891,44924,1272,5402,38967,128815,172032
2007-05-29 00:00:00,CANADIAN DOLLAR ,92150,40130,8259,-4794,52020,132280,186775
2007-04-03 00:00:00,CANADIAN DOLLAR ,22068,57233,-2545,638,-35165,79301,113096
2007-04-10 00:00:00,CANADIAN DOLLAR ,23062,38626,994,-18607,-15564,61688,110266
2007-04-17 00:00:00,CANADIAN DOLLAR ,25549,41540,2487,2914,-15991,67089,114610
2007-04-24 00:00:00,CANADIAN DOLLAR ,39017,40648,13468,-892,-1631,79665,121786
2007-03-06 00:00:00,CANADIAN DOLLAR ,21585,96510,4022,22523,-74925,118095,156871
2007-03-13 00:00:00,CANADIAN DOLLAR ,15758,89897,-5827,-6613,-74139,105655,159619
2007-03-20 00:00:00,CANADIAN DOLLAR ,21021,72174,5263,-17723,-51153,93195,161700
2007-03-27 00:00:00,CANADIAN DOLLAR ,24613,56595,3592,-15579,-31982,81208,114484
2007-02-06 00:00:00,CANADIAN DOLLAR ,18927,99573,-2723,7047,-80646,118500,154591
2007-02-13 00:00:00,CANADIAN DOLLAR ,19930,76625,1003,-22948,-56695,96555,140722
2007-02-20 00:00:00,CANADIAN DOLLAR ,17005,82431,-2925,5806,-65426,99436,141561
2007-02-27 00:00:00,CANADIAN DOLLAR ,17563,73987,558,-8444,-56424,91550,137776
2007-01-03 00:00:00,CANADIAN DOLLAR ,23583,97851,2104,10078,-74268,121434,148644
2007-01-09 00:00:00,CANADIAN DOLLAR ,20637,105543,-2946,7692,-84906,126180,155922
2007-01-16 00:00:00,CANADIAN DOLLAR ,22030,100997,1393,-4546,-78967,123027,152438
2007-01-23 00:00:00,CANADIAN DOLLAR ,22471,100328,441,-669,-77857,122799,152395
2007-01-30 00:00:00,CANADIAN DOLLAR ,21650,92526,-821,-7802,-70876,114176,146376
2006-12-05 00:00:00,CANADIAN DOLLAR ,24557,71036,-2377,3820,-46479,95593,131624
2006-12-12 00:00:00,CANADIAN DOLLAR ,26173,78181,1616,7145,-52008,104354,165716
2006-12-19 00:00:00,CANADIAN DOLLAR ,27186,84578,1013,6397,-57392,111764,183332
2006-12-26 00:00:00,CANADIAN DOLLAR ,21479,87773,-5707,3195,-66294,109252,136963
2006-11-07 00:00:00,CANADIAN DOLLAR ,24999,45341,1181,-2155,-20342,70340,103426
2006-11-14 00:00:00,CANADIAN DOLLAR ,25902,73277,903,27936,-47375,99179,129537
2006-11-21 00:00:00,CANADIAN DOLLAR ,23236,82129,-2666,8852,-58893,105365,138113
2006-11-28 00:00:00,CANADIAN DOLLAR ,26934,67216,3698,-14913,-40282,94150,124553
2006-10-03 00:00:00,CANADIAN DOLLAR ,45535,36256,6993,4224,9279,81791,100141
2006-10-10 00:00:00,CANADIAN DOLLAR ,34272,32413,-11263,-3843,1859,66685,91193
2006-10-17 00:00:00,CANADIAN DOLLAR ,26833,51331,-7439,18918,-24498,78164,110173
2006-10-24 00:00:00,CANADIAN DOLLAR ,24985,39218,-1848,-12113,-14233,64203,100203
2006-10-31 00:00:00,CANADIAN DOLLAR ,23818,47496,-1167,8278,-23678,71314,104350
2006-09-05 00:00:00,CANADIAN DOLLAR ,49440,21974,3463,6602,27466,71414,111705
2006-09-12 00:00:00,CANADIAN DOLLAR ,37739,22957,-11701,983,14782,60696,138181
2006-09-19 00:00:00,CANADIAN DOLLAR ,41043,40188,3304,17231,855,81231,138838
2006-09-26 00:00:00,CANADIAN DOLLAR ,38542,32032,-2501,-8156,6510,70574,94128
2006-08-01 00:00:00,CANADIAN DOLLAR ,18809,26225,-4804,-2807,-7416,45034,86048
2006-08-08 00:00:00,CANADIAN DOLLAR ,23185,13355,4376,-12870,9830,36540,82510
2006-08-15 00:00:00,CANADIAN DOLLAR ,27206,18609,4021,5254,8597,45815,86815
2006-08-22 00:00:00,CANADIAN DOLLAR ,27805,12312,599,-6297,15493,40117,86667
2006-08-29 00:00:00,CANADIAN DOLLAR ,45977,15372,18172,3060,30605,61349,106142
2006-07-03 00:00:00,CANADIAN DOLLAR ,42762,6315,4597,-1541,36447,49077,93841
2006-07-11 00:00:00,CANADIAN DOLLAR ,29942,18321,-12820,12006,11621,48263,92978
2006-07-18 00:00:00,CANADIAN DOLLAR ,23302,14018,-6640,-4303,9284,37320,83415
2006-07-25 00:00:00,CANADIAN DOLLAR ,23613,29032,311,15014,-5419,52645,91963
2006-06-06 00:00:00,CANADIAN DOLLAR ,44443,21581,-1494,7351,22862,66024,118798
2006-06-13 00:00:00,CANADIAN DOLLAR ,46579,13228,2136,-8353,33351,59807,129707
2006-06-20 00:00:00,CANADIAN DOLLAR ,37024,13046,-9555,-182,23978,50070,123446
2006-06-27 00:00:00,CANADIAN DOLLAR ,38165,7856,1141,-5190,30309,46021,89791
2006-05-02 00:00:00,CANADIAN DOLLAR ,48997,16845,17048,519,32152,65842,110279
2006-05-09 00:00:00,CANADIAN DOLLAR ,52111,23238,3114,6393,28873,75349,121046
2006-05-16 00:00:00,CANADIAN DOLLAR ,46060,26532,-6051,3294,19528,72592,117839
2006-05-23 00:00:00,CANADIAN DOLLAR ,36980,21278,-9080,-5254,15702,58258,111976
2006-05-30 00:00:00,CANADIAN DOLLAR ,45937,14230,8957,-7048,31707,60167,109252
2006-04-04 00:00:00,CANADIAN DOLLAR ,12081,16227,-1193,-4858,-4146,28308,84301
2006-04-11 00:00:00,CANADIAN DOLLAR ,24639,10697,12558,-5530,13942,35336,87690
2006-04-18 00:00:00,CANADIAN DOLLAR ,23225,16307,-1414,5610,6918,39532,93170
2006-04-25 00:00:00,CANADIAN DOLLAR ,31949,16326,8724,19,15623,48275,100591
2006-03-07 00:00:00,CANADIAN DOLLAR ,55226,13903,295,-394,41323,69129,137195
2006-03-14 00:00:00,CANADIAN DOLLAR ,33979,19958,-21247,6055,14021,53937,125712
2006-03-21 00:00:00,CANADIAN DOLLAR ,18295,22037,-15684,2079,-3742,40332,85219
2006-03-28 00:00:00,CANADIAN DOLLAR ,13274,21085,-5021,-952,-7811,34359,87356
2006-02-07 00:00:00,CANADIAN DOLLAR ,56298,11453,5593,-1768,44845,67751,121889
2006-02-14 00:00:00,CANADIAN DOLLAR ,52220,11756,-4078,303,40464,63976,118357
2006-02-21 00:00:00,CANADIAN DOLLAR ,46710,11513,-5510,-243,35197,58223,115876
2006-02-28 00:00:00,CANADIAN DOLLAR ,54931,14297,8221,2784,40634,69228,124984
2006-01-03 00:00:00,CANADIAN DOLLAR ,45749,9062,-3719,1886,36687,54811,105401
2006-01-10 00:00:00,CANADIAN DOLLAR ,32628,9311,-13121,249,23317,41939,98344
2006-01-17 00:00:00,CANADIAN DOLLAR ,39506,12573,6878,3262,26933,52079,101952
2006-01-24 00:00:00,CANADIAN DOLLAR ,35048,7915,-4458,-4658,27133,42963,102095
2006-01-31 00:00:00,CANADIAN DOLLAR ,50705,13221,15657,5306,37484,63926,117314
2005-12-06 00:00:00,CANADIAN DOLLAR ,49064,11747,6753,-1554,37317,60811,118337
2005-12-13 00:00:00,CANADIAN DOLLAR ,66468,10285,17404,-1462,56183,76753,142450
2005-12-20 00:00:00,CANADIAN DOLLAR ,55542,7431,-10926,-2854,48111,62973,137619
2005-12-27 00:00:00,CANADIAN DOLLAR ,49468,7176,-6074,-255,42292,56644,103040
2005-11-01 00:00:00,CANADIAN DOLLAR ,44435,7275,586,371,37160,51710,108226
2005-11-08 00:00:00,CANADIAN DOLLAR ,37234,10894,-7201,3619,26340,48128,104351
2005-11-15 00:00:00,CANADIAN DOLLAR ,32487,12318,-4747,1424,20169,44805,102550
2005-11-22 00:00:00,CANADIAN DOLLAR ,33585,17860,1098,5542,15725,51445,106006
2005-11-29 00:00:00,CANADIAN DOLLAR ,42311,13301,8726,-4559,29010,55612,115153
2005-10-04 00:00:00,CANADIAN DOLLAR ,47026,8995,-3494,1571,38031,56021,108178
2005-10-11 00:00:00,CANADIAN DOLLAR ,50532,6941,3506,-2054,43591,57473,109147
2005-10-18 00:00:00,CANADIAN DOLLAR ,51259,8447,727,1506,42812,59706,112354
2005-10-25 00:00:00,CANADIAN DOLLAR ,43849,6904,-7410,-1543,36945,50753,104625
2005-09-06 00:00:00,CANADIAN DOLLAR ,46423,16430,1519,440,29993,62853,117451
2005-09-13 00:00:00,CANADIAN DOLLAR ,45957,16365,-466,-65,29592,62322,141219
2005-09-20 00:00:00,CANADIAN DOLLAR ,45536,19033,-421,2668,26503,64569,148171
2005-09-27 00:00:00,CANADIAN DOLLAR ,50520,7424,4984,-11609,43096,57944,110057
2005-08-02 00:00:00,CANADIAN DOLLAR ,28966,16802,-2874,2481,12164,45768,87906
2005-08-09 00:00:00,CANADIAN DOLLAR ,33587,19373,4621,2571,14214,52960,92585
2005-08-16 00:00:00,CANADIAN DOLLAR ,44042,17995,10455,-1378,26047,62037,109505
2005-08-23 00:00:00,CANADIAN DOLLAR ,41543,17000,-2499,-995,24543,58543,107851
2005-07-05 00:00:00,CANADIAN DOLLAR ,19364,15276,-1595,-3399,4088,34640,70074
2005-07-12 00:00:00,CANADIAN DOLLAR ,35282,12079,15918,-3197,23203,47361,91423
2005-07-19 00:00:00,CANADIAN DOLLAR ,35684,9859,402,-2220,25825,45543,91255
2005-07-26 00:00:00,CANADIAN DOLLAR ,31840,14321,-3844,4462,17519,46161,90753
2005-06-07 00:00:00,CANADIAN DOLLAR ,9675,36236,-849,-5528,-26561,45911,94186
2005-06-14 00:00:00,CANADIAN DOLLAR ,10932,28521,1257,-7715,-17589,39453,63187
2005-06-21 00:00:00,CANADIAN DOLLAR ,16872,16588,5940,-11933,284,33460,67143
2005-06-28 00:00:00,CANADIAN DOLLAR ,20959,18675,4087,2087,2284,39634,71522
2005-05-03 00:00:00,CANADIAN DOLLAR ,12434,45755,-1342,7260,-33321,58189,93278
2005-05-10 00:00:00,CANADIAN DOLLAR ,11651,39446,-783,-6309,-27795,51097,86866
2005-05-17 00:00:00,CANADIAN DOLLAR ,11662,45154,11,5708,-33492,56816,99089
2005-05-24 00:00:00,CANADIAN DOLLAR ,9806,42690,-1856,-2464,-32884,52496,96833
2005-05-31 00:00:00,CANADIAN DOLLAR ,10524,41764,718,-926,-31240,52288,94700
2005-04-05 00:00:00,CANADIAN DOLLAR ,35799,10124,344,1359,25675,45923,80302
2005-04-12 00:00:00,CANADIAN DOLLAR ,15951,23385,-19848,13261,-7434,39336,69292
2005-04-19 00:00:00,CANADIAN DOLLAR ,13905,30263,-2046,6878,-16358,44168,76771
2005-04-26 00:00:00,CANADIAN DOLLAR ,13776,38495,-129,8232,-24719,52271,85837
2005-03-01 00:00:00,CANADIAN DOLLAR ,11793,18622,518,4206,-6829,30415,95644
2005-03-08 00:00:00,CANADIAN DOLLAR ,17563,14234,5770,-4388,3329,31797,105920
2005-03-15 00:00:00,CANADIAN DOLLAR ,36259,10109,18696,-4125,26150,46368,125191
2005-03-22 00:00:00,CANADIAN DOLLAR ,43143,11596,6884,1487,31547,54739,89844
2005-03-29 00:00:00,CANADIAN DOLLAR ,35455,8765,-7688,-2831,26690,44220,81193
2005-02-01 00:00:00,CANADIAN DOLLAR ,12127,10858,-5225,-3841,1269,22985,77006
2005-02-08 00:00:00,CANADIAN DOLLAR ,10606,17971,-1521,7113,-7365,28577,82670
2005-02-15 00:00:00,CANADIAN DOLLAR ,10760,16067,154,-1904,-5307,26827,83368
2005-02-22 00:00:00,CANADIAN DOLLAR ,11275,14416,515,-1651,-3141,25691,88275
2005-01-04 00:00:00,CANADIAN DOLLAR ,20448,10786,1233,-2295,9662,31234,71055
2005-01-11 00:00:00,CANADIAN DOLLAR ,19317,9424,-1131,-1362,9893,28741,69850
2005-01-18 00:00:00,CANADIAN DOLLAR ,19773,14273,456,4849,5500,34046,77385
2005-01-25 00:00:00,CANADIAN DOLLAR ,17352,14699,-2421,426,2653,32051,78850
2021-07-13,CANADIAN DOLLAR ,63107,36731,-6816,7986,26376,99838,198714
2021-07-06,CANADIAN DOLLAR ,69923,28745,1622,6245,41178,98668,202136
2021-06-01,CANADIAN DOLLAR ,89467,40695,5284,1323,48772,130162,228957
2021-06-08,CANADIAN DOLLAR ,80989,35708,-8478,-4987,45281,116697,220053
2021-06-15,CANADIAN DOLLAR ,73071,28817,-7918,-6891,44254,101888,252936
2021-06-22,CANADIAN DOLLAR ,69074,25849,-3997,-2968,43225,94923,202787
2021-06-29,CANADIAN DOLLAR ,68301,22500,-773,-3349,45801,90801,196928
2021-05-04,CANADIAN DOLLAR ,74280,48333,17605,7380,25947,122613,196817
2021-05-11,CANADIAN DOLLAR ,79329,40700,5049,-7633,38629,120029,201955
2021-05-18,CANADIAN DOLLAR ,82026,35914,2697,-4786,46112,117940,207963
2021-05-25,CANADIAN DOLLAR ,84183,39372,2157,3458,44811,123555,213176
2021-04-06,CANADIAN DOLLAR ,47506,44816,-956,2872,2690,92322,166118
2021-04-13,CANADIAN DOLLAR ,48056,45650,550,834,2406,93706,166186
2021-04-20,CANADIAN DOLLAR ,53824,40578,5768,-5072,13246,94402,173145
2021-04-27,CANADIAN DOLLAR ,56675,40953,2851,375,15722,97628,180771
2021-03-02,CANADIAN DOLLAR ,51391,36064,4492,-1703,15327,87455,168689
2021-03-09,CANADIAN DOLLAR ,50022,39041,-1369,2977,10981,89063,173078
2021-03-16,CANADIAN DOLLAR ,50907,40644,885,1603,10263,91551,186932
2021-03-23,CANADIAN DOLLAR ,46786,41683,-4121,1039,5103,88469,162170
2021-03-30,CANADIAN DOLLAR ,48462,41944,1676,261,6518,90406,164199
2021-02-02,CANADIAN DOLLAR ,46645,30549,-7035,-9361,16096,77194,158155
2021-02-09,CANADIAN DOLLAR ,44274,34746,-2371,4197,9528,79020,158454
2021-02-16,CANADIAN DOLLAR ,45021,36857,747,2111,8164,81878,159266
2021-02-23,CANADIAN DOLLAR ,46899,37767,1878,910,9132,84666,166868
2021-01-05,CANADIAN DOLLAR ,41560,27036,-618,226,14524,68596,156124
2021-01-12,CANADIAN DOLLAR ,43386,31313,1826,4277,12073,74699,156675
2021-01-19,CANADIAN DOLLAR ,43633,33307,247,1994,10326,76940,154231
2021-01-26,CANADIAN DOLLAR ,53680,39910,10047,6603,13770,93590,168896
2020-12-01,CANADIAN DOLLAR ,28702,49945,-2827,1570,-21243,78647,147803
2020-12-08,CANADIAN DOLLAR ,34713,55451,6011,5506,-20738,90164,163589
2020-12-15,CANADIAN DOLLAR ,39856,55572,5143,121,-15716,95428,196230
2020-12-21,CANADIAN DOLLAR ,43198,33113,3342,-22459,10085,76311,156597
2020-12-29,CANADIAN DOLLAR ,42178,26810,-1020,-6303,15368,68988,154464
2020-11-03,CANADIAN DOLLAR ,21549,42235,-3190,-573,-20686,63784,124892
2020-11-10,CANADIAN DOLLAR ,25962,47311,4413,5076,-21349,73273,136456
2020-11-17,CANADIAN DOLLAR ,26205,46564,243,-747,-20359,72769,136614
2020-11-24,CANADIAN DOLLAR ,31529,48375,5324,1811,-16846,79904,140823
2020-10-06,CANADIAN DOLLAR ,20808,38855,-811,-1712,-18047,59663,113818
2020-10-13,CANADIAN DOLLAR ,24638,38202,3830,-653,-13564,62840,121956
2020-10-20,CANADIAN DOLLAR ,24725,43800,87,5598,-19075,68525,123266
2020-10-27,CANADIAN DOLLAR ,24739,42808,14,-992,-18069,67547,122403
2020-09-01,CANADIAN DOLLAR ,26590,53596,5000,2688,-27006,80186,140520
2020-09-08,CANADIAN DOLLAR ,29626,46981,3036,-6615,-17355,76607,137618
2020-09-15,CANADIAN DOLLAR ,28909,45852,-717,-1129,-16943,74761,147273
2020-09-22,CANADIAN DOLLAR ,23588,42470,-5321,-3382,-18882,66058,117564
2020-09-29,CANADIAN DOLLAR ,21619,40567,-1969,-1903,-18948,62186,113862
2020-08-04,CANADIAN DOLLAR ,19907,43102,-12198,-1499,-23195,63009,137101
2020-08-11,CANADIAN DOLLAR ,17256,46803,-2651,3701,-29547,64059,136885
2020-08-18,CANADIAN DOLLAR ,19497,53084,2241,6281,-33587,72581,141600
2020-08-25,CANADIAN DOLLAR ,21590,50908,2093,-2176,-29318,72498,129557
2020-07-07,CANADIAN DOLLAR ,31660,48478,3486,-215,-16818,80138,121226
2020-07-14,CANADIAN DOLLAR ,27642,47417,-4018,-1061,-19775,75059,148003
2020-07-21,CANADIAN DOLLAR ,34284,50982,6642,3565,-16698,85266,143606
2020-07-28,CANADIAN DOLLAR ,32105,44601,-2179,-6381,-12496,76706,139397
2020-06-02,CANADIAN DOLLAR ,19774,52912,-2070,-2886,-33138,72686,128476
2020-06-09,CANADIAN DOLLAR ,22298,47127,2524,-5785,-24829,69425,120459
2020-06-16,CANADIAN DOLLAR ,19695,45181,-2603,-1946,-25486,64876,125654
2020-06-23,CANADIAN DOLLAR ,22852,43686,3157,-1495,-20834,66538,105412
2020-06-30,CANADIAN DOLLAR ,28174,48693,5322,5007,-20519,76867,118197
2020-05-05,CANADIAN DOLLAR ,17007,49059,975,3983,-32052,66066,119300
2020-05-12,CANADIAN DOLLAR ,16995,49241,-12,182,-32246,66236,120453
2020-05-19,CANADIAN DOLLAR ,23142,58198,6147,8957,-35056,81340,130099
2020-05-26,CANADIAN DOLLAR ,21844,55798,-1298,-2400,-33954,77642,129849
2020-04-07,CANADIAN DOLLAR ,17052,41485,-4465,-1961,-24433,58537,117523
2020-04-14,CANADIAN DOLLAR ,18038,41798,986,313,-23760,59836,119798
2020-04-21,CANADIAN DOLLAR ,19804,43695,1766,1897,-23891,63499,121213
2020-04-28,CANADIAN DOLLAR ,16032,45076,-3772,1381,-29044,61108,117660
2020-03-03,CANADIAN DOLLAR ,55191,44612,-8467,-4422,10579,99803,160511
2020-03-10,CANADIAN DOLLAR ,48055,50045,-7136,5433,-1990,98100,175226
2020-03-17,CANADIAN DOLLAR ,43114,52737,-4941,2692,-9623,95851,183137
2020-03-24,CANADIAN DOLLAR ,21323,50568,-21791,-2169,-29245,71891,124226
2020-03-31,CANADIAN DOLLAR ,21517,43446,194,-7122,-21929,64963,122891
2020-02-04,CANADIAN DOLLAR ,67193,48630,-9106,6921,18563,115823,174000
2020-02-11,CANADIAN DOLLAR ,68225,58520,1032,9890,9705,126745,166914
2020-02-18,CANADIAN DOLLAR ,61559,53742,-6666,-4778,7817,115301,164698
2020-02-25,CANADIAN DOLLAR ,63658,49034,2099,-4708,14624,112692,168819
2020-01-07,CANADIAN DOLLAR ,68756,42389,4795,-9659,26367,111145,189996
2020-01-14,CANADIAN DOLLAR ,70428,37576,1672,-4813,32852,108004,190229
2020-01-21,CANADIAN DOLLAR ,74399,36105,3971,-1471,38294,110504,188596
2020-01-28,CANADIAN DOLLAR ,76299,41709,1900,5604,34590,118008,185499
2019-12-03,CANADIAN DOLLAR ,64040,42569,3110,1983,21471,106609,184060
2019-12-10,CANADIAN DOLLAR ,55285,34544,-8755,-8025,20741,89829,169219
2019-12-17,CANADIAN DOLLAR ,47523,36332,-7762,1788,11191,83855,189458
2019-12-31,CANADIAN DOLLAR ,63961,52048,12483,9067,11913,116009,175666
2019-11-05,CANADIAN DOLLAR ,87774,33772,5792,-4621,54002,121546,192882
2019-11-12,CANADIAN DOLLAR ,73671,31298,-14103,-2474,42373,104969,182793
2019-11-19,CANADIAN DOLLAR ,65040,36175,-8631,4877,28865,101215,172759
2019-11-26,CANADIAN DOLLAR ,60930,40586,-4110,4411,20344,101516,167350
2019-10-01,CANADIAN DOLLAR ,46303,39976,5980,4245,6327,86279,130937
2019-10-08,CANADIAN DOLLAR ,49071,43758,2768,3782,5313,92829,136105
2019-10-15,CANADIAN DOLLAR ,58007,45046,8936,1288,12961,103053,149079
2019-10-22,CANADIAN DOLLAR ,71410,38017,13403,-7029,33393,109427,170305
2019-10-29,CANADIAN DOLLAR ,81982,38393,10572,376,43589,120375,189971
2019-09-03,CANADIAN DOLLAR ,48206,42857,-86,5470,5349,91063,167396
2019-09-10,CANADIAN DOLLAR ,54971,43448,6765,591,11523,98419,183058
2019-09-17,CANADIAN DOLLAR ,62004,42181,7033,-1267,19823,104185,187795
2019-09-24,CANADIAN DOLLAR ,40323,35731,-21681,-6450,4592,76054,123017
2019-08-06,CANADIAN DOLLAR ,63598,39432,-2707,-5151,24166,103030,172657
2019-08-13,CANADIAN DOLLAR ,50065,35865,-13533,-3567,14200,85930,160861
2019-08-20,CANADIAN DOLLAR ,47368,34331,-2697,-1534,13037,81699,155837
2019-08-27,CANADIAN DOLLAR ,48292,37387,924,3056,10905,85679,158921
2019-07-02,CANADIAN DOLLAR ,45057,38764,20307,-776,6293,83821,157998
2019-07-09,CANADIAN DOLLAR ,48734,39508,3677,744,9226,88242,164842
2019-07-16,CANADIAN DOLLAR ,63098,42134,14364,2626,20964,105232,182946
2019-07-23,CANADIAN DOLLAR ,69694,38944,6596,-3190,30750,108638,187397
2019-07-30,CANADIAN DOLLAR ,66305,44583,-3389,5639,21722,110888,182478
2019-06-04,CANADIAN DOLLAR ,15330,57089,-548,1788,-41759,72419,151970
2019-06-11,CANADIAN DOLLAR ,25597,58437,10267,1348,-32840,84034,159212
2019-06-25,CANADIAN DOLLAR ,24750,39540,4954,-18327,-14790,64290,137543
2019-05-07,CANADIAN DOLLAR ,20117,66232,672,42,-46115,86349,151258
2019-05-14,CANADIAN DOLLAR ,18457,66045,-1660,-187,-47588,84502,148058
2019-05-21,CANADIAN DOLLAR ,16282,58518,-2175,-7527,-42236,74800,140682
2019-05-28,CANADIAN DOLLAR ,15878,55301,-404,-3217,-39423,71179,140449
2019-04-02,CANADIAN DOLLAR ,24619,68942,3425,8177,-44323,93561,151140
2019-04-09,CANADIAN DOLLAR ,24681,67883,62,-1059,-43202,92564,149544
2019-04-16,CANADIAN DOLLAR ,18256,67418,-6425,-465,-49162,85674,145041
2019-04-23,CANADIAN DOLLAR ,23222,70715,4966,3297,-47493,93937,152998
2019-04-30,CANADIAN DOLLAR ,19445,66190,-3777,-4525,-46745,85635,154565
2019-03-05,CANADIAN DOLLAR ,18210,58654,-3343,-2076,-40444,76864,146552
2019-03-12,CANADIAN DOLLAR ,20276,61329,2066,2675,-41053,81605,159939
2019-03-19,CANADIAN DOLLAR ,16267,64041,-4009,2712,-47774,80308,167282
2019-03-26,CANADIAN DOLLAR ,21194,60765,4927,-3276,-39571,81959,144311
2019-02-05,CANADIAN DOLLAR ,19808,61845,3285,-11068,-42037,81653,141538
2019-02-12,CANADIAN DOLLAR ,21433,58970,1625,-2875,-37537,80403,141172
2019-02-19,CANADIAN DOLLAR ,22989,59426,1556,456,-36437,82415,142620
2019-02-26,CANADIAN DOLLAR ,21553,60730,-1436,1304,-39177,82283,147621
2019-01-08,CANADIAN DOLLAR ,19287,85289,-15043,310,-66002,104576,167005
2019-01-15,CANADIAN DOLLAR ,17006,76530,-2281,-8759,-59524,93536,155691
2019-01-22,CANADIAN DOLLAR ,16727,72823,-279,-3707,-56096,89550,151010
2019-01-29,CANADIAN DOLLAR ,16523,72913,-204,90,-56390,89436,151146
2018-12-04,CANADIAN DOLLAR ,38736,51672,-2691,1615,-12936,90408,156750
2018-12-11,CANADIAN DOLLAR ,41672,53341,2936,1669,-11669,95013,161530
2018-12-18,CANADIAN DOLLAR ,51566,59023,9894,5682,-7457,110589,191476
2018-12-24,CANADIAN DOLLAR ,27887,72579,-23679,13556,-44692,100466,159195
2018-12-31,CANADIAN DOLLAR ,34330,84979,6443,12400,-50649,119309,170168
2018-11-06,CANADIAN DOLLAR ,33753,36385,4317,-2706,-2632,70138,116284
2018-11-13,CANADIAN DOLLAR ,36773,39564,3020,3179,-2791,76337,121999
2018-11-27,CANADIAN DOLLAR ,41427,50057,2368,4709,-8630,91484,145122
2018-10-02,CANADIAN DOLLAR ,41940,60424,10128,9080,-18484,102364,127333
2018-10-09,CANADIAN DOLLAR ,38867,51012,-3073,-9412,-12145,89879,121489
2018-10-16,CANADIAN DOLLAR ,32202,43221,-6665,-7791,-11019,75423,115386
2018-10-23,CANADIAN DOLLAR ,32031,39259,-171,-3962,-7228,71290,118053
2018-10-30,CANADIAN DOLLAR ,29436,39091,-2595,-168,-9655,68527,118508
2018-07-24,CANADIAN DOLLAR ,20084,64595,-5510,-8483,-44511,84679,151441
2018-07-31,CANADIAN DOLLAR ,23679,55248,3595,-9347,-31569,78927,140253
2018-06-05,CANADIAN DOLLAR ,35266,51305,2570,2919,-16039,86571,158317
2018-05-01,CANADIAN DOLLAR ,25940,53475,2381,4772,-27535,79415,121676
2018-05-08,CANADIAN DOLLAR ,33156,57017,7216,3542,-23861,90173,128877
2018-05-15,CANADIAN DOLLAR ,30419,54075,-2737,-2942,-23656,84494,128708
2018-05-29,CANADIAN DOLLAR ,32696,48386,9141,-1381,-15690,81082,147495
2018-04-03,CANADIAN DOLLAR ,29558,61430,-3960,862,-31872,90988,127509
2018-04-10,CANADIAN DOLLAR ,28027,59699,-1531,-1731,-31672,87726,124621
2018-04-17,CANADIAN DOLLAR ,28575,58899,548,-800,-30324,87474,128174
2018-04-24,CANADIAN DOLLAR ,23559,48703,-5016,-10196,-25144,72262,120406
2018-03-06,CANADIAN DOLLAR ,54233,34668,-46,2609,19565,88901,139318
2018-03-13,CANADIAN DOLLAR ,59919,40499,5686,5831,19420,100418,154478
2018-03-20,CANADIAN DOLLAR ,78744,54184,18825,13685,24560,132928,180240
2018-03-27,CANADIAN DOLLAR ,33518,60568,-45226,6384,-27050,94086,127568
2018-02-06,CANADIAN DOLLAR ,69492,29328,-5804,-12503,40164,98820,167890
2018-02-13,CANADIAN DOLLAR ,62535,30006,-6957,678,32529,92541,155262
2018-02-20,CANADIAN DOLLAR ,49373,26246,-13162,-3760,23127,75619,144832
2018-02-27,CANADIAN DOLLAR ,54279,32059,4906,5813,22220,86338,145351
2018-01-02,CANADIAN DOLLAR ,49297,34558,6925,9532,14739,83855,126829
2018-01-09,CANADIAN DOLLAR ,58581,41120,9284,6562,17461,99701,147839
2018-01-16,CANADIAN DOLLAR ,61473,43917,2892,2797,17556,105390,160810
2018-01-23,CANADIAN DOLLAR ,69446,46889,7973,2972,22557,116335,168849
2018-01-30,CANADIAN DOLLAR ,75296,41831,5850,-5058,33465,117127,176871
2017-12-05,CANADIAN DOLLAR ,66467,24001,-1415,1777,42466,90468,147099
2017-12-12,CANADIAN DOLLAR ,62198,20238,-4269,-3763,41960,82436,149275
2017-12-19,CANADIAN DOLLAR ,68451,22550,6253,2312,45901,91001,155022
2017-12-26,CANADIAN DOLLAR ,42372,25026,-26079,2476,17346,67398,116559
2017-11-07,CANADIAN DOLLAR ,75460,24571,-8849,-1899,50889,100031,147706
2017-11-14,CANADIAN DOLLAR ,70473,23138,-4987,-1433,47335,93611,143841
2017-11-21,CANADIAN DOLLAR ,67324,22199,-3149,-939,45125,89523,143596
2017-11-28,CANADIAN DOLLAR ,67882,22224,558,25,45658,90106,145257
2017-10-03,CANADIAN DOLLAR ,97204,22076,-5484,-6007,75128,119280,177263
2017-10-10,CANADIAN DOLLAR ,97068,20676,-136,-1400,76392,117744,175817
2017-10-17,CANADIAN DOLLAR ,94507,19421,-2561,-1255,75086,113928,174347
2017-10-24,CANADIAN DOLLAR ,96561,24229,2054,4808,72332,120790,172673
2017-10-31,CANADIAN DOLLAR ,84309,26470,-12252,2241,57839,110779,157542
2017-09-05,CANADIAN DOLLAR ,94732,41088,7926,7449,53644,135820,203353
2017-09-12,CANADIAN DOLLAR ,91645,41146,-3087,58,50499,132791,227931
2017-09-19,CANADIAN DOLLAR ,100675,41829,9030,683,58846,142504,299169
2017-09-26,CANADIAN DOLLAR ,102688,28083,2013,-13746,74605,130771,181913
2017-08-01,CANADIAN DOLLAR ,82885,42247,12500,-1525,40638,125132,190622
2017-08-08,CANADIAN DOLLAR ,98237,35416,15352,-6831,62821,133653,205963
2017-08-15,CANADIAN DOLLAR ,86455,35106,-11782,-310,51349,121561,192026
2017-08-22,CANADIAN DOLLAR ,80965,29866,-5490,-5240,51099,110831,186960
2017-08-29,CANADIAN DOLLAR ,86806,33639,5841,3773,53167,120445,191798
2017-07-03,CANADIAN DOLLAR ,34300,73672,5602,-4521,-39372,107972,145079
2017-07-11,CANADIAN DOLLAR ,46080,54684,11780,-18988,-8604,100764,161065
2017-07-18,CANADIAN DOLLAR ,60000,51957,13920,-2727,8043,111957,169522
2017-07-25,CANADIAN DOLLAR ,70385,43772,10385,-8185,26613,114157,177330
2017-06-06,CANADIAN DOLLAR ,26492,120993,2781,-905,-94501,147485,210933
2017-06-13,CANADIAN DOLLAR ,26781,115376,289,-5617,-88595,142157,204115
2017-06-20,CANADIAN DOLLAR ,28507,111388,1726,-3988,-82881,139895,219496
2017-06-27,CANADIAN DOLLAR ,28698,78193,191,-33195,-49495,106891,143798
2017-05-02,CANADIAN DOLLAR ,66565,114269,14020,19082,-47704,180834,192692
2017-05-09,CANADIAN DOLLAR ,47412,133627,-19153,19358,-86215,181039,214946
2017-05-16,CANADIAN DOLLAR ,39130,137130,-8282,3503,-98000,176260,219483
2017-05-23,CANADIAN DOLLAR ,29681,128790,-9449,-8340,-99109,158471,208304
2017-05-30,CANADIAN DOLLAR ,23711,121898,-5970,-6892,-98187,145609,200273
2017-04-04,CANADIAN DOLLAR ,38535,68760,8116,10124,-30225,107295,133688
2017-04-11,CANADIAN DOLLAR ,31432,63766,-7103,-4994,-32334,95198,126412
2017-04-18,CANADIAN DOLLAR ,37306,70558,5874,6792,-33252,107864,136614
2017-04-25,CANADIAN DOLLAR ,52545,95187,15239,24629,-42642,147732,165504
2017-03-07,CANADIAN DOLLAR ,65616,36396,2491,3361,29220,102012,147601
2017-03-14,CANADIAN DOLLAR ,74620,53162,9004,16766,21458,127782,176379
2017-03-21,CANADIAN DOLLAR ,30293,54696,-44327,1534,-24403,84989,119123
2017-03-28,CANADIAN DOLLAR ,30419,58636,126,3940,-28217,89055,121699
2017-02-07,CANADIAN DOLLAR ,46127,37577,1188,-3890,8550,83704,118424
2017-02-14,CANADIAN DOLLAR ,53152,33812,7025,-3765,19340,86964,125056
2017-02-21,CANADIAN DOLLAR ,58780,34196,5628,384,24584,92976,131522
2017-02-28,CANADIAN DOLLAR ,63125,33035,4345,-1161,30090,96160,135442
2017-01-03,CANADIAN DOLLAR ,8565,6420,0,0,2145,14985,98751
2017-01-10,CANADIAN DOLLAR ,28405,36340,-11141,-7077,-7935,64745,90632
2017-01-17,CANADIAN DOLLAR ,32064,37520,3659,1180,-5456,69584,100307
2017-01-24,CANADIAN DOLLAR ,36175,33656,4111,-3864,2519,69831,99574
2017-01-31,CANADIAN DOLLAR ,44939,41467,8764,7811,3472,86406,114274
2016-12-06,CANADIAN DOLLAR ,21538,39696,-3472,-3890,-18158,61234,107289
2016-12-13,CANADIAN DOLLAR ,24035,45904,2497,6208,-21869,69939,114265
2016-12-20,CANADIAN DOLLAR ,22246,34000,-1789,-11904,-11754,56246,106080
2016-12-27,CANADIAN DOLLAR ,36597,38195,14351,4195,-1598,74792,93212
2016-11-01,CANADIAN DOLLAR ,35723,51683,2449,5085,-15960,87406,121156
2016-11-08,CANADIAN DOLLAR ,32850,54162,-2873,2479,-21312,87012,120993
2016-11-15,CANADIAN DOLLAR ,34293,52892,1443,-1270,-18599,87185,125532
2016-11-22,CANADIAN DOLLAR ,28260,45722,-6033,-7170,-17462,73982,118667
2016-11-29,CANADIAN DOLLAR ,25010,43586,-3250,-2136,-18576,68596,114416
2016-10-04,CANADIAN DOLLAR ,32585,46662,-1994,468,-14077,79247,104219
2016-10-11,CANADIAN DOLLAR ,30809,42513,-1776,-4149,-11704,73322,104002
2016-10-18,CANADIAN DOLLAR ,23679,37977,-7130,-4536,-14298,61656,95793
2016-10-25,CANADIAN DOLLAR ,33274,46598,9595,8621,-13324,79872,113501
2016-09-06,CANADIAN DOLLAR ,44136,23231,-2672,-1177,20905,67367,122747
2016-09-13,CANADIAN DOLLAR ,45790,28732,1654,5501,17058,74522,124676
2016-09-20,CANADIAN DOLLAR ,57216,40913,11426,12181,16303,98129,137204
2016-09-27,CANADIAN DOLLAR ,34579,46194,-22637,5281,-11615,80773,105130
2016-08-02,CANADIAN DOLLAR ,41711,23953,-2312,3110,17758,65664,115825
2016-08-09,CANADIAN DOLLAR ,43647,28281,1936,4328,15366,71928,115796
2016-08-16,CANADIAN DOLLAR ,46118,33645,2471,5364,12473,79763,124610
2016-08-23,CANADIAN DOLLAR ,50097,33363,3979,-282,16734,83460,131618
2016-08-30,CANADIAN DOLLAR ,46808,24408,-3289,-8955,22400,71216,125716
2016-07-05,CANADIAN DOLLAR ,41031,29514,2356,-1212,11517,70545,116494
2016-07-12,CANADIAN DOLLAR ,39963,22788,-1068,-6726,17175,62751,114230
2016-07-19,CANADIAN DOLLAR ,43086,21018,3123,-1770,22068,64104,117603
2016-07-26,CANADIAN DOLLAR ,44023,20843,937,-175,23180,64866,118079
2016-06-07,CANADIAN DOLLAR ,37421,15884,-1332,3390,21537,53305,135330
2016-06-14,CANADIAN DOLLAR ,42394,23954,4973,8070,18440,66348,177711
2016-06-21,CANADIAN DOLLAR ,40664,38069,-1730,14115,2595,78733,118157
2016-06-28,CANADIAN DOLLAR ,38675,30726,-1989,-7343,7949,69401,114425
2016-05-03,CANADIAN DOLLAR ,39840,20897,2736,-4208,18943,60737,123864
2016-05-10,CANADIAN DOLLAR ,42040,16166,2200,-4731,25874,58206,124765
2016-05-17,CANADIAN DOLLAR ,37009,14303,-5031,-1863,22706,51312,124370
2016-05-24,CANADIAN DOLLAR ,32834,12787,-4175,-1516,20047,45621,123789
2016-05-31,CANADIAN DOLLAR ,38753,12494,5919,-293,26259,51247,126518
2016-04-05,CANADIAN DOLLAR ,29565,29468,1419,-4858,97,59033,105335
2016-04-12,CANADIAN DOLLAR ,28968,26583,-597,-2885,2385,55551,107755
2016-04-19,CANADIAN DOLLAR ,32473,25165,3505,-1418,7308,57638,114198
2016-04-26,CANADIAN DOLLAR ,37104,25105,4631,-60,11999,62209,121080
2016-03-01,CANADIAN DOLLAR ,31018,61496,-469,-6931,-30478,92514,159107
2016-03-08,CANADIAN DOLLAR ,30550,56331,-468,-5165,-25781,86881,174347
2016-03-15,CANADIAN DOLLAR ,31584,48410,1034,-7921,-16826,79994,169228
2016-03-22,CANADIAN DOLLAR ,21807,36816,-9777,-11594,-15009,58623,98997
2016-03-29,CANADIAN DOLLAR ,28146,34326,6339,-2490,-6180,62472,101099
2016-02-02,CANADIAN DOLLAR ,30069,82489,-2698,-17097,-52420,112558,157362
2016-02-09,CANADIAN DOLLAR ,27279,79214,-2790,-3275,-51935,106493,157150
2016-02-16,CANADIAN DOLLAR ,29077,74162,1798,-5052,-45085,103239,158608
2016-02-23,CANADIAN DOLLAR ,31487,68427,2410,-5735,-36940,99914,157921
2016-01-05,CANADIAN DOLLAR ,40898,101028,-6700,-7357,-60130,141926,166610
2016-01-12,CANADIAN DOLLAR ,38837,98051,-2061,-2977,-59214,136888,166273
2016-01-19,CANADIAN DOLLAR ,33064,99450,-5773,1399,-66386,132514,165344
2016-01-26,CANADIAN DOLLAR ,32767,99586,-297,136,-66819,132353,165240
2015-12-01,CANADIAN DOLLAR ,38349,77329,-2955,-2592,-38980,115678,145547
2015-12-08,CANADIAN DOLLAR ,48776,88914,10427,11585,-40138,137690,162857
2015-12-15,CANADIAN DOLLAR ,44262,95271,-4514,6357,-51009,139533,189775
2015-12-22,CANADIAN DOLLAR ,43455,99482,-807,4211,-56027,142937,163581
2015-12-29,CANADIAN DOLLAR ,47598,108385,4143,8903,-60787,155983,172137
2015-11-03,CANADIAN DOLLAR ,32017,51508,-2117,-1521,-19491,83525,119629
2015-11-10,CANADIAN DOLLAR ,45787,63694,13770,12186,-17907,109481,134360
2015-11-17,CANADIAN DOLLAR ,45589,73941,-198,10247,-28352,119530,141785
2015-11-24,CANADIAN DOLLAR ,41304,79921,-4285,5980,-38617,121225,143742
2015-10-06,CANADIAN DOLLAR ,29276,64286,-6935,-14160,-35010,93562,121676
2015-10-13,CANADIAN DOLLAR ,28207,62156,-1069,-2130,-33949,90363,116800
2015-10-20,CANADIAN DOLLAR ,31368,58480,3161,-3676,-27112,89848,121148
2015-10-27,CANADIAN DOLLAR ,34134,53029,2766,-5451,-18895,87163,122885
2015-09-01,CANADIAN DOLLAR ,28964,84083,-591,-5184,-55119,113047,161893
2015-09-08,CANADIAN DOLLAR ,29506,78146,542,-5937,-48640,107652,159492
2015-09-15,CANADIAN DOLLAR ,28509,75592,-997,-2554,-47083,104101,188043
2015-09-22,CANADIAN DOLLAR ,40901,79295,12392,3703,-38394,120196,136213
2015-09-29,CANADIAN DOLLAR ,36211,78446,-4690,-849,-42235,114657,139431
2015-08-04,CANADIAN DOLLAR ,33993,98173,-1202,6911,-64180,132166,170087
2015-08-11,CANADIAN DOLLAR ,28546,95951,-5447,-2222,-67405,124497,172252
2015-08-18,CANADIAN DOLLAR ,21407,88201,-7139,-7750,-66794,109608,161743
2015-08-25,CANADIAN DOLLAR ,29555,89267,8148,1066,-59712,118822,168819
2015-07-07,CANADIAN DOLLAR ,35928,68196,12823,21641,-32268,104124,120095
2015-07-14,CANADIAN DOLLAR ,38177,78903,2249,10707,-40726,117080,138431
2015-07-21,CANADIAN DOLLAR ,41443,85011,3266,6108,-43568,126454,153762
2015-07-28,CANADIAN DOLLAR ,35195,91262,-6248,6251,-56067,126457,162118
2015-06-02,CANADIAN DOLLAR ,30095,31120,-600,7758,-1025,61215,123127
2015-06-09,CANADIAN DOLLAR ,21004,34749,-9091,3629,-13745,55753,118799
2015-06-16,CANADIAN DOLLAR ,22484,34765,1480,16,-12281,57249,118620
2015-06-23,CANADIAN DOLLAR ,18270,35849,-4214,1084,-17579,54119,81380
2015-06-30,CANADIAN DOLLAR ,23105,46555,4835,10706,-23450,69660,91797
2015-05-05,CANADIAN DOLLAR ,30028,40108,-3830,-14659,-10080,70136,122108
2015-05-12,CANADIAN DOLLAR ,29133,33115,-895,-6993,-3982,62248,123908
2015-05-19,CANADIAN DOLLAR ,25184,20836,-3949,-12279,4348,46020,117811
2015-05-26,CANADIAN DOLLAR ,30695,23362,5511,2526,7333,54057,121908
2015-04-07,CANADIAN DOLLAR ,22081,52100,3310,3711,-30019,74181,114881
2015-04-14,CANADIAN DOLLAR ,23020,53598,939,1498,-30578,76618,118686
2015-04-21,CANADIAN DOLLAR ,33343,60394,10323,6796,-27051,93737,126801
2015-04-28,CANADIAN DOLLAR ,33858,54767,515,-5627,-20909,88625,128938
2015-03-03,CANADIAN DOLLAR ,24332,63195,1909,4527,-38863,87527,121344
2015-03-10,CANADIAN DOLLAR ,22011,61041,-2321,-2154,-39030,83052,146639
2015-03-17,CANADIAN DOLLAR ,21001,53823,-1010,-7218,-32822,74824,158576
2015-03-24,CANADIAN DOLLAR ,19193,51849,-1808,-1974,-32656,71042,106731
2015-03-31,CANADIAN DOLLAR ,18771,48389,-422,-3460,-29618,67160,110447
2015-02-03,CANADIAN DOLLAR ,24553,51874,-4361,-1003,-27321,76427,113662
2015-02-10,CANADIAN DOLLAR ,21176,54509,-3377,2635,-33333,75685,115744
2015-02-17,CANADIAN DOLLAR ,19998,52840,-1178,-1669,-32842,72838,111614
2015-02-24,CANADIAN DOLLAR ,22423,58668,2425,5828,-36245,81091,118014
2015-01-06,CANADIAN DOLLAR ,31275,48362,-1451,1603,-17087,79637,103775
2015-01-13,CANADIAN DOLLAR ,27599,48778,-3676,416,-21179,76377,105003
2015-01-20,CANADIAN DOLLAR ,24238,53318,-3361,4540,-29080,77556,111631
2015-01-27,CANADIAN DOLLAR ,28914,52877,4676,-441,-23963,81791,112718
2014-12-09,CANADIAN DOLLAR ,33406,47768,4873,846,-14362,81174,109650
2014-12-16,CANADIAN DOLLAR ,32397,48091,-1009,323,-15694,80488,129475
2014-12-23,CANADIAN DOLLAR ,33904,46091,1507,-2000,-12187,79995,98477
2014-12-30,CANADIAN DOLLAR ,32726,46759,-1178,668,-14033,79485,97308
2014-11-04,CANADIAN DOLLAR ,29627,49042,3534,1544,-19415,78669,104720
2014-11-11,CANADIAN DOLLAR ,32668,54514,3041,5472,-21846,87182,108445
2014-11-18,CANADIAN DOLLAR ,32082,51599,-586,-2915,-19517,83681,106914
2014-10-07,CANADIAN DOLLAR ,39174,46626,6160,9046,-7452,85800,100900
2014-10-14,CANADIAN DOLLAR ,35688,51855,-3486,5229,-16167,87543,104060
2014-10-21,CANADIAN DOLLAR ,28837,50371,-6851,-1484,-21534,79208,102170
2014-10-28,CANADIAN DOLLAR ,26093,47498,-2744,-2873,-21405,73591,99309
2014-09-02,CANADIAN DOLLAR ,35333,26142,-3189,-6717,9191,61475,105984
2014-09-09,CANADIAN DOLLAR ,33400,21770,-1933,-4372,11630,55170,102951
2014-09-16,CANADIAN DOLLAR ,37347,29803,3947,8033,7544,67150,110275
2014-09-23,CANADIAN DOLLAR ,27673,24609,-9674,-5194,3064,52282,76530
2014-09-30,CANADIAN DOLLAR ,33014,37580,5341,12971,-4566,70594,89376
2014-08-05,CANADIAN DOLLAR ,48944,27489,-7515,-6279,21455,76433,115261
2014-08-12,CANADIAN DOLLAR ,44053,26055,-4891,-1434,17998,70108,108979
2014-08-19,CANADIAN DOLLAR ,41844,34563,-2209,8508,7281,76407,113301
2014-08-26,CANADIAN DOLLAR ,38522,32859,-3322,-1704,5663,71381,108441
2014-07-01,CANADIAN DOLLAR ,44755,42060,4160,-3855,2695,86815,111438
2014-07-08,CANADIAN DOLLAR ,58245,47950,13490,5890,10295,106195,128555
2014-07-15,CANADIAN DOLLAR ,60353,44732,2108,-3218,15621,105085,129787
2014-07-22,CANADIAN DOLLAR ,62078,41497,1725,-3235,20581,103575,129188
2014-07-29,CANADIAN DOLLAR ,56459,33768,-5619,-7729,22691,90227,122619
2014-06-03,CANADIAN DOLLAR ,32519,55250,-62,859,-22731,87769,130275
2014-06-10,CANADIAN DOLLAR ,30303,54411,-2216,-839,-24108,84714,125832
2014-06-17,CANADIAN DOLLAR ,34582,56115,4279,1704,-21533,90697,132209
2014-06-24,CANADIAN DOLLAR ,40595,45915,6013,-10200,-5320,86510,103193
2014-05-06,CANADIAN DOLLAR ,28044,59644,-2049,-744,-31600,87688,122287
2014-05-13,CANADIAN DOLLAR ,26986,53023,-1058,-6621,-26037,80009,121632
2014-05-20,CANADIAN DOLLAR ,26500,53034,-486,11,-26534,79534,121268
2014-05-27,CANADIAN DOLLAR ,32581,54391,6081,1357,-21810,86972,129989
2014-04-01,CANADIAN DOLLAR ,27549,64543,-12892,-9113,-36994,92092,117966
2014-04-08,CANADIAN DOLLAR ,28704,63011,1155,-1532,-34307,91715,120336
2014-04-15,CANADIAN DOLLAR ,28288,63714,-416,703,-35426,92002,119525
2014-04-22,CANADIAN DOLLAR ,27529,62984,-759,-730,-35455,90513,118707
2014-04-29,CANADIAN DOLLAR ,30093,60388,2564,-2596,-30295,90481,123589
2014-03-04,CANADIAN DOLLAR ,23306,84402,-1559,946,-61096,107708,147033
2014-03-11,CANADIAN DOLLAR ,25180,77371,1874,-7031,-52191,102551,153639
2014-03-18,CANADIAN DOLLAR ,27751,97556,2571,20185,-69805,125307,186782
2014-03-25,CANADIAN DOLLAR ,40441,73656,12690,-23900,-33215,114097,133246
2014-02-04,CANADIAN DOLLAR ,29439,89739,3463,974,-60300,119178,160625
2014-02-11,CANADIAN DOLLAR ,27745,86673,-1694,-3066,-58928,114418,157495
2014-02-18,CANADIAN DOLLAR ,27756,92756,11,6083,-65000,120512,154862
2014-02-25,CANADIAN DOLLAR ,24865,83456,-2891,-9300,-58591,108321,141519
2014-01-07,CANADIAN DOLLAR ,30535,91077,2329,4915,-60542,121612,156950
2014-01-14,CANADIAN DOLLAR ,34212,101557,3677,10480,-67345,135769,171370
2014-01-21,CANADIAN DOLLAR ,29423,99750,-4789,-1807,-70327,129173,169456
2014-01-28,CANADIAN DOLLAR ,25976,88765,-3447,-10985,-62789,114741,157214
2013-12-03,CANADIAN DOLLAR ,32589,74172,4446,17249,-41583,106761,145767
2013-12-10,CANADIAN DOLLAR ,31049,88563,-1540,14391,-57514,119612,160759
2013-12-17,CANADIAN DOLLAR ,25133,90633,-5916,2070,-65500,115766,187136
2013-12-24,CANADIAN DOLLAR ,28191,86623,3058,-4010,-58432,114814,149359
2013-11-05,CANADIAN DOLLAR ,26803,44805,-430,2335,-18002,71608,117253
2013-11-12,CANADIAN DOLLAR ,29306,45398,2503,593,-16092,74704,118952
2013-11-19,CANADIAN DOLLAR ,31656,47991,2350,2593,-16335,79647,121813
2013-11-26,CANADIAN DOLLAR ,28143,56923,-3513,8932,-28780,85066,129471
2013-10-01,CANADIAN DOLLAR ,43734,44689,3456,-1264,-955,88423,122732
2013-10-08,CANADIAN DOLLAR ,33857,42520,-9877,-2169,-8663,76377,118332
2013-10-15,CANADIAN DOLLAR ,28436,39250,-5421,-3270,-10814,67686,112544
2013-10-22,CANADIAN DOLLAR ,28906,34270,470,-4980,-5364,63176,109316
2013-10-29,CANADIAN DOLLAR ,27233,42470,-1673,8200,-15237,69703,116157
2013-09-03,CANADIAN DOLLAR ,31879,66518,-3496,6184,-34639,98397,143241
2013-09-10,CANADIAN DOLLAR ,24621,55563,-7258,-10955,-30942,80184,137986
2013-09-17,CANADIAN DOLLAR ,25286,44050,665,-11513,-18764,69336,142925
2013-09-24,CANADIAN DOLLAR ,40278,45953,14992,1903,-5675,86231,119624
2013-08-06,CANADIAN DOLLAR ,22629,33065,1900,902,-10436,55694,106787
2013-08-13,CANADIAN DOLLAR ,21751,30832,-878,-2233,-9081,52583,105303
2013-08-20,CANADIAN DOLLAR ,26559,36103,4808,5271,-9544,62662,108282
2013-08-27,CANADIAN DOLLAR ,35375,60334,8816,24231,-24959,95709,133392
2013-07-02,CANADIAN DOLLAR ,35398,51648,8212,13824,-16250,87046,126754
2013-07-09,CANADIAN DOLLAR ,37260,61089,1862,9441,-23829,98349,140106
2013-07-16,CANADIAN DOLLAR ,32187,52230,-5073,-8859,-20043,84417,133870
2013-07-23,CANADIAN DOLLAR ,22262,39020,-9925,-13210,-16758,61282,119597
2013-07-30,CANADIAN DOLLAR ,20729,32163,-1533,-6857,-11434,52892,111005
2013-06-04,CANADIAN DOLLAR ,22351,62127,-5947,470,-39776,84478,141838
2019-12-24,CANADIAN DOLLAR ,51478,42981,3955,6649,8497,94459,158666
2013-06-25,CANADIAN DOLLAR ,27186,37824,11716,-3733,-10638,65010,109819
2013-05-07,CANADIAN DOLLAR ,25741,77657,2495,-13437,-51916,103398,149014
2013-05-14,CANADIAN DOLLAR ,28352,72769,2611,-4888,-44417,101121,142482
2013-05-21,CANADIAN DOLLAR ,30686,64538,2334,-8231,-33852,95224,141531
2013-05-28,CANADIAN DOLLAR ,28298,61657,-2388,-2881,-33359,89955,144725
2013-04-02,CANADIAN DOLLAR ,26212,90756,-74,1825,-64544,116968,163150
2013-04-09,CANADIAN DOLLAR ,24056,95189,-2156,4433,-71133,119245,161861
2013-04-16,CANADIAN DOLLAR ,26003,101916,1947,6727,-75913,127919,171111
2013-04-23,CANADIAN DOLLAR ,27940,99619,1937,-2297,-71679,127559,171804
2013-04-30,CANADIAN DOLLAR ,23246,91094,-4694,-8525,-67848,114340,161473
2013-03-05,CANADIAN DOLLAR ,39564,86227,-2607,22623,-46663,125791,221062
2013-03-12,CANADIAN DOLLAR ,37020,90417,-2544,4190,-53397,127437,249150
2013-03-26,CANADIAN DOLLAR ,26286,88931,-13131,-15817,-62645,115217,160847
2013-02-05,CANADIAN DOLLAR ,44538,16777,-9377,-2081,27761,61315,141807
2013-02-12,CANADIAN DOLLAR ,39324,12759,-5214,-4018,26565,52083,140109
2013-02-19,CANADIAN DOLLAR ,46033,26654,6709,13895,19379,72687,156182
2013-02-26,CANADIAN DOLLAR ,42171,63604,-3862,36950,-21433,105775,195893
2013-01-08,CANADIAN DOLLAR ,70435,6430,-3243,-1322,64005,76865,137314
2013-01-15,CANADIAN DOLLAR ,73099,4431,2664,-1999,68668,77530,144716
2013-01-22,CANADIAN DOLLAR ,66225,8273,-6874,3842,57952,74498,141710
2013-01-29,CANADIAN DOLLAR ,53915,18858,-12310,10585,35057,72773,144927
2012-12-04,CANADIAN DOLLAR ,66356,9285,-6307,-999,57071,75641,167343
2012-12-11,CANADIAN DOLLAR ,74220,11687,7864,2402,62533,85907,178087
2012-12-18,CANADIAN DOLLAR ,81493,7215,7273,-4472,74278,88708,219922
2012-12-24,CANADIAN DOLLAR ,72777,9425,-8716,2210,63352,82202,140965
2012-12-31,CANADIAN DOLLAR ,73678,7752,901,-1673,65926,81430,137247
2012-11-06,CANADIAN DOLLAR ,82882,8120,-3424,585,74762,91002,166422
2012-11-13,CANADIAN DOLLAR ,75935,9816,-6947,1696,66119,85751,168339
2012-11-20,CANADIAN DOLLAR ,72893,11447,-3042,1631,61446,84340,169517
2012-11-27,CANADIAN DOLLAR ,72663,10284,-230,-1163,62379,82947,170497
2012-10-02,CANADIAN DOLLAR ,112706,11530,-10937,-6767,101176,124236,196895
2012-10-09,CANADIAN DOLLAR ,106300,10672,-6406,-858,95628,116972,192593
2012-10-16,CANADIAN DOLLAR ,106369,12619,69,1947,93750,118988,189466
2012-10-23,CANADIAN DOLLAR ,98566,9478,-7803,-3141,89088,108044,178102
2012-10-30,CANADIAN DOLLAR ,86306,7535,-12260,-1943,78771,93841,167010
2012-09-04,CANADIAN DOLLAR ,89309,22754,2670,-2949,66555,112063,171278
2012-09-11,CANADIAN DOLLAR ,116546,14686,27237,-8068,101860,131232,254598
2012-09-18,CANADIAN DOLLAR ,126688,14807,10142,121,111881,141495,296999
2012-09-25,CANADIAN DOLLAR ,123643,18297,-3045,3490,105346,141940,210066
2012-08-07,CANADIAN DOLLAR ,43190,24068,12538,5865,19122,67258,109258
2012-08-14,CANADIAN DOLLAR ,53894,25301,10704,1233,28593,79195,123658
2012-08-21,CANADIAN DOLLAR ,76008,25141,22114,-160,50867,101149,150410
2012-08-28,CANADIAN DOLLAR ,86639,25703,10631,562,60936,112342,163842
2012-07-03,CANADIAN DOLLAR ,22923,14225,-4855,-4276,8698,37148,93160
2012-07-10,CANADIAN DOLLAR ,24673,20335,1750,6110,4338,45008,100606
2012-07-17,CANADIAN DOLLAR ,23628,24836,-1045,4501,-1208,48464,103963
2012-07-24,CANADIAN DOLLAR ,29695,32127,6067,7291,-2432,61822,111062
2012-07-31,CANADIAN DOLLAR ,30652,18203,957,-13924,12449,48855,101082
2012-06-05,CANADIAN DOLLAR ,39559,24653,-9234,9945,14906,64212,137391
2012-06-12,CANADIAN DOLLAR ,31308,21688,-8251,-2965,9620,52996,135037
2012-06-19,CANADIAN DOLLAR ,27808,19607,-3500,-2081,8201,47415,131671
2012-06-26,CANADIAN DOLLAR ,27778,18501,-30,-1106,9277,46279,95821
2012-05-01,CANADIAN DOLLAR ,84458,14235,21430,-4569,70223,98693,163036
2012-05-08,CANADIAN DOLLAR ,69914,9819,-14544,-4416,60095,79733,148415
2012-05-15,CANADIAN DOLLAR ,66286,15281,-3628,5462,51005,81567,140173
2012-05-22,CANADIAN DOLLAR ,57577,19022,-8709,3741,38555,76599,130992
2012-05-29,CANADIAN DOLLAR ,48793,14708,-8784,-4314,34085,63501,126626
2012-04-03,CANADIAN DOLLAR ,57291,27804,3859,-1891,29487,85095,126333
2012-04-10,CANADIAN DOLLAR ,47992,20025,-9299,-7779,27967,68017,113833
2012-04-17,CANADIAN DOLLAR ,58319,20291,10327,266,38028,78610,128841
2012-04-24,CANADIAN DOLLAR ,63028,18804,4709,-1487,44224,81832,134899
2012-03-06,CANADIAN DOLLAR ,55906,29874,5143,1591,26032,85780,146771
2012-03-13,CANADIAN DOLLAR ,59548,32827,3642,2953,26721,92375,172856
2012-03-20,CANADIAN DOLLAR ,62768,20453,3220,-12374,42315,83221,189870
2012-03-27,CANADIAN DOLLAR ,53432,29695,-9336,9242,23737,83127,122621
2012-02-07,CANADIAN DOLLAR ,37065,34881,6925,-14668,2184,71946,122955
2012-02-14,CANADIAN DOLLAR ,38465,28899,1400,-5982,9566,67364,122896
2012-02-21,CANADIAN DOLLAR ,47784,33672,9319,4773,14112,81456,129249
2012-02-28,CANADIAN DOLLAR ,50763,28283,2979,-5389,22480,79046,136553
2012-01-03,CANADIAN DOLLAR ,27665,51036,-467,1092,-23371,78701,119763
2012-01-10,CANADIAN DOLLAR ,23039,51688,-4626,652,-28649,74727,120997
2012-01-17,CANADIAN DOLLAR ,25118,53848,2079,2160,-28730,78966,123101
2012-01-24,CANADIAN DOLLAR ,29772,48681,4654,-5167,-18909,78453,117164
2012-01-31,CANADIAN DOLLAR ,30140,49549,368,868,-19409,79689,119270
2011-12-06,CANADIAN DOLLAR ,31022,51193,953,-5745,-20171,82215,150326
2011-12-13,CANADIAN DOLLAR ,35787,49172,4765,-2021,-13385,84959,173429
2011-12-20,CANADIAN DOLLAR ,21428,48296,-14359,-876,-26868,69724,174254
2011-12-27,CANADIAN DOLLAR ,28132,49944,6704,1648,-21812,78076,118735
2011-11-01,CANADIAN DOLLAR ,27420,42240,2052,-1051,-14820,69660,119841
2011-11-08,CANADIAN DOLLAR ,28003,43571,583,1331,-15568,71574,122069
2011-11-15,CANADIAN DOLLAR ,28819,46034,816,2463,-17215,74853,123967
2011-11-22,CANADIAN DOLLAR ,29041,51185,222,5151,-22144,80226,129151
2011-11-29,CANADIAN DOLLAR ,30069,56938,1028,5753,-26869,87007,143231
2011-10-04,CANADIAN DOLLAR ,22713,38395,1393,-3475,-15682,61108,103733
2011-10-11,CANADIAN DOLLAR ,23922,48835,1209,10440,-24913,72757,122945
2011-10-18,CANADIAN DOLLAR ,23343,48138,-579,-697,-24795,71481,123074
2011-10-25,CANADIAN DOLLAR ,25368,43291,2025,-4847,-17923,68659,120187
2011-09-06,CANADIAN DOLLAR ,18441,16360,-6382,5476,2081,34801,109190
2011-09-13,CANADIAN DOLLAR ,17337,23640,-1104,7280,-6303,40977,117403
2011-09-20,CANADIAN DOLLAR ,20422,25880,3085,2240,-5458,46302,123057
2011-09-27,CANADIAN DOLLAR ,21320,41870,898,15990,-20550,63190,86146
2011-08-02,CANADIAN DOLLAR ,57482,16445,4598,-298,41037,73927,133150
2011-08-09,CANADIAN DOLLAR ,38872,15168,-18610,-1277,23704,54040,118973
2011-08-16,CANADIAN DOLLAR ,23153,19032,-15719,3864,4121,42185,103509
2011-08-23,CANADIAN DOLLAR ,23368,14564,215,-4468,8804,37932,104672
2011-08-30,CANADIAN DOLLAR ,24823,10884,1455,-3680,13939,35707,107237
2011-07-05,CANADIAN DOLLAR ,31346,24525,9450,766,6821,55871,105967
2011-07-12,CANADIAN DOLLAR ,39535,24201,8189,-324,15334,63736,111624
2011-07-19,CANADIAN DOLLAR ,52623,24859,13088,658,27764,77482,124719
2011-07-26,CANADIAN DOLLAR ,52884,16743,261,-8116,36141,69627,128807
2011-06-07,CANADIAN DOLLAR ,32631,19109,-3026,9854,13522,51740,129110
2011-06-14,CANADIAN DOLLAR ,33746,14891,1115,-4218,18855,48637,142172
2011-06-21,CANADIAN DOLLAR ,19983,17779,-13763,2888,2204,37762,87905
2011-06-28,CANADIAN DOLLAR ,21896,23759,1913,5980,-1863,45655,92360
2011-05-03,CANADIAN DOLLAR ,59863,5822,-1630,3392,54041,65685,139919
2011-05-10,CANADIAN DOLLAR ,42698,5495,-17165,-327,37203,48193,121478
2011-05-17,CANADIAN DOLLAR ,36008,9717,-6690,4222,26291,45725,123386
2011-05-24,CANADIAN DOLLAR ,31219,9942,-4789,225,21277,41161,120245
2011-05-31,CANADIAN DOLLAR ,35657,9255,4438,-687,26402,44912,125654
2011-04-05,CANADIAN DOLLAR ,68876,3846,15990,2205,65030,72722,138257
2011-04-12,CANADIAN DOLLAR ,66354,2613,-2522,-1233,63741,68967,142022
2011-04-19,CANADIAN DOLLAR ,67489,2454,1135,-159,65035,69943,141961
2011-04-26,CANADIAN DOLLAR ,61493,2430,-5996,-24,59063,63923,138939
2011-03-01,CANADIAN DOLLAR ,78365,5538,5591,1112,72827,83903,148414
2011-03-08,CANADIAN DOLLAR ,81253,3709,2888,-1829,77544,84962,174715
2011-03-15,CANADIAN DOLLAR ,60789,3798,-20464,89,56991,64587,189157
2011-03-22,CANADIAN DOLLAR ,49722,3745,-11067,-53,45977,53467,118442
2011-03-29,CANADIAN DOLLAR ,52886,1641,3164,-2104,51245,54527,119128
2011-02-01,CANADIAN DOLLAR ,55186,21372,1111,-984,33814,76558,119488
2011-02-08,CANADIAN DOLLAR ,72899,33109,17713,11737,39790,106008,141604
2011-02-15,CANADIAN DOLLAR ,77018,4928,4119,-28181,72090,81946,140822
2011-02-22,CANADIAN DOLLAR ,72774,4426,-4244,-502,68348,77200,140610
2011-01-04,CANADIAN DOLLAR ,65421,27073,7279,3718,38348,92494,120758
2011-01-11,CANADIAN DOLLAR ,70872,23115,5451,-3958,47757,93987,129480
2011-01-18,CANADIAN DOLLAR ,67614,23559,-3258,444,44055,91173,128185
2011-01-25,CANADIAN DOLLAR ,54075,22356,-13539,-1203,31719,76431,117899
2010-12-07,CANADIAN DOLLAR ,47003,13281,16004,1437,33722,60284,114999
2010-12-14,CANADIAN DOLLAR ,44840,11444,-2163,-1837,33396,56284,142291
2010-12-21,CANADIAN DOLLAR ,39665,14717,-5175,3273,24948,54382,91294
2010-12-28,CANADIAN DOLLAR ,58142,23355,18477,8638,34787,81497,113223
2010-11-02,CANADIAN DOLLAR ,41890,18525,4088,598,23365,60415,104809
2010-11-09,CANADIAN DOLLAR ,62533,25195,20643,6670,37338,87728,128710
2010-11-16,CANADIAN DOLLAR ,58390,19949,-4143,-5246,38441,78339,124587
2010-11-23,CANADIAN DOLLAR ,36797,14298,-21593,-5651,22499,51095,105442
2010-11-30,CANADIAN DOLLAR ,30999,11844,-5798,-2454,19155,42843,100245
2010-10-05,CANADIAN DOLLAR ,62909,20231,19831,5023,42678,83140,120045
2010-10-12,CANADIAN DOLLAR ,63283,19497,374,-734,43786,82780,123851
2010-10-19,CANADIAN DOLLAR ,47852,17112,-15431,-2385,30740,64964,112791
2010-10-26,CANADIAN DOLLAR ,37802,17927,-10050,815,19875,55729,102269
2010-09-07,CANADIAN DOLLAR ,27734,27282,777,-4439,452,55016,107378
2010-09-14,CANADIAN DOLLAR ,29057,11362,1323,-15920,17695,40419,110946
2010-09-21,CANADIAN DOLLAR ,46985,17170,17928,5808,29815,64155,101524
2010-09-28,CANADIAN DOLLAR ,43078,15208,-3907,-1962,27870,58286,101260
2010-08-03,CANADIAN DOLLAR ,40335,6153,13290,2976,34182,46488,99262
2010-08-10,CANADIAN DOLLAR ,46616,5437,6281,-716,41179,52053,105543
2010-08-17,CANADIAN DOLLAR ,34446,4932,-12170,-505,29514,39378,94908
2010-08-24,CANADIAN DOLLAR ,24889,8742,-9557,3810,16147,33631,94976
2010-08-31,CANADIAN DOLLAR ,26957,31721,2068,22979,-4764,58678,108003
2010-07-06,CANADIAN DOLLAR ,28549,20455,-3026,4774,8094,49004,92565
2010-07-13,CANADIAN DOLLAR ,27952,5914,-597,-14541,22038,33866,87394
2010-07-20,CANADIAN DOLLAR ,23739,7315,-4213,1401,16424,31054,83317
2010-07-27,CANADIAN DOLLAR ,27045,3177,3306,-4138,23868,30222,85121
2010-06-01,CANADIAN DOLLAR ,37262,15108,-2851,-1133,22154,52370,117450
2010-06-08,CANADIAN DOLLAR ,36775,14265,-487,-843,22510,51040,121438
2010-06-15,CANADIAN DOLLAR ,37460,10106,685,-4159,27354,47566,127919
2010-06-22,CANADIAN DOLLAR ,38499,12146,1039,2040,26353,50645,86397
2010-06-29,CANADIAN DOLLAR ,31575,15681,-6924,3535,15894,47256,88461
2010-05-04,CANADIAN DOLLAR ,65431,13419,-6935,251,52012,78850,137181
2010-05-11,CANADIAN DOLLAR ,58010,7556,-7421,-5863,50454,65566,122092
2010-05-18,CANADIAN DOLLAR ,53254,8369,-4756,813,44885,61623,124952
2010-05-25,CANADIAN DOLLAR ,40113,16241,-13141,7872,23872,56354,122642
2010-04-06,CANADIAN DOLLAR ,88881,19569,286,1270,69312,108450,151537
2010-04-13,CANADIAN DOLLAR ,87918,17443,-963,-2126,70475,105361,153401
2010-04-20,CANADIAN DOLLAR ,82664,13008,-5254,-4435,69656,95672,149360
2010-04-27,CANADIAN DOLLAR ,72366,13168,-10298,160,59198,85534,144191
2010-03-02,CANADIAN DOLLAR ,47170,8881,6946,-2922,38289,56051,109517
2010-03-09,CANADIAN DOLLAR ,71350,9951,24180,1070,61399,81301,138991
2010-03-16,CANADIAN DOLLAR ,80982,11342,9632,1391,69640,92324,180184
2010-03-23,CANADIAN DOLLAR ,90278,17251,9296,5909,73027,107529,152885
2010-03-30,CANADIAN DOLLAR ,88595,18299,-1683,1048,70296,106894,152133
2010-02-02,CANADIAN DOLLAR ,25639,10284,-10020,434,15355,35923,82692
2010-02-09,CANADIAN DOLLAR ,24285,15422,-1354,5138,8863,39707,84317
2010-02-16,CANADIAN DOLLAR ,35026,11571,10741,-3851,23455,46597,93330
2010-02-23,CANADIAN DOLLAR ,40224,11803,5198,232,28421,52027,100629
2010-01-05,CANADIAN DOLLAR ,51736,11540,1279,1072,40196,63276,107554
2010-01-12,CANADIAN DOLLAR ,60219,11524,8483,-16,48695,71743,117310
2010-01-19,CANADIAN DOLLAR ,58048,11245,-2171,-279,46803,69293,120271
2010-01-26,CANADIAN DOLLAR ,35659,9850,-22389,-1395,25809,45509,91375
2009-12-01,CANADIAN DOLLAR ,35964,5155,5472,-684,30809,41119,97431
2009-12-08,CANADIAN DOLLAR ,33195,3736,-2769,-1419,29459,36931,103218
2009-12-15,CANADIAN DOLLAR ,29365,3740,-3830,4,25625,33105,109895
2009-12-22,CANADIAN DOLLAR ,31381,8680,2016,4940,22701,40061,79423
2009-12-29,CANADIAN DOLLAR ,50457,10468,19076,1788,39989,60925,101157
2009-11-03,CANADIAN DOLLAR ,27862,4493,-13399,-1313,23369,32355,82896
2009-11-09,CANADIAN DOLLAR ,30168,8184,2306,3691,21984,38352,85919
2009-11-17,CANADIAN DOLLAR ,35653,12047,5485,3863,23606,47700,94241
2009-11-24,CANADIAN DOLLAR ,30492,5839,-5161,-6208,24653,36331,89131
2009-10-06,CANADIAN DOLLAR ,41391,5616,17548,-18,35775,47007,88135
2009-10-13,CANADIAN DOLLAR ,50739,6543,9348,927,44196,57282,102958
2009-10-20,CANADIAN DOLLAR ,52689,9152,1950,2609,43537,61841,111244
2009-10-27,CANADIAN DOLLAR ,41261,5806,-11428,-3346,35455,47067,99635
2009-09-01,CANADIAN DOLLAR ,37838,4949,-13003,-5903,32889,42787,88664
2009-09-08,CANADIAN DOLLAR ,42844,6026,5006,1077,36818,48870,105084
2009-09-15,CANADIAN DOLLAR ,44894,6862,2050,836,38032,51756,124489
2009-09-22,CANADIAN DOLLAR ,44156,9604,-738,2742,34552,53760,89054
2009-09-29,CANADIAN DOLLAR ,23843,5634,-20313,-3970,18209,29477,71015
2009-08-04,CANADIAN DOLLAR ,58426,21834,9878,2354,36592,80260,105272
2009-08-11,CANADIAN DOLLAR ,47947,14058,-10479,-7776,33889,62005,95923
2009-08-18,CANADIAN DOLLAR ,48058,10600,111,-3458,37458,58658,93429
2009-08-25,CANADIAN DOLLAR ,50841,10852,2783,252,39989,61693,99083
2009-07-07,CANADIAN DOLLAR ,29971,23419,-2464,256,6552,53390,80191
2009-07-14,CANADIAN DOLLAR ,31850,25957,1879,2538,5893,57807,85347
2009-07-21,CANADIAN DOLLAR ,42647,26141,10797,184,16506,68788,89893
2009-07-28,CANADIAN DOLLAR ,48548,19480,5901,-6661,29068,68028,92023
2009-06-02,CANADIAN DOLLAR ,31879,25285,-550,4388,6594,57164,90613
2009-06-09,CANADIAN DOLLAR ,33405,20439,1526,-4846,12966,53844,97915
2009-06-16,CANADIAN DOLLAR ,31433,15973,-1972,-4466,15460,47406,118604
2009-06-23,CANADIAN DOLLAR ,30043,18696,-1390,2723,11347,48739,74353
2009-06-30,CANADIAN DOLLAR ,32435,23163,2392,4467,9272,55598,80536
2009-05-05,CANADIAN DOLLAR ,22007,19993,5612,-4109,2014,42000,74576
2009-05-12,CANADIAN DOLLAR ,25180,19731,3173,-262,5449,44911,81402
2009-05-19,CANADIAN DOLLAR ,28816,23391,3636,3660,5425,52207,86527
2009-05-26,CANADIAN DOLLAR ,32429,20897,3613,-2494,11532,53326,89446
2009-04-07,CANADIAN DOLLAR ,7397,30708,944,909,-23311,38105,58219
2009-04-14,CANADIAN DOLLAR ,10415,28144,3018,-2564,-17729,38559,60486
2009-04-21,CANADIAN DOLLAR ,12897,25604,2482,-2540,-12707,38501,63049
2009-04-28,CANADIAN DOLLAR ,16395,24102,3498,-1502,-7707,40497,67729
2009-03-03,CANADIAN DOLLAR ,11859,30872,2817,8865,-19013,42731,83768
2009-03-10,CANADIAN DOLLAR ,7991,28281,-3868,-2591,-20290,36272,87787
2009-03-17,CANADIAN DOLLAR ,8715,32665,724,4384,-23950,41380,93979
2009-03-24,CANADIAN DOLLAR ,5203,25875,-3512,-6790,-20672,31078,56641
2009-03-31,CANADIAN DOLLAR ,6453,29799,1250,3924,-23346,36252,58595
2009-02-03,CANADIAN DOLLAR ,9597,22172,1699,-692,-12575,31769,67011
2009-02-10,CANADIAN DOLLAR ,7789,19260,-1808,-2912,-11471,27049,67863
2009-02-17,CANADIAN DOLLAR ,9631,22540,1842,3280,-12909,32171,72185
2009-02-24,CANADIAN DOLLAR ,9042,22007,-589,-533,-12965,31049,74438
2009-01-06,CANADIAN DOLLAR ,8930,22802,457,3974,-13872,31732,53297
2009-01-13,CANADIAN DOLLAR ,9277,21481,347,-1321,-12204,30758,55217
2009-01-20,CANADIAN DOLLAR ,8949,23534,-328,2053,-14585,32483,65416
2009-01-27,CANADIAN DOLLAR ,7898,22864,-1051,-670,-14966,30762,64951
2008-12-02,CANADIAN DOLLAR ,13076,22783,555,3993,-9707,35859,88581
2008-12-09,CANADIAN DOLLAR ,12579,21408,-497,-1375,-8829,33987,86795
2008-12-16,CANADIAN DOLLAR ,10729,17477,-1850,-3931,-6748,28206,85413
2008-12-22,CANADIAN DOLLAR ,9345,19375,-1384,1898,-10030,28720,43701
2008-12-30,CANADIAN DOLLAR ,8473,18828,-872,-547,-10355,27301,47479
2008-11-04,CANADIAN DOLLAR ,17145,24639,-920,-3273,-7494,41784,107787
2008-11-11,CANADIAN DOLLAR ,16067,19312,-1078,-5327,-3245,35379,98146
2008-11-18,CANADIAN DOLLAR ,15426,22603,-641,3291,-7177,38029,92554
2008-11-25,CANADIAN DOLLAR ,12521,18790,-2905,-3813,-6269,31311,83766
2008-10-07,CANADIAN DOLLAR ,18431,35583,-1260,-2129,-17152,54014,94501
2008-10-14,CANADIAN DOLLAR ,16220,34104,-2211,-1479,-17884,50324,98295
2008-10-21,CANADIAN DOLLAR ,20698,33093,4478,-1011,-12395,53791,111438
2008-10-28,CANADIAN DOLLAR ,18065,27912,-2633,-5181,-9847,45977,107866
2008-09-02,CANADIAN DOLLAR ,37205,54779,3876,5686,-17574,91984,122277
2008-09-09,CANADIAN DOLLAR ,36134,46118,-1071,-8661,-9984,82252,142344
2008-09-16,CANADIAN DOLLAR ,33090,43312,-3044,-2806,-10222,76402,145036
2008-09-23,CANADIAN DOLLAR ,17090,35743,-16000,-7569,-18653,52833,92330
2008-09-30,CANADIAN DOLLAR ,19691,37712,2601,1969,-18021,57403,93626
2008-08-05,CANADIAN DOLLAR ,35442,54214,5760,22286,-18772,89656,116660
2008-08-12,CANADIAN DOLLAR ,33650,58979,-1792,4765,-25329,92629,121154
2008-08-19,CANADIAN DOLLAR ,38641,66726,4991,7747,-28085,105367,126865
2008-08-26,CANADIAN DOLLAR ,33329,49093,-5312,-17633,-15764,82422,116253
2008-07-01,CANADIAN DOLLAR ,24732,34522,-2665,2636,-9790,59254,87207
2008-07-08,CANADIAN DOLLAR ,30183,36135,5451,1613,-5952,66318,91389
2008-07-15,CANADIAN DOLLAR ,39972,27113,9789,-9022,12859,67085,97365
2008-07-22,CANADIAN DOLLAR ,43572,21683,3600,-5430,21889,65255,99845
2008-07-29,CANADIAN DOLLAR ,29682,31928,-13890,10245,-2246,61610,97065
2008-06-03,CANADIAN DOLLAR ,63825,18087,-5811,-1424,45738,81912,122819
2008-06-10,CANADIAN DOLLAR ,43276,25697,-20549,7610,17579,68973,123950
2008-06-17,CANADIAN DOLLAR ,36386,37337,-6890,11640,-951,73723,130634
2008-06-24,CANADIAN DOLLAR ,27397,31886,-8989,-5451,-4489,59283,84325
2008-05-06,CANADIAN DOLLAR ,48104,16392,16288,-7996,31712,64496,114709
2008-05-13,CANADIAN DOLLAR ,46246,16837,-1858,445,29409,63083,108527
2008-05-20,CANADIAN DOLLAR ,53118,21700,6872,4863,31418,74818,115665
2008-05-27,CANADIAN DOLLAR ,69636,19511,16518,-2189,50125,89147,127620
2008-04-01,CANADIAN DOLLAR ,28382,27659,199,1654,723,56041,100329
2008-04-08,CANADIAN DOLLAR ,37519,30955,9137,3296,6564,68474,106562
2008-04-15,CANADIAN DOLLAR ,33518,28015,-4001,-2940,5503,61533,104970
2008-04-22,CANADIAN DOLLAR ,43836,26466,10318,-1549,17370,70302,105665
2008-04-29,CANADIAN DOLLAR ,31816,24388,-12020,-2078,7428,56204,98159
2008-03-04,CANADIAN DOLLAR ,60105,23699,9782,-440,36406,83804,117986
2008-03-11,CANADIAN DOLLAR ,50353,21422,-9752,-2277,28931,71775,117606
2008-03-18,CANADIAN DOLLAR ,43416,22517,-6937,1095,20899,65933,127275
2008-03-25,CANADIAN DOLLAR ,28183,26005,-15233,3488,2178,54188,98867
2008-02-05,CANADIAN DOLLAR ,30603,20363,4655,-1290,10240,50966,93574
2008-02-12,CANADIAN DOLLAR ,43391,22956,12788,2593,20435,66347,101187
2008-02-19,CANADIAN DOLLAR ,33387,21440,-10004,-1516,11947,54827,95614
2008-02-26,CANADIAN DOLLAR ,50323,24139,16936,2699,26184,74462,110073
2008-01-08,CANADIAN DOLLAR ,31648,15224,-4007,2567,16424,46872,82454
2008-01-15,CANADIAN DOLLAR ,22866,15101,-8782,-123,7765,37967,81827
2008-01-22,CANADIAN DOLLAR ,24463,16786,1597,1685,7677,41249,86378
2008-01-29,CANADIAN DOLLAR ,25948,21653,1485,4867,4295,47601,90907
2007-12-04,CANADIAN DOLLAR ,34194,18870,-5338,8337,15324,53064,114020
2007-12-11,CANADIAN DOLLAR ,30935,12271,-3259,-6599,18664,43206,118951
2007-12-18,CANADIAN DOLLAR ,34895,11608,3960,-663,23287,46503,121294
2007-12-24,CANADIAN DOLLAR ,29959,15236,-4936,3628,14723,45195,77357
2007-12-31,CANADIAN DOLLAR ,35655,12657,5696,-2579,22998,48312,83024
2007-11-06,CANADIAN DOLLAR ,75532,11944,-3520,1723,63588,87476,138502
2007-11-13,CANADIAN DOLLAR ,55876,9153,-19656,-2791,46723,65029,121478
2007-11-20,CANADIAN DOLLAR ,41574,9282,-14302,129,32292,50856,109533
2007-11-27,CANADIAN DOLLAR ,39532,10533,-2042,1251,28999,50065,112354
2007-10-02,CANADIAN DOLLAR ,87538,18359,14496,4479,69179,105897,144193
2007-10-09,CANADIAN DOLLAR ,99617,16616,12079,-1743,83001,116233,157628
2007-10-16,CANADIAN DOLLAR ,90940,13991,-8677,-2625,76949,104931,147428
2007-10-23,CANADIAN DOLLAR ,82625,11302,-8315,-2689,71323,93927,140205
2007-10-30,CANADIAN DOLLAR ,79052,10221,-3573,-1081,68831,89273,137711
2007-09-04,CANADIAN DOLLAR ,73234,21889,5221,-1030,51345,95123,135940
2007-09-11,CANADIAN DOLLAR ,78149,19395,4915,-2494,58754,97544,145388
2007-09-18,CANADIAN DOLLAR ,88758,8930,10609,-10465,79828,97688,167680
2007-09-25,CANADIAN DOLLAR ,73042,13880,-15716,4950,59162,86922,126605
2007-08-07,CANADIAN DOLLAR ,71689,19751,3551,1311,51938,91440,135946
2007-08-14,CANADIAN DOLLAR ,66527,18717,-5162,-1034,47810,85244,134044
2007-08-21,CANADIAN DOLLAR ,60044,20011,-6483,1294,40033,80055,128591
2007-08-28,CANADIAN DOLLAR ,68013,22919,7969,2908,45094,90932,133856
2007-07-03,CANADIAN DOLLAR ,79653,14400,-2400,1210,65253,94053,143135
2007-07-10,CANADIAN DOLLAR ,82889,15511,3236,1111,67378,98400,143434
2007-07-17,CANADIAN DOLLAR ,85281,18009,2392,2498,67272,103290,150522
2007-07-24,CANADIAN DOLLAR ,94483,17519,9202,-490,76964,112002,158948
2007-07-31,CANADIAN DOLLAR ,68138,18440,-26345,921,49698,86578,133951
2007-06-05,CANADIAN DOLLAR ,85481,41623,-6669,1493,43858,127104,184722
2007-06-12,CANADIAN DOLLAR ,98404,36399,12923,-5224,62005,134803,232090
2007-06-19,CANADIAN DOLLAR ,92321,33525,-6083,-2874,58796,125846,243351
2007-06-26,CANADIAN DOLLAR ,82053,13190,-10268,-20335,68863,95243,139879
2007-05-01,CANADIAN DOLLAR ,52582,43731,13565,3083,8851,96313,138029
2007-05-08,CANADIAN DOLLAR ,65117,47298,12535,3567,17819,112415,146311
2007-05-15,CANADIAN DOLLAR ,82619,39522,17502,-7776,43097,122141,168888
2007-05-22,CANADIAN DOLLAR ,83891,44924,1272,5402,38967,128815,172032
2007-05-29,CANADIAN DOLLAR ,92150,40130,8259,-4794,52020,132280,186775
2007-04-03,CANADIAN DOLLAR ,22068,57233,-2545,638,-35165,79301,113096
2007-04-10,CANADIAN DOLLAR ,23062,38626,994,-18607,-15564,61688,110266
2007-04-17,CANADIAN DOLLAR ,25549,41540,2487,2914,-15991,67089,114610
2007-04-24,CANADIAN DOLLAR ,39017,40648,13468,-892,-1631,79665,121786
2007-03-06,CANADIAN DOLLAR ,21585,96510,4022,22523,-74925,118095,156871
2007-03-13,CANADIAN DOLLAR ,15758,89897,-5827,-6613,-74139,105655,159619
2007-03-20,CANADIAN DOLLAR ,21021,72174,5263,-17723,-51153,93195,161700
2007-03-27,CANADIAN DOLLAR ,24613,56595,3592,-15579,-31982,81208,114484
2007-02-06,CANADIAN DOLLAR ,18927,99573,-2723,7047,-80646,118500,154591
2007-02-13,CANADIAN DOLLAR ,19930,76625,1003,-22948,-56695,96555,140722
2007-02-20,CANADIAN DOLLAR ,17005,82431,-2925,5806,-65426,99436,141561
2007-02-27,CANADIAN DOLLAR ,17563,73987,558,-8444,-56424,91550,137776
2007-01-03,CANADIAN DOLLAR ,23583,97851,2104,10078,-74268,121434,148644
2007-01-09,CANADIAN DOLLAR ,20637,105543,-2946,7692,-84906,126180,155922
2007-01-16,CANADIAN DOLLAR ,22030,100997,1393,-4546,-78967,123027,152438
2007-01-23,CANADIAN DOLLAR ,22471,100328,441,-669,-77857,122799,152395
2007-01-30,CANADIAN DOLLAR ,21650,92526,-821,-7802,-70876,114176,146376
2006-12-05,CANADIAN DOLLAR ,24557,71036,-2377,3820,-46479,95593,131624
2006-12-12,CANADIAN DOLLAR ,26173,78181,1616,7145,-52008,104354,165716
2006-12-19,CANADIAN DOLLAR ,27186,84578,1013,6397,-57392,111764,183332
2006-12-26,CANADIAN DOLLAR ,21479,87773,-5707,3195,-66294,109252,136963
2006-11-07,CANADIAN DOLLAR ,24999,45341,1181,-2155,-20342,70340,103426
2006-11-14,CANADIAN DOLLAR ,25902,73277,903,27936,-47375,99179,129537
2006-11-21,CANADIAN DOLLAR ,23236,82129,-2666,8852,-58893,105365,138113
2006-11-28,CANADIAN DOLLAR ,26934,67216,3698,-14913,-40282,94150,124553
2006-10-03,CANADIAN DOLLAR ,45535,36256,6993,4224,9279,81791,100141
2006-10-10,CANADIAN DOLLAR ,34272,32413,-11263,-3843,1859,66685,91193
2006-10-17,CANADIAN DOLLAR ,26833,51331,-7439,18918,-24498,78164,110173
2006-10-24,CANADIAN DOLLAR ,24985,39218,-1848,-12113,-14233,64203,100203
2006-10-31,CANADIAN DOLLAR ,23818,47496,-1167,8278,-23678,71314,104350
2006-09-05,CANADIAN DOLLAR ,49440,21974,3463,6602,27466,71414,111705
2006-09-12,CANADIAN DOLLAR ,37739,22957,-11701,983,14782,60696,138181
2006-09-19,CANADIAN DOLLAR ,41043,40188,3304,17231,855,81231,138838
2006-09-26,CANADIAN DOLLAR ,38542,32032,-2501,-8156,6510,70574,94128
2006-08-01,CANADIAN DOLLAR ,18809,26225,-4804,-2807,-7416,45034,86048
2006-08-08,CANADIAN DOLLAR ,23185,13355,4376,-12870,9830,36540,82510
2006-08-15,CANADIAN DOLLAR ,27206,18609,4021,5254,8597,45815,86815
2006-08-22,CANADIAN DOLLAR ,27805,12312,599,-6297,15493,40117,86667
2006-08-29,CANADIAN DOLLAR ,45977,15372,18172,3060,30605,61349,106142
2006-07-03,CANADIAN DOLLAR ,42762,6315,4597,-1541,36447,49077,93841
2006-07-11,CANADIAN DOLLAR ,29942,18321,-12820,12006,11621,48263,92978
2006-07-18,CANADIAN DOLLAR ,23302,14018,-6640,-4303,9284,37320,83415
2006-07-25,CANADIAN DOLLAR ,23613,29032,311,15014,-5419,52645,91963
2006-06-06,CANADIAN DOLLAR ,44443,21581,-1494,7351,22862,66024,118798
2006-06-13,CANADIAN DOLLAR ,46579,13228,2136,-8353,33351,59807,129707
2006-06-20,CANADIAN DOLLAR ,37024,13046,-9555,-182,23978,50070,123446
2006-06-27,CANADIAN DOLLAR ,38165,7856,1141,-5190,30309,46021,89791
2006-05-02,CANADIAN DOLLAR ,48997,16845,17048,519,32152,65842,110279
2006-05-09,CANADIAN DOLLAR ,52111,23238,3114,6393,28873,75349,121046
2006-05-16,CANADIAN DOLLAR ,46060,26532,-6051,3294,19528,72592,117839
2006-05-23,CANADIAN DOLLAR ,36980,21278,-9080,-5254,15702,58258,111976
2006-05-30,CANADIAN DOLLAR ,45937,14230,8957,-7048,31707,60167,109252
2006-04-04,CANADIAN DOLLAR ,12081,16227,-1193,-4858,-4146,28308,84301
2006-04-11,CANADIAN DOLLAR ,24639,10697,12558,-5530,13942,35336,87690
2006-04-18,CANADIAN DOLLAR ,23225,16307,-1414,5610,6918,39532,93170
2006-04-25,CANADIAN DOLLAR ,31949,16326,8724,19,15623,48275,100591
2006-03-07,CANADIAN DOLLAR ,55226,13903,295,-394,41323,69129,137195
2006-03-14,CANADIAN DOLLAR ,33979,19958,-21247,6055,14021,53937,125712
2006-03-21,CANADIAN DOLLAR ,18295,22037,-15684,2079,-3742,40332,85219
2006-03-28,CANADIAN DOLLAR ,13274,21085,-5021,-952,-7811,34359,87356
2006-02-07,CANADIAN DOLLAR ,56298,11453,5593,-1768,44845,67751,121889
2006-02-14,CANADIAN DOLLAR ,52220,11756,-4078,303,40464,63976,118357
2006-02-21,CANADIAN DOLLAR ,46710,11513,-5510,-243,35197,58223,115876
2006-02-28,CANADIAN DOLLAR ,54931,14297,8221,2784,40634,69228,124984
2006-01-03,CANADIAN DOLLAR ,45749,9062,-3719,1886,36687,54811,105401
2006-01-10,CANADIAN DOLLAR ,32628,9311,-13121,249,23317,41939,98344
2006-01-17,CANADIAN DOLLAR ,39506,12573,6878,3262,26933,52079,101952
2006-01-24,CANADIAN DOLLAR ,35048,7915,-4458,-4658,27133,42963,102095
2006-01-31,CANADIAN DOLLAR ,50705,13221,15657,5306,37484,63926,117314
2005-12-06,CANADIAN DOLLAR ,49064,11747,6753,-1554,37317,60811,118337
2005-12-13,CANADIAN DOLLAR ,66468,10285,17404,-1462,56183,76753,142450
2005-12-20,CANADIAN DOLLAR ,55542,7431,-10926,-2854,48111,62973,137619
2005-12-27,CANADIAN DOLLAR ,49468,7176,-6074,-255,42292,56644,103040
2005-11-01,CANADIAN DOLLAR ,44435,7275,586,371,37160,51710,108226
2005-11-08,CANADIAN DOLLAR ,37234,10894,-7201,3619,26340,48128,104351
2005-11-15,CANADIAN DOLLAR ,32487,12318,-4747,1424,20169,44805,102550
2005-11-22,CANADIAN DOLLAR ,33585,17860,1098,5542,15725,51445,106006
2005-11-29,CANADIAN DOLLAR ,42311,13301,8726,-4559,29010,55612,115153
2005-10-04,CANADIAN DOLLAR ,47026,8995,-3494,1571,38031,56021,108178
2005-10-11,CANADIAN DOLLAR ,50532,6941,3506,-2054,43591,57473,109147
2005-10-18,CANADIAN DOLLAR ,51259,8447,727,1506,42812,59706,112354
2005-10-25,CANADIAN DOLLAR ,43849,6904,-7410,-1543,36945,50753,104625
2005-09-06,CANADIAN DOLLAR ,46423,16430,1519,440,29993,62853,117451
2005-09-13,CANADIAN DOLLAR ,45957,16365,-466,-65,29592,62322,141219
2005-09-20,CANADIAN DOLLAR ,45536,19033,-421,2668,26503,64569,148171
2005-09-27,CANADIAN DOLLAR ,50520,7424,4984,-11609,43096,57944,110057
2005-08-02,CANADIAN DOLLAR ,28966,16802,-2874,2481,12164,45768,87906
2005-08-09,CANADIAN DOLLAR ,33587,19373,4621,2571,14214,52960,92585
2005-08-16,CANADIAN DOLLAR ,44042,17995,10455,-1378,26047,62037,109505
2005-08-23,CANADIAN DOLLAR ,41543,17000,-2499,-995,24543,58543,107851
2005-07-05,CANADIAN DOLLAR ,19364,15276,-1595,-3399,4088,34640,70074
2005-07-12,CANADIAN DOLLAR ,35282,12079,15918,-3197,23203,47361,91423
2005-07-19,CANADIAN DOLLAR ,35684,9859,402,-2220,25825,45543,91255
2005-07-26,CANADIAN DOLLAR ,31840,14321,-3844,4462,17519,46161,90753
2005-06-07,CANADIAN DOLLAR ,9675,36236,-849,-5528,-26561,45911,94186
2005-06-14,CANADIAN DOLLAR ,10932,28521,1257,-7715,-17589,39453,63187
2005-06-21,CANADIAN DOLLAR ,16872,16588,5940,-11933,284,33460,67143
2005-06-28,CANADIAN DOLLAR ,20959,18675,4087,2087,2284,39634,71522
2005-05-03,CANADIAN DOLLAR ,12434,45755,-1342,7260,-33321,58189,93278
2005-05-10,CANADIAN DOLLAR ,11651,39446,-783,-6309,-27795,51097,86866
2005-05-17,CANADIAN DOLLAR ,11662,45154,11,5708,-33492,56816,99089
2005-05-24,CANADIAN DOLLAR ,9806,42690,-1856,-2464,-32884,52496,96833
2005-05-31,CANADIAN DOLLAR ,10524,41764,718,-926,-31240,52288,94700
2005-04-05,CANADIAN DOLLAR ,35799,10124,344,1359,25675,45923,80302
2005-04-12,CANADIAN DOLLAR ,15951,23385,-19848,13261,-7434,39336,69292
2005-04-19,CANADIAN DOLLAR ,13905,30263,-2046,6878,-16358,44168,76771
2005-04-26,CANADIAN DOLLAR ,13776,38495,-129,8232,-24719,52271,85837
2005-03-01,CANADIAN DOLLAR ,11793,18622,518,4206,-6829,30415,95644
2005-03-08,CANADIAN DOLLAR ,17563,14234,5770,-4388,3329,31797,105920
2005-03-15,CANADIAN DOLLAR ,36259,10109,18696,-4125,26150,46368,125191
2005-03-22,CANADIAN DOLLAR ,43143,11596,6884,1487,31547,54739,89844
2005-03-29,CANADIAN DOLLAR ,35455,8765,-7688,-2831,26690,44220,81193
2005-02-01,CANADIAN DOLLAR ,12127,10858,-5225,-3841,1269,22985,77006
2005-02-08,CANADIAN DOLLAR ,10606,17971,-1521,7113,-7365,28577,82670
2005-02-15,CANADIAN DOLLAR ,10760,16067,154,-1904,-5307,26827,83368
2005-02-22,CANADIAN DOLLAR ,11275,14416,515,-1651,-3141,25691,88275
2005-01-04,CANADIAN DOLLAR ,20448,10786,1233,-2295,9662,31234,71055
2005-01-11,CANADIAN DOLLAR ,19317,9424,-1131,-1362,9893,28741,69850
2005-01-18,CANADIAN DOLLAR ,19773,14273,456,4849,5500,34046,77385
2005-01-25,CANADIAN DOLLAR ,17352,14699,-2421,426,2653,32051,78850
