Date,Symbol,Long,Short,Change Long,Change Short,Net positions,Total positions,Open interest
2021-07-13 00:00:00,JAPANESE YEN ,40440,96690,8815,-4071,-56250,137130,203727
2021-07-06 00:00:00,JAPANESE YEN ,31625,100761,4245,3486,-69136,132386,205341
2021-06-01 00:00:00,JAPANESE YEN ,29462,76577,5299,2258,-47115,106039,162091
2021-06-08 00:00:00,JAPANESE YEN ,27248,64562,-2214,-12015,-37314,91810,161592
2021-06-15 00:00:00,JAPANESE YEN ,22974,69824,-4274,5262,-46850,92798,155359
2021-06-22 00:00:00,JAPANESE YEN ,34118,87980,11144,18156,-53862,122098,190545
2021-06-29 00:00:00,JAPANESE YEN ,27380,97275,-6738,9295,-69895,124655,195698
2021-05-04 00:00:00,JAPANESE YEN ,31208,72700,1535,-5482,-41492,103908,152676
2021-05-11 00:00:00,JAPANESE YEN ,30491,72219,-717,-481,-41728,102710,152404
2021-05-18 00:00:00,JAPANESE YEN ,24965,75913,-5526,3694,-50948,100878,154727
2021-05-25 00:00:00,JAPANESE YEN ,24163,74319,-802,-1594,-50156,98482,153196
2021-04-06 00:00:00,JAPANESE YEN ,26794,84783,2070,578,-57989,111577,164310
2021-04-13 00:00:00,JAPANESE YEN ,27682,85994,888,1211,-58312,113676,165431
2021-04-20 00:00:00,JAPANESE YEN ,26617,86436,-1065,442,-59819,113053,162649
2021-04-27 00:00:00,JAPANESE YEN ,29673,78182,3056,-8254,-48509,107855,154894
2021-03-02 00:00:00,JAPANESE YEN ,61259,41989,-5411,3941,19270,103248,189270
2021-03-09 00:00:00,JAPANESE YEN ,64027,57513,2768,15524,6514,121540,211347
2021-03-16 00:00:00,JAPANESE YEN ,26003,65371,-38024,7858,-39368,91374,145951
2021-03-23 00:00:00,JAPANESE YEN ,27524,81049,1521,15678,-53525,108573,160581
2021-03-30 00:00:00,JAPANESE YEN ,24724,84205,-2800,3156,-59481,108929,166091
2021-02-02 00:00:00,JAPANESE YEN ,69602,24973,6139,6502,44629,94575,190948
2021-02-09 00:00:00,JAPANESE YEN ,60719,26101,-8883,1128,34618,86820,183901
2021-02-16 00:00:00,JAPANESE YEN ,66732,29550,6013,3449,37182,96282,188119
2021-02-23 00:00:00,JAPANESE YEN ,66670,38048,-62,8498,28622,104718,183247
2021-01-05 00:00:00,JAPANESE YEN ,69163,18973,5586,2746,50190,88136,206963
2021-01-12 00:00:00,JAPANESE YEN ,63857,13337,-5306,-5636,50520,77194,190811
2021-01-19 00:00:00,JAPANESE YEN ,64143,14129,286,792,50014,78272,191540
2021-01-26 00:00:00,JAPANESE YEN ,63463,18471,-680,4342,44992,81934,193822
2020-12-01 00:00:00,JAPANESE YEN ,62449,14946,7977,716,47503,77395,185873
2020-12-08 00:00:00,JAPANESE YEN ,63585,15419,1136,473,48166,79004,193326
2020-12-15 00:00:00,JAPANESE YEN ,65376,21413,1791,5994,43963,86789,193317
2020-12-21 00:00:00,JAPANESE YEN ,66970,20877,1594,-536,46093,87847,196845
2020-12-29 00:00:00,JAPANESE YEN ,63577,16227,-3393,-4650,47350,79804,194454
2020-11-03 00:00:00,JAPANESE YEN ,51012,22914,4881,-5324,28098,73926,184751
2020-11-10 00:00:00,JAPANESE YEN ,55644,13750,4632,-9164,41894,69394,183518
2020-11-17 00:00:00,JAPANESE YEN ,40313,10646,-15331,-3104,29667,50959,165073
2020-11-24 00:00:00,JAPANESE YEN ,54472,14230,14159,3584,40242,68702,179503
2020-10-06 00:00:00,JAPANESE YEN ,45779,24677,-1756,1931,21102,70456,163024
2020-10-13 00:00:00,JAPANESE YEN ,47245,27269,1466,2592,19976,74514,165616
2020-10-20 00:00:00,JAPANESE YEN ,46524,32341,-721,5072,14183,78865,166091
2020-10-27 00:00:00,JAPANESE YEN ,46131,28238,-393,-4103,17893,74369,177622
2020-09-01 00:00:00,JAPANESE YEN ,46654,17050,1676,-4312,29604,63704,145922
2020-09-08 00:00:00,JAPANESE YEN ,44850,23108,-1804,6058,21742,67958,151546
2020-09-15 00:00:00,JAPANESE YEN ,50360,27471,5510,4363,22889,77831,148912
2020-09-22 00:00:00,JAPANESE YEN ,59033,29452,8673,1981,29581,88485,169251
2020-09-29 00:00:00,JAPANESE YEN ,47535,22746,-11498,-6706,24789,70281,158298
2020-08-04 00:00:00,JAPANESE YEN ,52073,20644,-10851,-13773,31429,72717,157968
2020-08-11 00:00:00,JAPANESE YEN ,48158,21142,-3915,498,27016,69300,150149
2020-08-18 00:00:00,JAPANESE YEN ,41717,21133,-6441,-9,20584,62850,147076
2020-08-25 00:00:00,JAPANESE YEN ,44978,21362,3261,229,23616,66340,147553
2020-07-07 00:00:00,JAPANESE YEN ,44043,27231,1288,8337,16812,71274,138313
2020-07-14 00:00:00,JAPANESE YEN ,45111,26785,1068,-446,18326,71896,135263
2020-07-21 00:00:00,JAPANESE YEN ,50854,31547,5743,4762,19307,82401,142686
2020-07-28 00:00:00,JAPANESE YEN ,62924,34417,12070,2870,28507,97341,170269
2020-06-02 00:00:00,JAPANESE YEN ,61958,29379,4085,6113,32579,91337,158743
2020-06-09 00:00:00,JAPANESE YEN ,48862,31400,-13096,2021,17462,80262,155159
2020-06-16 00:00:00,JAPANESE YEN ,43126,21016,-5736,-10384,22110,64142,127287
2020-06-23 00:00:00,JAPANESE YEN ,50490,23032,7364,2016,27458,73522,144549
2020-06-30 00:00:00,JAPANESE YEN ,42755,18894,-7735,-4138,23861,61649,137362
2020-05-05 00:00:00,JAPANESE YEN ,56634,29420,-3328,1784,27214,86054,152042
2020-05-12 00:00:00,JAPANESE YEN ,56307,28370,-327,-1050,27937,84677,153370
2020-05-19 00:00:00,JAPANESE YEN ,52038,24568,-4269,-3802,27470,76606,147975
2020-05-26 00:00:00,JAPANESE YEN ,57873,23266,5835,-1302,34607,81139,156827
2020-04-07 00:00:00,JAPANESE YEN ,49249,26839,805,-3323,22410,76088,118595
2020-04-14 00:00:00,JAPANESE YEN ,49863,27220,614,381,22643,77083,122929
2020-04-21 00:00:00,JAPANESE YEN ,53730,27704,3867,484,26026,81434,128272
2020-04-28 00:00:00,JAPANESE YEN ,59962,27636,6232,-68,32326,87598,143835
2020-03-03 00:00:00,JAPANESE YEN ,50598,92922,-3257,-17322,-42324,143520,198404
2020-03-10 00:00:00,JAPANESE YEN ,61732,53575,11134,-39347,8157,115307,159128
2020-03-17 00:00:00,JAPANESE YEN ,57286,24351,-4446,-29224,32935,81637,125769
2020-03-24 00:00:00,JAPANESE YEN ,56528,32665,-758,8314,23863,89193,125594
2020-03-31 00:00:00,JAPANESE YEN ,48444,30162,-8084,-2503,18282,78606,120270
2020-02-04 00:00:00,JAPANESE YEN ,57672,79570,11996,-2131,-21898,137242,190079
2020-02-11 00:00:00,JAPANESE YEN ,54805,80993,-2867,1423,-26188,135798,193822
2020-02-18 00:00:00,JAPANESE YEN ,58605,85826,3800,4833,-27221,144431,203631
2020-02-25 00:00:00,JAPANESE YEN ,53855,110244,-4750,24418,-56389,164099,223904
2020-01-07 00:00:00,JAPANESE YEN ,47846,60094,4178,-8876,-12248,107940,162094
2020-01-14 00:00:00,JAPANESE YEN ,49720,81150,1874,21056,-31430,130870,183863
2020-01-21 00:00:00,JAPANESE YEN ,50596,95297,876,14147,-44701,145893,203579
2020-01-28 00:00:00,JAPANESE YEN ,45676,81701,-4920,-13596,-36025,127377,184919
2019-12-03 00:00:00,JAPANESE YEN ,48312,96135,-966,7266,-47823,144447,214223
2019-12-10 00:00:00,JAPANESE YEN ,41843,85525,-6469,-10610,-43682,127368,198700
2019-12-17 00:00:00,JAPANESE YEN ,43418,85480,1575,-45,-42062,128898,178529
2019-12-31 00:00:00,JAPANESE YEN ,43668,68970,3076,-5164,-25302,112638,174966
2019-11-05 00:00:00,JAPANESE YEN ,43996,70601,4811,11718,-26605,114597,177106
2019-11-12 00:00:00,JAPANESE YEN ,43964,78961,-32,8360,-34997,122925,183480
2019-11-19 00:00:00,JAPANESE YEN ,45423,80454,1459,1493,-35031,125877,182445
2019-11-26 00:00:00,JAPANESE YEN ,49278,88869,3855,8415,-39591,138147,196894
2019-10-01 00:00:00,JAPANESE YEN ,57893,43976,12134,11000,13917,101869,151860
2019-10-08 00:00:00,JAPANESE YEN ,52803,41791,-5090,-2185,11012,94594,150019
2019-10-15 00:00:00,JAPANESE YEN ,46416,53057,-6387,11266,-6641,99473,157707
2019-10-22 00:00:00,JAPANESE YEN ,41556,59721,-4860,6664,-18165,101277,159250
2019-10-29 00:00:00,JAPANESE YEN ,39185,58883,-2371,-838,-19698,98068,163486
2019-09-03 00:00:00,JAPANESE YEN ,57222,29540,-2573,3352,27682,86762,157788
2019-09-10 00:00:00,JAPANESE YEN ,56579,23988,-643,-5552,32591,80567,151397
2019-09-17 00:00:00,JAPANESE YEN ,50842,26980,-5737,2992,23862,77822,130940
2019-09-24 00:00:00,JAPANESE YEN ,45759,32976,-5083,5996,12783,78735,142026
2019-08-06 00:00:00,JAPANESE YEN ,46225,35664,9197,-5582,10561,81889,153338
2019-08-13 00:00:00,JAPANESE YEN ,51764,27022,5539,-8642,24742,78786,160271
2019-08-20 00:00:00,JAPANESE YEN ,49984,18830,-1780,-8192,31154,68814,154662
2019-08-27 00:00:00,JAPANESE YEN ,59795,26188,9811,7358,33607,85983,157862
2019-07-02 00:00:00,JAPANESE YEN ,34198,35425,3108,-5812,-1227,69623,139355
2019-07-09 00:00:00,JAPANESE YEN ,35346,38997,1148,3572,-3651,74343,135737
2019-07-16 00:00:00,JAPANESE YEN ,32905,44285,-2441,5288,-11380,77190,130304
2019-07-23 00:00:00,JAPANESE YEN ,34642,44019,1737,-266,-9377,78661,136245
2019-07-30 00:00:00,JAPANESE YEN ,37028,41246,2386,-2773,-4218,78274,138842
2019-06-04 00:00:00,JAPANESE YEN ,27437,71826,1634,-9554,-44389,99263,167810
2019-06-11 00:00:00,JAPANESE YEN ,20786,65951,-6651,-5875,-45165,86737,169387
2019-06-18 00:00:00,JAPANESE YEN ,28169,44734,7383,-21217,-16565,72903,123629
2019-06-25 00:00:00,JAPANESE YEN ,31090,41237,2921,-3497,-10147,72327,139439
2019-05-07 00:00:00,JAPANESE YEN ,25869,117586,5291,-2591,-91717,143455,201462
2019-05-14 00:00:00,JAPANESE YEN ,35915,97495,10046,-20091,-61580,133410,180573
2019-05-21 00:00:00,JAPANESE YEN ,27540,82732,-8375,-14763,-55192,110272,170834
2019-05-28 00:00:00,JAPANESE YEN ,25803,81380,-1737,-1352,-55577,107183,169790
2019-04-02 00:00:00,JAPANESE YEN ,20462,83203,2139,2759,-62741,103665,156838
2019-04-09 00:00:00,JAPANESE YEN ,19914,91434,-548,8231,-71520,111348,165736
2019-04-16 00:00:00,JAPANESE YEN ,31807,118913,11893,27479,-87106,150720,200018
2019-04-23 00:00:00,JAPANESE YEN ,28121,122535,-3686,3622,-94414,150656,207316
2019-04-30 00:00:00,JAPANESE YEN ,20578,120177,-7543,-2358,-99599,140755,203323
2019-03-05 00:00:00,JAPANESE YEN ,33421,84727,6056,17708,-51306,118148,207083
2019-03-12 00:00:00,JAPANESE YEN ,22144,80925,-11277,-3802,-58781,103069,196766
2019-03-19 00:00:00,JAPANESE YEN ,20081,79302,-2063,-1623,-59221,99383,158074
2019-03-26 00:00:00,JAPANESE YEN ,18323,80444,-1758,1142,-62121,98767,157145
2019-02-05 00:00:00,JAPANESE YEN ,20752,52162,-6249,-8184,-31410,72914,192789
2019-02-12 00:00:00,JAPANESE YEN ,24541,55283,3789,3121,-30742,79824,185725
2019-02-19 00:00:00,JAPANESE YEN ,24844,62305,303,7022,-37461,87149,184023
2019-02-26 00:00:00,JAPANESE YEN ,27365,67019,2521,4714,-39654,94384,186158
2019-01-08 00:00:00,JAPANESE YEN ,42727,104041,10015,-17294,-61314,146768,230524
2019-01-15 00:00:00,JAPANESE YEN ,38686,85107,-4041,-18934,-46421,123793,229295
2019-01-22 00:00:00,JAPANESE YEN ,28403,68070,-10283,-17037,-39667,96473,212563
2019-01-29 00:00:00,JAPANESE YEN ,27001,60346,-1402,-7724,-33345,87347,204816
2018-12-04 00:00:00,JAPANESE YEN ,32717,142483,-3100,2342,-109766,175200,226835
2018-12-11 00:00:00,JAPANESE YEN ,25495,123101,-7222,-19382,-97606,148596,213055
2018-12-18 00:00:00,JAPANESE YEN ,26957,129728,1462,6627,-102771,156685,214868
2018-12-24 00:00:00,JAPANESE YEN ,33281,132370,6324,2642,-99089,165651,224458
2018-12-31 00:00:00,JAPANESE YEN ,32712,121335,-569,-11035,-88623,154047,216224
2018-11-06 00:00:00,JAPANESE YEN ,33060,122182,4206,1708,-89122,155242,209453
2018-11-13 00:00:00,JAPANESE YEN ,40192,142486,7132,20304,-102294,182678,231730
2018-11-20 00:00:00,JAPANESE YEN ,33462,133527,-6730,-8959,-100065,166989,223144
2018-11-27 00:00:00,JAPANESE YEN ,35817,140141,2355,6614,-104324,175958,231711
2018-10-02 00:00:00,JAPANESE YEN ,56074,170120,8821,38148,-114046,226194,252277
2018-10-09 00:00:00,JAPANESE YEN ,47034,162235,-9040,-7885,-115201,209269,253374
2018-10-16 00:00:00,JAPANESE YEN ,30096,130717,-16938,-31518,-100621,160813,211210
2018-10-23 00:00:00,JAPANESE YEN ,29922,122726,-174,-7991,-92804,152648,205643
2018-10-30 00:00:00,JAPANESE YEN ,28854,120474,-1068,-2252,-91620,149328,203113
2018-09-04 00:00:00,JAPANESE YEN ,47572,99504,-2658,3233,-51932,147076,185347
2018-09-11 00:00:00,JAPANESE YEN ,48057,101943,485,2439,-53886,150000,193428
2018-09-18 00:00:00,JAPANESE YEN ,49752,113507,1695,11564,-63755,163259,200221
2018-09-29 00:00:00,JAPANESE YEN ,47253,131972,-2499,18465,-84719,179225,215376
2018-08-07 00:00:00,JAPANESE YEN ,46136,108943,-1880,-7530,-62807,155079,187902
2018-08-14 00:00:00,JAPANESE YEN ,49369,107737,3233,-1206,-58368,157106,185834
2018-08-21 00:00:00,JAPANESE YEN ,54116,101522,4747,-6215,-47406,155638,189698
2018-08-28 00:00:00,JAPANESE YEN ,50230,96271,-3886,-5251,-46041,146501,185082
2018-07-03 00:00:00,JAPANESE YEN ,49990,88720,5560,10069,-38730,138710,168360
2018-07-10 00:00:00,JAPANESE YEN ,60563,100395,10573,11675,-39832,160958,182066
2018-07-17 00:00:00,JAPANESE YEN ,77021,135671,16458,35276,-58650,212692,215413
2018-07-24 00:00:00,JAPANESE YEN ,49993,123762,-27028,-11909,-73769,173755,200427
2018-07-31 00:00:00,JAPANESE YEN ,48016,116473,-1977,-7289,-68457,164489,197566
2018-06-05 00:00:00,JAPANESE YEN ,52060,55497,-11122,-15721,-3437,107557,146448
2018-06-12 00:00:00,JAPANESE YEN ,60609,55557,8549,60,5052,116166,166877
2018-06-19 00:00:00,JAPANESE YEN ,46565,82127,-14044,26570,-35562,128692,154641
2018-06-26 00:00:00,JAPANESE YEN ,44430,78651,-2135,-3476,-34221,123081,153566
2018-05-01 00:00:00,JAPANESE YEN ,57349,58754,-1904,84,-1405,116103,160337
2018-05-08 00:00:00,JAPANESE YEN ,51812,57274,-5537,-1480,-5462,109086,157576
2018-05-15 00:00:00,JAPANESE YEN ,64926,61246,13114,3972,3680,126172,163411
2018-05-22 00:00:00,JAPANESE YEN ,73836,76603,8910,15357,-2767,150439,175316
2018-05-29 00:00:00,JAPANESE YEN ,63182,71218,-10654,-5385,-8036,134400,171339
2018-04-03 00:00:00,JAPANESE YEN ,48053,44481,-8491,-15731,3572,92534,148818
2018-04-10 00:00:00,JAPANESE YEN ,49855,47094,1802,2613,2761,96949,151202
2018-04-17 00:00:00,JAPANESE YEN ,49433,46842,-422,-252,2591,96275,147319
2018-04-24 00:00:00,JAPANESE YEN ,59253,58670,9820,11828,583,117923,155237
2018-03-06 00:00:00,JAPANESE YEN ,50057,136902,5518,-4288,-86845,186959,277327
2018-03-13 00:00:00,JAPANESE YEN ,44296,123835,-5761,-13067,-79539,168131,279671
2018-03-20 00:00:00,JAPANESE YEN ,47902,69901,3606,-53934,-21999,117803,160250
2018-03-27 00:00:00,JAPANESE YEN ,56544,60212,8642,-9689,-3668,116756,162038
2018-02-06 00:00:00,JAPANESE YEN ,39108,151984,-8720,-10540,-112876,191092,249478
2018-02-13 00:00:00,JAPANESE YEN ,42299,157808,3191,5824,-115509,200107,260170
2018-02-20 00:00:00,JAPANESE YEN ,45634,153972,3335,-3836,-108338,199606,271271
2018-02-27 00:00:00,JAPANESE YEN ,44539,141190,-1095,-12782,-96651,185729,263066
2018-01-02 00:00:00,JAPANESE YEN ,39592,161358,-4677,1003,-121766,200950,230564
2018-01-09 00:00:00,JAPANESE YEN ,37376,162912,-2216,1554,-125536,200288,233144
2018-01-16 00:00:00,JAPANESE YEN ,38152,157502,776,-5410,-119350,195654,236305
2018-01-23 00:00:00,JAPANESE YEN ,37260,160130,-892,2628,-122870,197390,241136
2018-01-30 00:00:00,JAPANESE YEN ,47828,162524,10568,2394,-114696,210352,260237
2017-12-05 00:00:00,JAPANESE YEN ,34766,149033,-5027,-1400,-114267,183799,238077
2017-12-12 00:00:00,JAPANESE YEN ,31747,145870,-3019,-3163,-114123,177617,250581
2017-12-19 00:00:00,JAPANESE YEN ,36874,151247,5127,5377,-114373,188121,223424
2017-12-26 00:00:00,JAPANESE YEN ,44269,160355,7395,9108,-116086,204624,232428
2017-11-07 00:00:00,JAPANESE YEN ,54336,182184,-249,8730,-127848,236520,287936
2017-11-14 00:00:00,JAPANESE YEN ,49347,185346,-4989,3162,-135999,234693,283628
2017-11-21 00:00:00,JAPANESE YEN ,44382,166984,-4965,-18362,-122602,211366,261019
2017-11-28 00:00:00,JAPANESE YEN ,39793,150433,-4589,-16551,-110640,190226,244536
2017-10-03 00:00:00,JAPANESE YEN ,58770,143413,15807,29103,-84643,202183,246889
2017-10-10 00:00:00,JAPANESE YEN ,51655,153074,-7115,9661,-101419,204729,254124
2017-10-17 00:00:00,JAPANESE YEN ,55010,156296,3355,3222,-101286,211306,257087
2017-10-24 00:00:00,JAPANESE YEN ,60077,176934,5067,20638,-116857,237011,282230
2017-10-31 00:00:00,JAPANESE YEN ,54585,173454,-5492,-3480,-118869,228039,277706
2017-09-05 00:00:00,JAPANESE YEN ,47285,120230,3396,7817,-72945,167515,213200
2017-09-12 00:00:00,JAPANESE YEN ,40642,97939,-6643,-22291,-57297,138581,200444
2017-09-19 00:00:00,JAPANESE YEN ,42435,93757,1793,-4182,-51322,136192,185352
2017-09-26 00:00:00,JAPANESE YEN ,42963,114310,528,20553,-71347,157273,207097
2017-08-01 00:00:00,JAPANESE YEN ,36445,148641,8427,-866,-112196,185086,242876
2017-08-08 00:00:00,JAPANESE YEN ,39810,135623,3365,-13018,-95813,175433,232827
2017-08-15 00:00:00,JAPANESE YEN ,43308,120800,3498,-14823,-77492,164108,215090
2017-08-22 00:00:00,JAPANESE YEN ,45162,119248,1854,-1552,-74086,164410,215457
2017-08-29 00:00:00,JAPANESE YEN ,43889,112413,-1273,-6835,-68524,156302,209890
2017-07-03 00:00:00,JAPANESE YEN ,43648,118684,5394,19080,-75036,162332,207597
2017-07-11 00:00:00,JAPANESE YEN ,40778,152903,-2870,34219,-112125,193681,239786
2017-07-18 00:00:00,JAPANESE YEN ,37419,164338,-3359,11435,-126919,201757,250071
2017-07-25 00:00:00,JAPANESE YEN ,28018,149507,-9401,-14831,-121489,177525,235140
2017-06-06 00:00:00,JAPANESE YEN ,39736,94763,-3668,-916,-55027,134499,225549
2017-06-13 00:00:00,JAPANESE YEN ,34160,84713,-5576,-10050,-50553,118873,210617
2017-06-20 00:00:00,JAPANESE YEN ,39498,89457,5338,4744,-49959,128955,171840
2017-06-27 00:00:00,JAPANESE YEN ,38254,99604,-1244,10147,-61350,137858,183705
2017-05-02 00:00:00,JAPANESE YEN ,37519,68002,-11019,-7405,-30483,105521,196845
2017-05-09 00:00:00,JAPANESE YEN ,42635,78942,5116,10940,-36307,121577,203140
2017-05-16 00:00:00,JAPANESE YEN ,41963,101971,-672,23029,-60008,143934,222510
2017-05-23 00:00:00,JAPANESE YEN ,41920,93576,-43,-8395,-51656,135496,211298
2017-05-30 00:00:00,JAPANESE YEN ,43404,95679,1484,2103,-52275,139083,213727
2017-04-04 00:00:00,JAPANESE YEN ,41313,87113,-1573,-8954,-45800,128426,194368
2017-04-11 00:00:00,JAPANESE YEN ,43316,78080,2003,-9033,-34764,121396,198381
2017-04-18 00:00:00,JAPANESE YEN ,45761,76224,2445,-1856,-30463,121985,203617
2017-04-25 00:00:00,JAPANESE YEN ,48538,75407,2777,-817,-26869,123945,204179
2017-03-07 00:00:00,JAPANESE YEN ,39203,93903,10191,14874,-54700,133106,217982
2017-03-14 00:00:00,JAPANESE YEN ,35563,106860,-3640,12957,-71297,142423,202647
2017-03-21 00:00:00,JAPANESE YEN ,35039,102026,-524,-4834,-66987,137065,191626
2017-03-28 00:00:00,JAPANESE YEN ,42886,96067,7847,-5959,-53181,138953,197542
2017-02-07 00:00:00,JAPANESE YEN ,25874,80934,-6342,-9613,-55060,106808,201632
2017-02-14 00:00:00,JAPANESE YEN ,27701,78985,1827,-1949,-51284,106686,204277
2017-02-21 00:00:00,JAPANESE YEN ,29954,80116,2253,1131,-50162,110070,205223
2017-02-28 00:00:00,JAPANESE YEN ,29012,79029,-942,-1087,-50017,108041,204602
2017-01-03 00:00:00,JAPANESE YEN ,8565,6420,0,0,2145,14985,220120
2017-01-10 00:00:00,JAPANESE YEN ,26041,105880,-11921,-18846,-79839,131921,209488
2017-01-17 00:00:00,JAPANESE YEN ,28560,106390,2519,510,-77830,134950,211752
2017-01-24 00:00:00,JAPANESE YEN ,27127,93967,-1433,-12423,-66840,121094,196765
2017-01-31 00:00:00,JAPANESE YEN ,32216,90547,5089,-3420,-58331,122763,204494
2016-12-06 00:00:00,JAPANESE YEN ,74367,108304,2243,35911,-33937,182671,235915
2016-12-13 00:00:00,JAPANESE YEN ,62432,125861,-11935,17557,-63429,188293,285274
2016-12-20 00:00:00,JAPANESE YEN ,64200,139649,1768,13788,-75449,203849,220435
2016-12-27 00:00:00,JAPANESE YEN ,40565,127574,-23635,-12075,-87009,168139,219343
2016-11-01 00:00:00,JAPANESE YEN ,81010,37850,-1375,60,43160,118860,165124
2016-11-08 00:00:00,JAPANESE YEN ,72619,40663,-8391,2813,31956,113282,164328
2016-11-15 00:00:00,JAPANESE YEN ,67085,46409,-5534,5746,20676,113494,170967
2016-11-22 00:00:00,JAPANESE YEN ,71183,60283,4098,13874,10900,131466,187684
2016-11-29 00:00:00,JAPANESE YEN ,72124,72393,941,12110,-269,144517,202171
2016-10-04 00:00:00,JAPANESE YEN ,101986,33291,4554,4751,68695,135277,157574
2016-10-11 00:00:00,JAPANESE YEN ,79279,33370,-22707,79,45909,112649,150394
2016-10-18 00:00:00,JAPANESE YEN ,74966,37975,-4313,4605,36991,112941,156607
2016-10-25 00:00:00,JAPANESE YEN ,82385,37790,7419,-185,44595,120175,163040
2016-09-06 00:00:00,JAPANESE YEN ,83968,29479,-7602,1570,54489,113447,159342
2016-09-13 00:00:00,JAPANESE YEN ,86140,29294,2172,-185,56846,115434,167340
2016-09-20 00:00:00,JAPANESE YEN ,85117,26332,-1023,-2962,58785,111449,140738
2016-09-27 00:00:00,JAPANESE YEN ,97432,28540,12315,2208,68892,125972,155170
2016-08-02 00:00:00,JAPANESE YEN ,76575,34875,2501,-4241,41700,111450,156696
2016-08-09 00:00:00,JAPANESE YEN ,86719,37888,10144,3013,48831,124607,167011
2016-08-16 00:00:00,JAPANESE YEN ,88273,32267,1554,-5621,56006,120540,165905
2016-08-23 00:00:00,JAPANESE YEN ,90387,30071,2114,-2196,60316,120458,164756
2016-08-30 00:00:00,JAPANESE YEN ,91570,27909,1183,-2162,63661,119479,164329
2016-07-05 00:00:00,JAPANESE YEN ,87037,23469,1544,-2274,63568,110506,150417
2016-07-12 00:00:00,JAPANESE YEN ,85364,37819,-1673,14350,47545,123183,161262
2016-07-19 00:00:00,JAPANESE YEN ,79864,40511,-5500,2692,39353,120375,158366
2016-07-26 00:00:00,JAPANESE YEN ,74074,39116,-5790,-1395,34958,113190,159869
2016-06-07 00:00:00,JAPANESE YEN ,68237,25384,21273,-6743,42853,93621,180894
2016-06-14 00:00:00,JAPANESE YEN ,77703,22013,9466,-3371,55690,99716,139052
2016-06-21 00:00:00,JAPANESE YEN ,79398,27102,1695,5089,52296,106500,144710
2016-06-28 00:00:00,JAPANESE YEN ,85493,25743,6095,-1359,59750,111236,143117
2016-05-03 00:00:00,JAPANESE YEN ,85627,24106,-11843,-6866,61521,109733,161529
2016-05-10 00:00:00,JAPANESE YEN ,88897,29850,3270,5744,59047,118747,165549
2016-05-17 00:00:00,JAPANESE YEN ,86165,27246,-2732,-2604,58919,113411,158909
2016-05-24 00:00:00,JAPANESE YEN ,54792,32733,-31373,5487,22059,87525,159833
2016-05-31 00:00:00,JAPANESE YEN ,46964,32127,-7828,-606,14837,79091,156499
2016-04-05 00:00:00,JAPANESE YEN ,98130,38057,13260,7574,60073,136187,166831
2016-04-12 00:00:00,JAPANESE YEN ,100120,33930,1990,-4127,66190,134050,173515
2016-04-19 00:00:00,JAPANESE YEN ,105710,33840,5590,-90,71870,139550,179888
2016-04-26 00:00:00,JAPANESE YEN ,97470,30972,-8240,-2868,66498,128442,168767
2016-03-01 00:00:00,JAPANESE YEN ,94070,34445,1694,-5197,59625,128515,261679
2016-03-08 00:00:00,JAPANESE YEN ,93867,29534,-203,-4911,64333,123401,289879
2016-03-15 00:00:00,JAPANESE YEN ,79426,33937,-14441,4403,45489,113363,140084
2016-03-22 00:00:00,JAPANESE YEN ,82812,29466,3386,-4471,53346,112278,146421
2016-03-29 00:00:00,JAPANESE YEN ,84870,30483,2058,1017,54387,115353,148292
2016-02-02 00:00:00,JAPANESE YEN ,82108,44863,-10520,2261,37245,126971,237289
2016-02-09 00:00:00,JAPANESE YEN ,75811,32579,-6297,-12284,43232,108390,237081
2016-02-16 00:00:00,JAPANESE YEN ,84518,36617,8707,4038,47901,121135,248985
2016-02-23 00:00:00,JAPANESE YEN ,92376,39642,7858,3025,52734,132018,257064
2016-01-05 00:00:00,JAPANESE YEN ,67471,63368,22463,1134,4103,130839,220707
2016-01-12 00:00:00,JAPANESE YEN ,78385,53119,10914,-10249,25266,131504,241366
2016-01-19 00:00:00,JAPANESE YEN ,84485,46832,6100,-6287,37653,131317,247614
2016-01-26 00:00:00,JAPANESE YEN ,92628,42602,8143,-4230,50026,135230,250711
2015-12-01 00:00:00,JAPANESE YEN ,31228,106129,951,-1484,-74901,137357,253505
2015-12-08 00:00:00,JAPANESE YEN ,26400,94450,-4828,-11679,-68050,120850,246055
2015-12-15 00:00:00,JAPANESE YEN ,37301,63881,10901,-30569,-26580,101182,194196
2015-12-22 00:00:00,JAPANESE YEN ,37677,68044,376,4163,-30367,105721,197375
2015-12-29 00:00:00,JAPANESE YEN ,45008,62234,7331,-5810,-17226,107242,196825
2015-11-03 00:00:00,JAPANESE YEN ,41489,85276,5052,14928,-43787,126765,204271
2015-11-10 00:00:00,JAPANESE YEN ,35081,101969,-6408,16693,-66888,137050,234202
2015-11-17 00:00:00,JAPANESE YEN ,34475,113086,-606,11117,-78611,147561,250346
2015-11-24 00:00:00,JAPANESE YEN ,30277,107613,-4198,-5473,-77336,137890,247513
2015-10-06 00:00:00,JAPANESE YEN ,39050,56649,-703,-5156,-17599,95699,170780
2015-10-13 00:00:00,JAPANESE YEN ,38004,51836,-1046,-4813,-13832,89840,169873
2015-10-20 00:00:00,JAPANESE YEN ,48747,52386,10743,550,-3639,101133,184281
2015-10-27 00:00:00,JAPANESE YEN ,36437,70348,-12310,17962,-33911,106785,189472
2015-09-01 00:00:00,JAPANESE YEN ,68023,83578,8101,-15403,-15555,151601,273205
2015-09-08 00:00:00,JAPANESE YEN ,63121,69783,-4902,-13795,-6662,132904,279712
2015-09-15 00:00:00,JAPANESE YEN ,36449,63263,-26672,-6520,-26814,99712,166081
2015-09-22 00:00:00,JAPANESE YEN ,48282,71960,11833,8697,-23678,120242,177439
2015-09-29 00:00:00,JAPANESE YEN ,39753,61805,-8529,-10155,-22052,101558,174697
2015-08-04 00:00:00,JAPANESE YEN ,49906,129622,3636,19814,-79716,179528,252655
2015-08-11 00:00:00,JAPANESE YEN ,45768,150994,-4138,21372,-105226,196762,264608
2015-08-18 00:00:00,JAPANESE YEN ,45935,136065,167,-14929,-90130,182000,251418
2015-08-25 00:00:00,JAPANESE YEN ,59922,98981,13987,-37084,-39059,158903,260458
2015-07-07 00:00:00,JAPANESE YEN ,46070,109699,591,-14602,-63629,155769,250828
2015-07-14 00:00:00,JAPANESE YEN ,49167,96538,3097,-13161,-47371,145705,247704
2015-07-21 00:00:00,JAPANESE YEN ,50899,113213,1732,16675,-62314,164112,251136
2015-07-28 00:00:00,JAPANESE YEN ,46270,109808,-4629,-3405,-63538,156078,246269
2015-06-02 00:00:00,JAPANESE YEN ,46681,132374,-3529,19940,-85693,179055,260104
2015-06-09 00:00:00,JAPANESE YEN ,42440,158726,-4241,26352,-116286,201166,306449
2015-06-16 00:00:00,JAPANESE YEN ,64760,145424,22320,-13302,-80664,210184,262329
2015-06-23 00:00:00,JAPANESE YEN ,39019,126736,-25741,-18688,-87717,165755,247839
2015-06-30 00:00:00,JAPANESE YEN ,45479,124301,6460,-2435,-78822,169780,254014
2015-05-05 00:00:00,JAPANESE YEN ,41852,73035,-6869,18821,-31183,114887,198886
2015-05-12 00:00:00,JAPANESE YEN ,37848,61441,-4004,-11594,-23593,99289,193296
2015-05-19 00:00:00,JAPANESE YEN ,63398,85403,25550,23962,-22005,148801,231658
2015-05-26 00:00:00,JAPANESE YEN ,50210,112434,-13188,27031,-62224,162644,251744
2015-04-07 00:00:00,JAPANESE YEN ,53320,77769,8911,9436,-24449,131089,189444
2015-04-14 00:00:00,JAPANESE YEN ,54783,77853,1463,84,-23070,132636,195230
2015-04-21 00:00:00,JAPANESE YEN ,51520,65968,-3263,-11885,-14448,117488,189332
2015-04-28 00:00:00,JAPANESE YEN ,48721,54214,-2799,-11754,-5493,102935,188079
2015-03-03 00:00:00,JAPANESE YEN ,33944,86465,2333,7342,-52521,120409,210611
2015-03-10 00:00:00,JAPANESE YEN ,32898,92285,-1046,5820,-59387,125183,235089
2015-03-17 00:00:00,JAPANESE YEN ,44496,92550,11598,265,-48054,137046,195913
2015-03-24 00:00:00,JAPANESE YEN ,39156,85061,-5340,-7489,-45905,124217,181026
2015-03-31 00:00:00,JAPANESE YEN ,44409,68333,5253,-16728,-23924,112742,177478
2015-02-03 00:00:00,JAPANESE YEN ,25586,85157,-940,-6027,-59571,110743,203963
2015-02-10 00:00:00,JAPANESE YEN ,25884,81008,298,-4149,-55124,106892,204193
2015-02-17 00:00:00,JAPANESE YEN ,31269,80360,5385,-648,-49091,111629,203555
2015-02-24 00:00:00,JAPANESE YEN ,31611,79123,342,-1237,-47512,110734,202438
2015-01-06 00:00:00,JAPANESE YEN ,33160,123243,4324,-1912,-90083,156403,228954
2015-01-13 00:00:00,JAPANESE YEN ,25872,120497,-7288,-2746,-94625,146369,231223
2015-01-20 00:00:00,JAPANESE YEN ,26525,104411,653,-16086,-77886,130936,215413
2015-01-27 00:00:00,JAPANESE YEN ,26526,91184,1,-13227,-64658,117710,202571
2014-12-09 00:00:00,JAPANESE YEN ,38067,142203,-3463,-10487,-104136,180270,279859
2014-12-16 00:00:00,JAPANESE YEN ,45652,132579,7585,-9624,-86927,178231,227685
2014-12-23 00:00:00,JAPANESE YEN ,29021,122763,-16631,-9816,-93742,151784,226107
2014-12-30 00:00:00,JAPANESE YEN ,28836,125155,-185,2392,-96319,153991,226629
2014-11-04 00:00:00,JAPANESE YEN ,37917,109568,14034,18286,-71651,147485,207974
2014-11-11 00:00:00,JAPANESE YEN ,47271,129834,9354,20266,-82563,177105,227576
2014-11-18 00:00:00,JAPANESE YEN ,46612,139066,-659,9232,-92454,185678,238898
2014-10-07 00:00:00,JAPANESE YEN ,24837,137388,-5073,-13400,-112551,162225,223255
2014-10-14 00:00:00,JAPANESE YEN ,22839,123986,-1998,-13402,-101147,146825,212420
2014-10-21 00:00:00,JAPANESE YEN ,26634,98372,3795,-25614,-71738,125006,185412
2014-10-28 00:00:00,JAPANESE YEN ,23883,91282,-2751,-7090,-67399,115165,184120
2014-09-02 00:00:00,JAPANESE YEN ,15485,132793,-4027,10390,-117308,148278,230937
2014-09-09 00:00:00,JAPANESE YEN ,17280,117953,1795,-14840,-100673,135233,255624
2014-09-16 00:00:00,JAPANESE YEN ,37617,120799,20337,2846,-83182,158416,208235
2014-09-23 00:00:00,JAPANESE YEN ,28391,133813,-9226,13014,-105422,162204,222214
2014-09-30 00:00:00,JAPANESE YEN ,29910,150788,1519,16975,-120878,180698,239477
2014-08-05 00:00:00,JAPANESE YEN ,9896,105295,2068,24398,-95399,115191,192906
2014-08-12 00:00:00,JAPANESE YEN ,12518,93615,2622,-11680,-81097,106133,192140
2014-08-19 00:00:00,JAPANESE YEN ,17976,105247,5458,11632,-87271,123223,203180
2014-08-26 00:00:00,JAPANESE YEN ,19512,122403,1536,17156,-102891,141915,218009
2014-07-01 00:00:00,JAPANESE YEN ,18739,77425,8414,-4123,-58686,96164,156480
2014-07-08 00:00:00,JAPANESE YEN ,11174,77549,-7565,124,-66375,88723,157710
2014-07-15 00:00:00,JAPANESE YEN ,8385,71333,-2789,-6216,-62948,79718,155127
2014-07-22 00:00:00,JAPANESE YEN ,11979,65895,3594,-5438,-53916,77874,162029
2014-07-29 00:00:00,JAPANESE YEN ,7828,80897,-4151,15002,-73069,88725,172210
2014-06-03 00:00:00,JAPANESE YEN ,12578,86796,-4421,10761,-74218,99374,171804
2014-06-10 00:00:00,JAPANESE YEN ,11893,94055,-685,7259,-82162,105948,201094
2014-06-17 00:00:00,JAPANESE YEN ,17832,85870,5939,-8185,-68038,103702,153007
2014-06-24 00:00:00,JAPANESE YEN ,10325,81548,-7507,-4322,-71223,91873,148257
2014-05-06 00:00:00,JAPANESE YEN ,20381,81109,6535,-3089,-60728,101490,167093
2014-05-13 00:00:00,JAPANESE YEN ,17471,82178,-2910,1069,-64707,99649,164707
2014-05-20 00:00:00,JAPANESE YEN ,18681,72468,1210,-9710,-53787,91149,164819
2014-05-27 00:00:00,JAPANESE YEN ,16999,76035,-1682,3567,-59036,93034,162820
2014-04-01 00:00:00,JAPANESE YEN ,22162,110800,4562,24313,-88638,132962,188464
2014-04-08 00:00:00,JAPANESE YEN ,13340,100802,-8822,-9998,-87462,114142,181814
2014-04-15 00:00:00,JAPANESE YEN ,14351,83067,1011,-17735,-68716,97418,164843
2014-04-22 00:00:00,JAPANESE YEN ,16564,83807,2213,740,-67243,100371,165674
2014-04-29 00:00:00,JAPANESE YEN ,13846,84198,-2718,391,-70352,98044,168820
2014-03-04 00:00:00,JAPANESE YEN ,20407,100116,5680,299,-79709,120523,205886
2014-03-11 00:00:00,JAPANESE YEN ,15726,115082,-4681,14966,-99356,130808,242170
2014-03-18 00:00:00,JAPANESE YEN ,24144,85243,8418,-29839,-61099,109387,156922
2014-03-25 00:00:00,JAPANESE YEN ,17600,86487,-6544,1244,-68887,104087,158280
2014-02-04 00:00:00,JAPANESE YEN ,15896,92725,-81,-9444,-76829,108621,199361
2014-02-11 00:00:00,JAPANESE YEN ,13686,92472,-2210,-253,-78786,106158,196435
2014-02-18 00:00:00,JAPANESE YEN ,16736,96520,3050,4048,-79784,113256,200057
2014-02-25 00:00:00,JAPANESE YEN ,14727,99817,-2009,3297,-85090,114544,203743
2014-01-07 00:00:00,JAPANESE YEN ,11340,140208,-2934,-9294,-128868,151548,230156
2014-01-14 00:00:00,JAPANESE YEN ,10754,128820,-586,-11388,-118066,139574,218324
2014-01-21 00:00:00,JAPANESE YEN ,13128,128089,2374,-731,-114961,141217,217548
2014-01-28 00:00:00,JAPANESE YEN ,15977,102169,2849,-25920,-86192,118146,203014
2013-12-03 00:00:00,JAPANESE YEN ,21290,154673,-2709,7472,-133383,175963,245167
2013-12-10 00:00:00,JAPANESE YEN ,18085,147796,-3205,-6877,-129711,165881,262229
2013-12-17 00:00:00,JAPANESE YEN ,22225,152448,4140,4652,-130223,174673,232743
2013-12-24 00:00:00,JAPANESE YEN ,14261,158083,-7964,5635,-143822,172344,239160
2013-11-05 00:00:00,JAPANESE YEN ,18734,92526,1251,12648,-73792,111260,169004
2013-11-12 00:00:00,JAPANESE YEN ,20977,116084,2243,23558,-95107,137061,195690
2013-11-19 00:00:00,JAPANESE YEN ,19424,131640,-1553,15556,-112216,151064,214211
2013-11-26 00:00:00,JAPANESE YEN ,23999,147201,4575,15561,-123202,171200,236713
2013-10-01 00:00:00,JAPANESE YEN ,18634,100958,461,-10033,-82324,119592,170525
2013-10-08 00:00:00,JAPANESE YEN ,28165,85262,9531,-15696,-57097,113427,165957
2013-10-15 00:00:00,JAPANESE YEN ,25392,84658,-2773,-604,-59266,110050,159871
2013-10-22 00:00:00,JAPANESE YEN ,13928,85730,-11464,1072,-71802,99658,152938
2013-10-29 00:00:00,JAPANESE YEN ,17483,79878,3555,-5852,-62395,97361,151987
2013-09-03 00:00:00,JAPANESE YEN ,27665,107426,4269,5677,-79761,135091,178360
2013-09-10 00:00:00,JAPANESE YEN ,18854,113920,-8811,6494,-95066,132774,197099
2013-09-17 00:00:00,JAPANESE YEN ,26088,114882,7234,962,-88794,140970,177045
2013-09-24 00:00:00,JAPANESE YEN ,18173,110991,-7915,-3891,-92818,129164,174892
2013-08-06 00:00:00,JAPANESE YEN ,19421,99634,1205,-717,-80213,119055,172059
2013-08-13 00:00:00,JAPANESE YEN ,17375,91837,-2046,-7797,-74462,109212,159496
2013-08-20 00:00:00,JAPANESE YEN ,19720,91441,2345,-396,-71721,111161,162168
2013-08-27 00:00:00,JAPANESE YEN ,23396,101749,3676,10308,-78353,125145,175588
2013-07-02 00:00:00,JAPANESE YEN ,27336,98072,2960,12234,-70736,125408,178926
2013-07-09 00:00:00,JAPANESE YEN ,25117,105422,-2219,7350,-80305,130539,185249
2013-07-16 00:00:00,JAPANESE YEN ,20220,105982,-4897,560,-85762,126202,182429
2013-07-23 00:00:00,JAPANESE YEN ,22513,110009,2293,4027,-87496,132522,187250
2013-07-30 00:00:00,JAPANESE YEN ,18216,100351,-4297,-9658,-82135,118567,174872
2013-06-04 00:00:00,JAPANESE YEN ,19176,101920,770,-16255,-82744,121096,219135
2013-06-11 00:00:00,JAPANESE YEN ,21722,94628,2546,-7292,-72906,116350,243644
2013-06-18 00:00:00,JAPANESE YEN ,23010,84900,1288,-9728,-61890,107910,163921
2013-06-25 00:00:00,JAPANESE YEN ,24376,85838,1366,938,-61462,110214,161160
2013-05-07 00:00:00,JAPANESE YEN ,27886,106446,3014,10447,-78560,134332,209370
2013-05-14 00:00:00,JAPANESE YEN ,28882,117289,996,10843,-88407,146171,229746
2013-05-21 00:00:00,JAPANESE YEN ,19454,114640,-9428,-2649,-95186,134094,227826
2013-05-28 00:00:00,JAPANESE YEN ,18406,118175,-1048,3535,-99769,136581,231012
2013-04-02 00:00:00,JAPANESE YEN ,46966,125137,35,-10943,-78171,172103,213997
2013-04-09 00:00:00,JAPANESE YEN ,39699,117396,-7267,-7741,-77697,157095,220626
2013-04-16 00:00:00,JAPANESE YEN ,26448,119859,-13251,2463,-93411,146307,214577
2013-04-23 00:00:00,JAPANESE YEN ,25942,105672,-506,-14187,-79730,131614,204150
2013-04-30 00:00:00,JAPANESE YEN ,24872,95999,-1070,-9673,-71127,120871,198106
2013-03-05 00:00:00,JAPANESE YEN ,50958,124309,-1040,6967,-73351,175267,241938
2013-03-12 00:00:00,JAPANESE YEN ,51240,145003,282,20694,-93763,196243,288474
2013-03-26 00:00:00,JAPANESE YEN ,46931,136080,-8477,679,-89149,183011,220896
2013-02-05 00:00:00,JAPANESE YEN ,50667,119080,2191,-642,-68413,169747,217709
2013-02-12 00:00:00,JAPANESE YEN ,55782,117088,5115,-1992,-61306,172870,215036
2013-02-19 00:00:00,JAPANESE YEN ,54662,120553,-1120,3465,-65891,175215,218241
2013-02-26 00:00:00,JAPANESE YEN ,51998,117342,-2664,-3211,-65344,169340,216323
2013-01-08 00:00:00,JAPANESE YEN ,32129,106225,1697,-4724,-74096,138354,193295
2013-01-15 00:00:00,JAPANESE YEN ,39447,105174,7318,-1051,-65727,144621,196509
2013-01-22 00:00:00,JAPANESE YEN ,41983,106051,2536,877,-64068,148034,202225
2013-01-29 00:00:00,JAPANESE YEN ,48476,119722,6493,13671,-71246,168198,219635
2012-12-04 00:00:00,JAPANESE YEN ,20929,111255,-6098,4762,-90326,132184,220982
2012-12-11 00:00:00,JAPANESE YEN ,16369,110770,-4560,-485,-94401,127139,267582
2012-12-18 00:00:00,JAPANESE YEN ,27935,117098,11566,6328,-89163,145033,196662
2012-12-24 00:00:00,JAPANESE YEN ,26757,112365,-1178,-4733,-85608,139122,195705
2012-12-31 00:00:00,JAPANESE YEN ,30432,110949,3675,-1416,-80517,141381,194632
2012-11-06 00:00:00,JAPANESE YEN ,24966,65070,5080,8164,-40104,90036,161552
2012-11-13 00:00:00,JAPANESE YEN ,21980,52427,-2986,-12643,-30447,74407,155931
2012-11-20 00:00:00,JAPANESE YEN ,28272,79661,6292,27234,-51389,107933,180979
2012-11-27 00:00:00,JAPANESE YEN ,27027,106493,-1245,26832,-79466,133520,208130
2012-10-02 00:00:00,JAPANESE YEN ,52696,23361,5378,-2846,29335,76057,141693
2012-10-09 00:00:00,JAPANESE YEN ,40778,27864,-11918,4503,12914,68642,127442
2012-10-16 00:00:00,JAPANESE YEN ,42767,32681,1989,4817,10086,75448,131343
2012-10-23 00:00:00,JAPANESE YEN ,25550,43746,-17217,11065,-18196,69296,137135
2012-10-30 00:00:00,JAPANESE YEN ,19886,56906,-5664,13160,-37020,76792,147135
2012-09-04 00:00:00,JAPANESE YEN ,55133,31126,1562,-889,24007,86259,152452
2012-09-11 00:00:00,JAPANESE YEN ,60862,28089,5729,-3037,32773,88951,176618
2012-09-18 00:00:00,JAPANESE YEN ,41500,26024,-19362,-2065,15476,67524,128862
2012-09-25 00:00:00,JAPANESE YEN ,47318,26207,5818,183,21111,73525,137692
2012-08-07 00:00:00,JAPANESE YEN ,55883,28344,510,5225,27539,84227,148998
2012-08-14 00:00:00,JAPANESE YEN ,55983,25279,100,-3065,30704,81262,151036
2012-08-21 00:00:00,JAPANESE YEN ,43584,32413,-12399,7134,11171,75997,141458
2012-08-28 00:00:00,JAPANESE YEN ,53571,32015,9987,-398,21556,85586,149444
2012-07-03 00:00:00,JAPANESE YEN ,36950,32775,-6960,-6593,4175,69725,117403
2012-07-10 00:00:00,JAPANESE YEN ,32920,23968,-4030,-8807,8952,56888,115522
2012-07-17 00:00:00,JAPANESE YEN ,36734,25613,3814,1645,11121,62347,121806
2012-07-24 00:00:00,JAPANESE YEN ,52024,26963,15290,1350,25061,78987,139033
2012-07-31 00:00:00,JAPANESE YEN ,55373,23119,3349,-3844,32254,78492,144095
2012-06-05 00:00:00,JAPANESE YEN ,37376,25303,15756,-7647,12073,62679,169663
2012-06-12 00:00:00,JAPANESE YEN ,38182,25875,806,572,12307,64057,174278
2012-06-19 00:00:00,JAPANESE YEN ,44740,29603,6558,3728,15137,74343,123868
2012-06-26 00:00:00,JAPANESE YEN ,43910,39368,-830,9765,4542,83278,123247
2012-05-01 00:00:00,JAPANESE YEN ,14110,64283,1441,-4289,-50173,78393,140349
2012-05-08 00:00:00,JAPANESE YEN ,16369,57462,2259,-6821,-41093,73831,141842
2012-05-15 00:00:00,JAPANESE YEN ,17455,51770,1086,-5692,-34315,69225,139275
2012-05-22 00:00:00,JAPANESE YEN ,20483,38498,3028,-13272,-18015,58981,142168
2012-05-29 00:00:00,JAPANESE YEN ,21620,32950,1137,-5548,-11330,54570,140684
2012-04-03 00:00:00,JAPANESE YEN ,14563,79671,3658,1144,-65108,94234,150382
2012-04-10 00:00:00,JAPANESE YEN ,16097,82181,1534,2510,-66084,98278,150875
2012-04-17 00:00:00,JAPANESE YEN ,16917,74720,820,-7461,-57803,91637,144168
2012-04-24 00:00:00,JAPANESE YEN ,12669,68572,-4248,-6148,-55903,81241,137636
2012-03-06 00:00:00,JAPANESE YEN ,33281,52639,-18277,-122,-19358,85920,147952
2012-03-13 00:00:00,JAPANESE YEN ,22249,64629,-11032,11990,-42380,86878,196396
2012-03-20 00:00:00,JAPANESE YEN ,34923,60744,12674,-3885,-25821,95667,139769
2012-03-27 00:00:00,JAPANESE YEN ,10905,78527,-24018,17783,-67622,89432,145497
2012-02-07 00:00:00,JAPANESE YEN ,84847,29676,3793,5291,55171,114523,178512
2012-02-14 00:00:00,JAPANESE YEN ,64096,34637,-20751,4961,29459,98733,153683
2012-02-21 00:00:00,JAPANESE YEN ,62062,44805,-2034,10168,17257,106867,150551
2012-02-28 00:00:00,JAPANESE YEN ,51558,52761,-10504,7956,-1203,104319,148310
2012-01-03 00:00:00,JAPANESE YEN ,72986,16505,20295,-13601,56481,89491,158719
2012-01-10 00:00:00,JAPANESE YEN ,76671,17014,3685,509,59657,93685,163533
2012-01-17 00:00:00,JAPANESE YEN ,78355,19493,1684,2479,58862,97848,168070
2012-01-24 00:00:00,JAPANESE YEN ,66194,21827,-12161,2334,44367,88021,152061
2012-01-31 00:00:00,JAPANESE YEN ,81054,24385,14860,2558,56669,105439,172967
2011-12-06 00:00:00,JAPANESE YEN ,56817,18546,655,2931,38271,75363,178625
2011-12-13 00:00:00,JAPANESE YEN ,52249,16649,-4568,-1897,35600,68898,204818
2011-12-20 00:00:00,JAPANESE YEN ,52148,27672,-101,11023,24476,79820,132006
2011-12-27 00:00:00,JAPANESE YEN ,52691,30106,543,2434,22585,82797,132557
2011-11-01 00:00:00,JAPANESE YEN ,43671,17767,-32328,-3953,25904,61438,138045
2011-11-08 00:00:00,JAPANESE YEN ,44320,16243,649,-1524,28077,60563,138981
2011-11-15 00:00:00,JAPANESE YEN ,49916,16236,5596,-7,33680,66152,142233
2011-11-22 00:00:00,JAPANESE YEN ,57018,13838,7102,-2398,43180,70856,149571
2011-11-29 00:00:00,JAPANESE YEN ,56162,15615,-856,1777,40547,71777,166279
2011-10-04 00:00:00,JAPANESE YEN ,60867,17405,-299,-1439,43462,78272,134724
2011-10-11 00:00:00,JAPANESE YEN ,54190,19071,-6677,1666,35119,73261,153849
2011-10-18 00:00:00,JAPANESE YEN ,49047,22140,-5143,3069,26907,71187,152255
2011-10-25 00:00:00,JAPANESE YEN ,75999,21720,26952,-420,54279,97719,165616
2011-09-06 00:00:00,JAPANESE YEN ,48125,15338,-6011,2387,32787,63463,123412
2011-09-13 00:00:00,JAPANESE YEN ,53778,18823,5653,3485,34955,72601,151535
2011-09-20 00:00:00,JAPANESE YEN ,63888,18271,10110,-552,45617,82159,127828
2011-09-27 00:00:00,JAPANESE YEN ,61166,18844,-2722,573,42322,80010,125732
2011-08-02 00:00:00,JAPANESE YEN ,78855,20022,6741,-790,58833,98877,148888
2011-08-09 00:00:00,JAPANESE YEN ,53386,11237,-25469,-8785,42149,64623,119904
2011-08-16 00:00:00,JAPANESE YEN ,59060,11712,5674,475,47348,70772,126262
2011-08-23 00:00:00,JAPANESE YEN ,60831,13692,1771,1980,47139,74523,131217
2011-08-30 00:00:00,JAPANESE YEN ,54136,12951,-6695,-741,41185,67087,126128
2011-07-05 00:00:00,JAPANESE YEN ,34595,20268,276,-428,14327,54863,94901
2011-07-12 00:00:00,JAPANESE YEN ,52277,23989,17682,3721,28288,76266,115846
2011-07-19 00:00:00,JAPANESE YEN ,63535,21380,11258,-2609,42155,84915,129653
2011-07-26 00:00:00,JAPANESE YEN ,72114,20812,8579,-568,51302,92926,138932
2011-06-07 00:00:00,JAPANESE YEN ,35883,18252,11697,-7582,17631,54135,106199
2011-06-14 00:00:00,JAPANESE YEN ,38618,13850,2735,-4402,24768,52468,94483
2011-06-21 00:00:00,JAPANESE YEN ,47074,14480,8456,630,32594,61554,99071
2011-06-28 00:00:00,JAPANESE YEN ,34319,20696,-12755,6216,13623,55015,94286
2011-05-03 00:00:00,JAPANESE YEN ,19779,38598,5716,-12462,-18819,58377,104590
2011-05-10 00:00:00,JAPANESE YEN ,36100,23046,16321,-15552,13054,59146,102289
2011-05-17 00:00:00,JAPANESE YEN ,38016,22643,1916,-403,15373,60659,103453
2011-05-24 00:00:00,JAPANESE YEN ,32188,24182,-5828,1539,8006,56370,99264
2011-05-31 00:00:00,JAPANESE YEN ,24186,25834,-8002,1652,-1648,50020,95929
2011-04-05 00:00:00,JAPANESE YEN ,16516,59747,-21221,29062,-43231,76263,120632
2011-04-12 00:00:00,JAPANESE YEN ,14183,67060,-2333,7313,-52877,81243,130084
2011-04-19 00:00:00,JAPANESE YEN ,12935,65918,-1248,-1142,-52983,78853,127838
2011-04-26 00:00:00,JAPANESE YEN ,14063,51060,1128,-14858,-36997,65123,114134
2011-03-01 00:00:00,JAPANESE YEN ,62396,21122,38939,-30081,41274,83518,136561
2011-03-08 00:00:00,JAPANESE YEN ,43205,26549,-19191,5427,16656,69754,131247
2011-03-15 00:00:00,JAPANESE YEN ,52603,22373,9398,-4176,30230,74976,114701
2011-03-22 00:00:00,JAPANESE YEN ,52484,17959,-119,-4414,34525,70443,112051
2011-03-29 00:00:00,JAPANESE YEN ,37737,30685,-14747,12726,7052,68422,100377
2011-02-01 00:00:00,JAPANESE YEN ,52648,21167,-1847,-1110,31481,73815,116384
2011-02-08 00:00:00,JAPANESE YEN ,56607,19876,3959,-1291,36731,76483,117705
2011-02-15 00:00:00,JAPANESE YEN ,24389,42937,-32218,23061,-18548,67326,116803
2011-02-22 00:00:00,JAPANESE YEN ,23457,51203,-932,8266,-27746,74660,124016
2011-01-04 00:00:00,JAPANESE YEN ,65924,26859,15983,6559,39065,92783,128483
2011-01-11 00:00:00,JAPANESE YEN ,43884,19148,-22040,-7711,24736,63032,107132
2011-01-18 00:00:00,JAPANESE YEN ,46258,25729,2374,6581,20529,71987,110405
2011-01-25 00:00:00,JAPANESE YEN ,54495,22277,8237,-3452,32218,76772,116661
2010-12-07 00:00:00,JAPANESE YEN ,47661,24373,-8130,-1412,23288,72034,132233
2010-12-14 00:00:00,JAPANESE YEN ,34996,22261,-12665,-2112,12735,57257,96110
2010-12-21 00:00:00,JAPANESE YEN ,34243,21714,-753,-547,12529,55957,90072
2010-12-28 00:00:00,JAPANESE YEN ,49941,20300,15698,-1414,29641,70241,109343
2010-11-02 00:00:00,JAPANESE YEN ,63061,16606,1756,-1570,46455,79667,140062
2010-11-09 00:00:00,JAPANESE YEN ,54256,17602,-8805,996,36654,71858,140515
2010-11-16 00:00:00,JAPANESE YEN ,47595,24737,-6661,7135,22858,72332,131701
2010-11-23 00:00:00,JAPANESE YEN ,51161,23969,3566,-768,27192,75130,129620
2010-11-30 00:00:00,JAPANESE YEN ,55791,25785,4630,1816,30006,81576,133069
2010-10-05 00:00:00,JAPANESE YEN ,66866,17660,21730,1190,49206,84526,142488
2010-10-12 00:00:00,JAPANESE YEN ,66463,18178,-403,518,48285,84641,146581
2010-10-19 00:00:00,JAPANESE YEN ,62554,16698,-3909,-1480,45856,79252,139496
2010-10-26 00:00:00,JAPANESE YEN ,61305,18176,-1249,1478,43129,79481,139850
2010-09-07 00:00:00,JAPANESE YEN ,65440,13257,4221,1942,52183,78697,150513
2010-09-14 00:00:00,JAPANESE YEN ,61215,13573,-4225,316,47642,74788,134360
2010-09-21 00:00:00,JAPANESE YEN ,39948,16848,-21267,3275,23100,56796,113349
2010-09-28 00:00:00,JAPANESE YEN ,45136,16470,5188,-378,28666,61606,118274
2010-08-03 00:00:00,JAPANESE YEN ,61723,13725,13235,-4842,47998,75448,133870
2010-08-10 00:00:00,JAPANESE YEN ,65314,12836,3591,-889,52478,78150,136999
2010-08-17 00:00:00,JAPANESE YEN ,62745,12776,-2569,-60,49969,75521,137645
2010-08-24 00:00:00,JAPANESE YEN ,63086,12017,341,-759,51069,75103,140128
2010-08-31 00:00:00,JAPANESE YEN ,61219,11315,-1867,-702,49904,72534,139079
2010-07-06 00:00:00,JAPANESE YEN ,62476,24550,10755,256,37926,87026,135128
2010-07-13 00:00:00,JAPANESE YEN ,63205,15846,729,-8704,47359,79051,133665
2010-07-20 00:00:00,JAPANESE YEN ,54733,13822,-8472,-2024,40911,68555,127658
2010-07-27 00:00:00,JAPANESE YEN ,48488,18567,-6245,4745,29921,67055,124595
2010-06-01 00:00:00,JAPANESE YEN ,33215,39699,1221,-2533,-6484,72914,133365
2010-06-08 00:00:00,JAPANESE YEN ,28519,41066,-4696,1367,-12547,69585,133010
2010-06-15 00:00:00,JAPANESE YEN ,23304,26984,-5215,-14082,-3680,50288,82217
2010-06-22 00:00:00,JAPANESE YEN ,29257,25627,5953,-1357,3630,54884,91415
2010-06-29 00:00:00,JAPANESE YEN ,51721,24294,22464,-1333,27427,76015,120484
2010-05-04 00:00:00,JAPANESE YEN ,12430,78042,-2588,13247,-65612,90472,147243
2010-05-11 00:00:00,JAPANESE YEN ,23265,57934,10835,-20108,-34669,81199,146389
2010-05-18 00:00:00,JAPANESE YEN ,21393,55682,-1872,-2252,-34289,77075,142699
2010-05-25 00:00:00,JAPANESE YEN ,31994,42232,10601,-13450,-10238,74226,140769
2010-04-06 00:00:00,JAPANESE YEN ,18596,60901,1422,12861,-42305,79497,123837
2010-04-13 00:00:00,JAPANESE YEN ,12573,68319,-6023,7418,-55746,80892,131723
2010-04-20 00:00:00,JAPANESE YEN ,14211,64549,1638,-3770,-50338,78760,134324
2010-04-27 00:00:00,JAPANESE YEN ,15018,64795,807,246,-49777,79813,137780
2010-03-02 00:00:00,JAPANESE YEN ,57332,24780,26900,-3935,32552,82112,133600
2010-03-09 00:00:00,JAPANESE YEN ,51919,25631,-5413,851,26288,77550,137443
2010-03-16 00:00:00,JAPANESE YEN ,41278,26081,-10641,450,15197,67359,95999
2010-03-23 00:00:00,JAPANESE YEN ,41030,30869,-248,4788,10161,71899,96913
2010-03-30 00:00:00,JAPANESE YEN ,17174,48040,-23856,17171,-30866,65214,109417
2010-02-02 00:00:00,JAPANESE YEN ,30177,23042,1356,-10126,7135,53219,116129
2010-02-09 00:00:00,JAPANESE YEN ,41352,18956,11175,-4086,22396,60308,120060
2010-02-16 00:00:00,JAPANESE YEN ,35691,21779,-5661,2823,13912,57470,119816
2010-02-23 00:00:00,JAPANESE YEN ,30432,28715,-5259,6936,1717,59147,122919
2010-01-05 00:00:00,JAPANESE YEN ,20634,37445,691,2599,-16811,58079,104231
2010-01-12 00:00:00,JAPANESE YEN ,21951,38695,1317,1250,-16744,60646,120568
2010-01-19 00:00:00,JAPANESE YEN ,23718,40814,1767,2119,-17096,64532,122367
2010-01-26 00:00:00,JAPANESE YEN ,28821,33168,5103,-7646,-4347,61989,119819
2009-12-01 00:00:00,JAPANESE YEN ,73793,16886,8569,3372,56907,90679,144123
2009-12-08 00:00:00,JAPANESE YEN ,48754,13572,-25039,-3314,35182,62326,123501
2009-12-15 00:00:00,JAPANESE YEN ,33810,25438,-14944,11866,8372,59248,88438
2009-12-22 00:00:00,JAPANESE YEN ,29477,30488,-4333,5050,-1011,59965,93224
2009-12-29 00:00:00,JAPANESE YEN ,19943,34846,-9534,4358,-14903,54789,95217
2009-11-03 00:00:00,JAPANESE YEN ,39028,19196,2952,650,19832,58224,110032
2009-11-09 00:00:00,JAPANESE YEN ,42044,20166,3016,970,21878,62210,117344
2009-11-17 00:00:00,JAPANESE YEN ,48750,13198,6706,-6968,35552,61948,125908
2009-11-24 00:00:00,JAPANESE YEN ,65224,13514,16474,316,51710,78738,131833
2009-10-06 00:00:00,JAPANESE YEN ,62127,17484,-1322,-1109,44643,79611,120340
2009-10-13 00:00:00,JAPANESE YEN ,49817,16478,-12310,-1006,33339,66295,119052
2009-10-20 00:00:00,JAPANESE YEN ,49401,18216,-416,1738,31185,67617,120630
2009-10-27 00:00:00,JAPANESE YEN ,36076,18546,-13325,330,17530,54622,115161
2009-09-01 00:00:00,JAPANESE YEN ,52041,19676,17986,-2732,32365,71717,107605
2009-09-08 00:00:00,JAPANESE YEN ,56725,15926,4684,-3750,40799,72651,115249
2009-09-15 00:00:00,JAPANESE YEN ,54044,16937,-2681,1011,37107,70981,108330
2009-09-22 00:00:00,JAPANESE YEN ,63269,17654,9225,717,45615,80923,119425
2009-09-29 00:00:00,JAPANESE YEN ,63449,18593,180,939,44856,82042,119276
2009-08-04 00:00:00,JAPANESE YEN ,28269,17654,-9065,4622,10615,45923,80101
2009-08-11 00:00:00,JAPANESE YEN ,24019,23195,-4250,5541,824,47214,70654
2009-08-18 00:00:00,JAPANESE YEN ,25121,22768,1102,-427,2353,47889,72642
2009-08-25 00:00:00,JAPANESE YEN ,34055,22408,8934,-360,11647,56463,86500
2009-07-07 00:00:00,JAPANESE YEN ,36668,19551,13407,-4757,17117,56219,89956
2009-07-14 00:00:00,JAPANESE YEN ,52640,19073,15972,-478,33567,71713,110140
2009-07-21 00:00:00,JAPANESE YEN ,52973,16785,333,-2288,36188,69758,110610
2009-07-28 00:00:00,JAPANESE YEN ,37334,13032,-15639,-3753,24302,50366,90649
2009-06-02 00:00:00,JAPANESE YEN ,34077,24456,-783,-2395,9621,58533,96969
2009-06-09 00:00:00,JAPANESE YEN ,25222,27521,-8855,3065,-2299,52743,93527
2009-06-16 00:00:00,JAPANESE YEN ,18287,26850,-6935,-671,-8563,45137,62998
2009-06-23 00:00:00,JAPANESE YEN ,22186,26193,3899,-657,-4007,48379,73797
2009-06-30 00:00:00,JAPANESE YEN ,23261,24308,1075,-1885,-1047,47569,73476
2009-05-05 00:00:00,JAPANESE YEN ,21588,28106,-574,1365,-6518,49694,75595
2009-05-12 00:00:00,JAPANESE YEN ,28513,26125,6925,-1981,2388,54638,85709
2009-05-19 00:00:00,JAPANESE YEN ,29526,23526,1013,-2599,6000,53052,90204
2009-05-26 00:00:00,JAPANESE YEN ,34860,26851,5334,3325,8009,61711,96706
2009-04-07 00:00:00,JAPANESE YEN ,25566,32564,-1178,-3643,-6998,58130,84138
2009-04-14 00:00:00,JAPANESE YEN ,21169,27264,-4397,-5300,-6095,48433,82017
2009-04-21 00:00:00,JAPANESE YEN ,18343,32038,-2826,4774,-13695,50381,74215
2009-04-28 00:00:00,JAPANESE YEN ,22162,26741,3819,-5297,-4579,48903,75734
2009-03-03 00:00:00,JAPANESE YEN ,46618,26548,-644,7921,20070,73166,110223
2009-03-10 00:00:00,JAPANESE YEN ,43326,24420,-3292,-2128,18906,67746,114020
2009-03-17 00:00:00,JAPANESE YEN ,27170,31866,-16156,7446,-4696,59036,70507
2009-03-24 00:00:00,JAPANESE YEN ,25057,32719,-2113,853,-7662,57776,69923
2009-03-31 00:00:00,JAPANESE YEN ,26744,36207,1687,3488,-9463,62951,76607
2009-02-03 00:00:00,JAPANESE YEN ,65131,14613,1762,251,50518,79744,117069
2009-02-10 00:00:00,JAPANESE YEN ,56870,13273,-8261,-1340,43597,70143,106751
2009-02-17 00:00:00,JAPANESE YEN ,54653,18465,-2217,5192,36188,73118,108685
2009-02-24 00:00:00,JAPANESE YEN ,47262,18627,-7391,162,28635,65889,108705
2009-01-06 00:00:00,JAPANESE YEN ,62615,16221,4822,2304,46394,78836,110160
2009-01-13 00:00:00,JAPANESE YEN ,60480,15585,-2135,-636,44895,76065,107714
2009-01-20 00:00:00,JAPANESE YEN ,62529,15439,2049,-146,47090,77968,113171
2009-01-27 00:00:00,JAPANESE YEN ,63369,14362,840,-1077,49007,77731,115063
2008-12-02 00:00:00,JAPANESE YEN ,67743,24840,5677,-60,42903,92583,138994
2008-12-09 00:00:00,JAPANESE YEN ,62978,19719,-4765,-5121,43259,82697,166059
2008-12-16 00:00:00,JAPANESE YEN ,59985,18604,-2993,-1115,41381,78589,110472
2008-12-22 00:00:00,JAPANESE YEN ,56334,16236,-3651,-2368,40098,72570,105339
2008-12-30 00:00:00,JAPANESE YEN ,57793,13917,1459,-2319,43876,71710,105926
2008-11-04 00:00:00,JAPANESE YEN ,46772,20278,-4443,889,26494,67050,129500
2008-11-11 00:00:00,JAPANESE YEN ,46353,21842,-419,1564,24511,68195,130102
2008-11-18 00:00:00,JAPANESE YEN ,46827,22693,474,851,24134,69520,129694
2008-11-25 00:00:00,JAPANESE YEN ,62066,24900,15239,2207,37166,86966,131206
2008-10-07 00:00:00,JAPANESE YEN ,61557,21744,-7816,-4607,39813,83301,158003
2008-10-14 00:00:00,JAPANESE YEN ,51709,21805,-9848,61,29904,73514,132983
2008-10-21 00:00:00,JAPANESE YEN ,51441,21320,-268,-485,30121,72761,138768
2008-10-28 00:00:00,JAPANESE YEN ,51215,19389,-226,-1931,31826,70604,143020
2008-09-02 00:00:00,JAPANESE YEN ,38405,43425,-1698,-16648,-5020,81830,205813
2008-09-09 00:00:00,JAPANESE YEN ,39298,24477,893,-18948,14821,63775,206916
2008-09-16 00:00:00,JAPANESE YEN ,50625,24025,11327,-452,26600,74650,132133
2008-09-23 00:00:00,JAPANESE YEN ,51186,19247,561,-4778,31939,70433,141677
2008-09-30 00:00:00,JAPANESE YEN ,69373,26351,18187,7104,43022,95724,159908
2008-08-05 00:00:00,JAPANESE YEN ,45898,57979,6736,12537,-12081,103877,200818
2008-08-12 00:00:00,JAPANESE YEN ,46164,59413,266,1434,-13249,105577,208622
2008-08-19 00:00:00,JAPANESE YEN ,40933,64071,-5231,4658,-23138,105004,212982
2008-08-26 00:00:00,JAPANESE YEN ,40103,60073,-830,-3998,-19970,100176,209138
2008-07-01 00:00:00,JAPANESE YEN ,45189,29184,10873,-17879,16005,74373,175598
2008-07-08 00:00:00,JAPANESE YEN ,40519,35194,-4670,6010,5325,75713,175428
2008-07-15 00:00:00,JAPANESE YEN ,77600,27495,37081,-7699,50105,105095,213992
2008-07-22 00:00:00,JAPANESE YEN ,48433,37909,-29167,10414,10524,86342,187785
2008-07-29 00:00:00,JAPANESE YEN ,39162,45442,-9271,7533,-6280,84604,178959
2008-06-03 00:00:00,JAPANESE YEN ,55009,31644,-7898,2041,23365,86653,164454
2008-06-10 00:00:00,JAPANESE YEN ,43391,35675,-11618,4031,7716,79066,202372
2008-06-17 00:00:00,JAPANESE YEN ,39989,34132,-3402,-1543,5857,74121,161544
2008-06-24 00:00:00,JAPANESE YEN ,34316,47063,-5673,12931,-12747,81379,164015
2008-05-06 00:00:00,JAPANESE YEN ,69355,20620,-4130,2585,48735,89975,169098
2008-05-13 00:00:00,JAPANESE YEN ,62209,28393,-7146,7773,33816,90602,174423
2008-05-20 00:00:00,JAPANESE YEN ,65203,25155,2994,-3238,40048,90358,165388
2008-05-27 00:00:00,JAPANESE YEN ,62907,29603,-2296,4448,33304,92510,171688
2008-04-01 00:00:00,JAPANESE YEN ,78135,25837,-10556,3066,52298,103972,189206
2008-04-08 00:00:00,JAPANESE YEN ,70424,27357,-7711,1520,43067,97781,182491
2008-04-15 00:00:00,JAPANESE YEN ,68950,20978,-1474,-6379,47972,89928,177514
2008-04-22 00:00:00,JAPANESE YEN ,60353,25266,-8597,4288,35087,85619,172737
2008-04-29 00:00:00,JAPANESE YEN ,73485,18035,13132,-7231,55450,91520,166940
2008-03-04 00:00:00,JAPANESE YEN ,94654,38369,24466,2470,56285,133023,254859
2008-03-11 00:00:00,JAPANESE YEN ,86383,36230,-8271,-2139,50153,122613,234069
2008-03-18 00:00:00,JAPANESE YEN ,82300,26541,-4083,-9689,55759,108841,193580
2008-03-25 00:00:00,JAPANESE YEN ,88691,22771,6391,-3770,65920,111462,196616
2008-02-05 00:00:00,JAPANESE YEN ,83740,29050,4930,3168,54690,112790,225290
2008-02-12 00:00:00,JAPANESE YEN ,73955,30484,-9785,1434,43471,104439,231216
2008-02-19 00:00:00,JAPANESE YEN ,80805,30361,6850,-123,50444,111166,237223
2008-02-26 00:00:00,JAPANESE YEN ,70188,35899,-10617,5538,34289,106087,235856
2008-01-08 00:00:00,JAPANESE YEN ,62356,24883,17249,-19304,37473,87239,193786
2008-01-15 00:00:00,JAPANESE YEN ,64712,27513,2356,2630,37199,92225,202548
2008-01-22 00:00:00,JAPANESE YEN ,67896,26054,3184,-1459,41842,93950,193308
2008-01-29 00:00:00,JAPANESE YEN ,78810,25882,10914,-172,52928,104692,206162
2007-12-04 00:00:00,JAPANESE YEN ,73463,39378,5359,2606,34085,112841,195761
2007-12-11 00:00:00,JAPANESE YEN ,68557,37654,-4906,-1724,30903,106211,218614
2007-12-18 00:00:00,JAPANESE YEN ,54075,40718,-14482,3064,13357,94793,176620
2007-12-24 00:00:00,JAPANESE YEN ,46961,42948,-7114,2230,4013,89909,180033
2007-12-31 00:00:00,JAPANESE YEN ,45107,44187,-1854,1239,920,89294,181412
2007-11-06 00:00:00,JAPANESE YEN ,59945,68842,2484,1432,-8897,128787,216041
2007-11-13 00:00:00,JAPANESE YEN ,63338,42542,3393,-26300,20796,105880,190955
2007-11-20 00:00:00,JAPANESE YEN ,68020,37619,4682,-4923,30401,105639,193209
2007-11-27 00:00:00,JAPANESE YEN ,68104,36772,84,-847,31332,104876,192574
2007-10-02 00:00:00,JAPANESE YEN ,35521,63590,-10530,15090,-28069,99111,197060
2007-10-09 00:00:00,JAPANESE YEN ,36321,82078,800,18488,-45757,118399,224347
2007-10-16 00:00:00,JAPANESE YEN ,45607,84220,9286,2142,-38613,129827,228334
2007-10-23 00:00:00,JAPANESE YEN ,46369,67723,762,-16497,-21354,114092,225032
2007-10-30 00:00:00,JAPANESE YEN ,57461,67410,11092,-313,-9949,124871,222002
2007-09-04 00:00:00,JAPANESE YEN ,58339,65392,-7789,9110,-7053,123731,269834
2007-09-11 00:00:00,JAPANESE YEN ,62733,57148,4394,-8244,5585,119881,299538
2007-09-18 00:00:00,JAPANESE YEN ,41534,62601,-21199,5453,-21067,104135,168189
2007-09-25 00:00:00,JAPANESE YEN ,46051,48500,4517,-14101,-2449,94551,171770
2007-08-07 00:00:00,JAPANESE YEN ,47110,81603,510,-16159,-34493,128713,263905
2007-08-14 00:00:00,JAPANESE YEN ,57759,79648,10649,-1955,-21889,137407,278398
2007-08-21 00:00:00,JAPANESE YEN ,61218,59702,3459,-19946,1516,120920,273008
2007-08-28 00:00:00,JAPANESE YEN ,66128,56282,4910,-3420,9846,122410,276995
2007-07-03 00:00:00,JAPANESE YEN ,43373,198511,-6038,-38977,-155138,241884,326811
2007-07-10 00:00:00,JAPANESE YEN ,51549,177439,8176,-21072,-125890,228988,320333
2007-07-17 00:00:00,JAPANESE YEN ,50431,177204,-1118,-235,-126773,227635,303595
2007-07-24 00:00:00,JAPANESE YEN ,51088,143503,657,-33701,-92415,194591,284669
2007-07-31 00:00:00,JAPANESE YEN ,46600,97762,-4488,-45741,-51162,144362,264271
2007-06-05 00:00:00,JAPANESE YEN ,53781,177787,2480,-19757,-124006,231568,311288
2007-06-12 00:00:00,JAPANESE YEN ,48791,176353,-4990,-1434,-127562,225144,380532
2007-06-19 00:00:00,JAPANESE YEN ,45218,206579,-3573,30226,-161361,251797,310083
2007-06-26 00:00:00,JAPANESE YEN ,49411,237488,4193,30909,-188077,286899,352299
2007-05-01 00:00:00,JAPANESE YEN ,47618,166400,9718,46728,-118782,214018,279868
2007-05-08 00:00:00,JAPANESE YEN ,51213,163472,3595,-2928,-112259,214685,284780
2007-05-15 00:00:00,JAPANESE YEN ,46650,174546,-4563,11074,-127896,221196,297263
2007-05-22 00:00:00,JAPANESE YEN ,52301,204047,5651,29501,-151746,256348,326431
2007-05-29 00:00:00,JAPANESE YEN ,51301,197544,-1000,-6503,-146243,248845,319048
2007-04-03 00:00:00,JAPANESE YEN ,36845,100703,-920,15458,-63858,137548,221748
2007-04-10 00:00:00,JAPANESE YEN ,42718,107559,5873,6856,-64841,150277,230370
2007-04-17 00:00:00,JAPANESE YEN ,43281,113800,563,6241,-70519,157081,234796
2007-04-24 00:00:00,JAPANESE YEN ,37900,119672,-5381,5872,-81772,157572,235531
2007-03-06 00:00:00,JAPANESE YEN ,30479,93365,-8904,-60644,-62886,123844,278491
2007-03-13 00:00:00,JAPANESE YEN ,38194,91047,7715,-2318,-52853,129241,281602
2007-03-20 00:00:00,JAPANESE YEN ,34269,84222,-3925,-6825,-49953,118491,176550
2007-03-27 00:00:00,JAPANESE YEN ,37765,85245,3496,1023,-47480,123010,204073
2007-02-06 00:00:00,JAPANESE YEN ,41025,169551,-1554,-46033,-128526,210576,314920
2007-02-13 00:00:00,JAPANESE YEN ,43467,210972,2442,41421,-167505,254439,361809
2007-02-20 00:00:00,JAPANESE YEN ,42286,158481,-1181,-52491,-116195,200767,332216
2007-02-27 00:00:00,JAPANESE YEN ,39383,154009,-2903,-4472,-114626,193392,328295
2007-01-03 00:00:00,JAPANESE YEN ,54819,173411,-810,12868,-118592,228230,280541
2007-01-09 00:00:00,JAPANESE YEN ,54341,177684,-478,4273,-123343,232025,287999
2007-01-16 00:00:00,JAPANESE YEN ,56031,194177,1690,16493,-138146,250208,308740
2007-01-23 00:00:00,JAPANESE YEN ,52200,217060,-3831,22883,-164860,269260,344998
2007-01-30 00:00:00,JAPANESE YEN ,42579,215584,-9621,-1476,-173005,258163,344070
2006-12-05 00:00:00,JAPANESE YEN ,62344,85881,6311,-12110,-23537,148225,268136
2006-12-12 00:00:00,JAPANESE YEN ,50622,106182,-11722,20301,-55560,156804,276919
2006-12-19 00:00:00,JAPANESE YEN ,48950,141469,-1672,35287,-92519,190419,239042
2006-12-26 00:00:00,JAPANESE YEN ,55629,160543,6679,19074,-104914,216172,262764
2006-11-07 00:00:00,JAPANESE YEN ,48102,111614,1326,5238,-63512,159716,229063
2006-11-14 00:00:00,JAPANESE YEN ,48106,103118,4,-8496,-55012,151224,233573
2006-11-21 00:00:00,JAPANESE YEN ,50648,131069,2542,27951,-80421,181717,258327
2006-11-28 00:00:00,JAPANESE YEN ,56033,97991,5385,-33078,-41958,154024,252107
2006-10-03 00:00:00,JAPANESE YEN ,47430,151581,4912,21705,-104151,199011,243819
2006-10-10 00:00:00,JAPANESE YEN ,50595,174193,3165,22612,-123598,224788,267803
2006-10-17 00:00:00,JAPANESE YEN ,53173,165751,2578,-8442,-112578,218924,261575
2006-10-24 00:00:00,JAPANESE YEN ,50401,187691,-2772,21940,-137290,238092,282998
2006-10-31 00:00:00,JAPANESE YEN ,46776,106376,-3625,-81315,-59600,153152,226607
2006-09-05 00:00:00,JAPANESE YEN ,32941,102439,-979,-19810,-69498,135380,228792
2006-09-12 00:00:00,JAPANESE YEN ,34942,134394,2001,31955,-99452,169336,275585
2006-09-19 00:00:00,JAPANESE YEN ,34955,125759,13,-8635,-90804,160714,225098
2006-09-26 00:00:00,JAPANESE YEN ,42518,129876,7563,4117,-87358,172394,221240
2006-08-01 00:00:00,JAPANESE YEN ,25391,68375,-908,-34810,-42984,93766,195626
2006-08-08 00:00:00,JAPANESE YEN ,25031,76822,-360,8447,-51791,101853,198570
2006-08-15 00:00:00,JAPANESE YEN ,29646,91920,4615,15098,-62274,121566,216492
2006-08-22 00:00:00,JAPANESE YEN ,30853,105930,1207,14010,-75077,136783,227195
2006-08-29 00:00:00,JAPANESE YEN ,33920,122249,3067,16319,-88329,156169,244441
2006-07-03 00:00:00,JAPANESE YEN ,25330,49239,140,-11523,-23909,74569,168688
2006-07-11 00:00:00,JAPANESE YEN ,27639,48343,2309,-896,-20704,75982,173470
2006-07-18 00:00:00,JAPANESE YEN ,27724,96773,85,48430,-69049,124497,203567
2006-07-25 00:00:00,JAPANESE YEN ,26299,103185,-1425,6412,-76886,129484,208508
2006-06-06 00:00:00,JAPANESE YEN ,47148,26145,-8871,-4133,21003,73293,201843
2006-06-13 00:00:00,JAPANESE YEN ,39360,48957,-7788,22812,-9597,88317,243513
2006-06-20 00:00:00,JAPANESE YEN ,23877,46884,-15483,-2073,-23007,70761,161290
2006-06-27 00:00:00,JAPANESE YEN ,25190,60762,1313,13878,-35572,85952,174066
2006-05-02 00:00:00,JAPANESE YEN ,44389,41700,3392,-5787,2689,86089,206400
2006-05-09 00:00:00,JAPANESE YEN ,46769,27925,2380,-13775,18844,74694,210545
2006-05-16 00:00:00,JAPANESE YEN ,47053,27932,284,7,19121,74985,212386
2006-05-23 00:00:00,JAPANESE YEN ,49669,31340,2616,3408,18329,81009,211949
2006-05-30 00:00:00,JAPANESE YEN ,56019,30278,6350,-1062,25741,86297,208512
2006-04-04 00:00:00,JAPANESE YEN ,30603,63319,3374,5678,-32716,93922,189732
2006-04-11 00:00:00,JAPANESE YEN ,36213,90684,5610,27365,-54471,126897,205630
2006-04-18 00:00:00,JAPANESE YEN ,38749,79890,2536,-10794,-41141,118639,202039
2006-04-25 00:00:00,JAPANESE YEN ,40997,47487,2248,-32403,-6490,88484,201415
2006-03-07 00:00:00,JAPANESE YEN ,36738,78569,-4849,14161,-41831,115307,248612
2006-03-14 00:00:00,JAPANESE YEN ,24814,70103,-11924,-8466,-45289,94917,189513
2006-03-21 00:00:00,JAPANESE YEN ,23115,52471,-1699,-17632,-29356,75586,175962
2006-03-28 00:00:00,JAPANESE YEN ,27229,57641,4114,5170,-30412,84870,180101
2006-02-07 00:00:00,JAPANESE YEN ,31219,87566,-1068,13534,-56347,118785,197898
2006-02-14 00:00:00,JAPANESE YEN ,27560,82617,-3659,-4949,-55057,110177,195644
2006-02-21 00:00:00,JAPANESE YEN ,26959,98143,-601,15526,-71184,125102,203465
2006-02-28 00:00:00,JAPANESE YEN ,41587,64408,14628,-33735,-22821,105995,201773
2006-01-03 00:00:00,JAPANESE YEN ,22192,46929,5194,7802,-24737,69121,155722
2006-01-10 00:00:00,JAPANESE YEN ,30472,50001,8280,3072,-19529,80473,169886
2006-01-17 00:00:00,JAPANESE YEN ,30062,48321,-410,-1680,-18259,78383,167681
2006-01-24 00:00:00,JAPANESE YEN ,29698,48976,-364,655,-19278,78674,166600
2006-01-31 00:00:00,JAPANESE YEN ,32287,74032,2589,25056,-41745,106319,188724
2005-12-06 00:00:00,JAPANESE YEN ,26712,98355,4086,11729,-71643,125067,220313
2005-12-13 00:00:00,JAPANESE YEN ,22221,94284,-4491,-4071,-72063,116505,243599
2005-12-20 00:00:00,JAPANESE YEN ,12322,38427,-9899,-55857,-26105,50749,139503
2005-12-27 00:00:00,JAPANESE YEN ,16998,39127,4676,700,-22129,56125,148945
2005-11-01 00:00:00,JAPANESE YEN ,19862,86164,-236,-616,-66302,106026,195803
2005-11-08 00:00:00,JAPANESE YEN ,19428,84056,-434,-2108,-64628,103484,197715
2005-11-15 00:00:00,JAPANESE YEN ,21147,88378,1719,4322,-67231,109525,203137
2005-11-22 00:00:00,JAPANESE YEN ,21037,86921,-110,-1457,-65884,107958,204816
2005-11-29 00:00:00,JAPANESE YEN ,22626,86626,1589,-295,-64000,109252,206878
2005-10-04 00:00:00,JAPANESE YEN ,16352,79651,2883,7116,-63299,96003,167979
2005-10-11 00:00:00,JAPANESE YEN ,18745,84780,2393,5129,-66035,103525,176161
2005-10-18 00:00:00,JAPANESE YEN ,20214,86855,1469,2075,-66641,107069,199678
2005-10-25 00:00:00,JAPANESE YEN ,20098,86780,-116,-75,-66682,106878,195218
2005-09-06 00:00:00,JAPANESE YEN ,8017,42389,76,-13217,-34372,50406,175986
2005-09-13 00:00:00,JAPANESE YEN ,10280,45214,2263,2825,-34934,55494,189247
2005-09-20 00:00:00,JAPANESE YEN ,11954,59583,1674,14369,-47629,71537,127850
2005-09-27 00:00:00,JAPANESE YEN ,13469,72535,1515,12952,-59066,86004,138571
2005-08-02 00:00:00,JAPANESE YEN ,9337,52488,1305,-3312,-43151,61825,165281
2005-08-09 00:00:00,JAPANESE YEN ,12768,61428,3431,8940,-48660,74196,177994
2005-08-16 00:00:00,JAPANESE YEN ,12423,38808,-345,-22620,-26385,51231,166923
2005-08-23 00:00:00,JAPANESE YEN ,9358,40724,-3065,1916,-31366,50082,166538
2005-07-05 00:00:00,JAPANESE YEN ,11579,63765,735,1076,-52186,75344,156517
2005-07-12 00:00:00,JAPANESE YEN ,10830,73906,-749,10141,-63076,84736,162959
2005-07-19 00:00:00,JAPANESE YEN ,9165,68221,-1665,-5685,-59056,77386,168697
2005-07-26 00:00:00,JAPANESE YEN ,8032,55800,-1133,-12421,-47768,63832,161014
2005-06-07 00:00:00,JAPANESE YEN ,5295,42406,-1172,-12496,-37111,47701,185988
2005-06-14 00:00:00,JAPANESE YEN ,8991,61022,3696,18616,-52031,70013,144048
2005-06-21 00:00:00,JAPANESE YEN ,11128,49102,2137,-11920,-37974,60230,139726
2005-06-28 00:00:00,JAPANESE YEN ,10844,62689,-284,13587,-51845,73533,147872
2005-05-03 00:00:00,JAPANESE YEN ,21832,35963,10617,-7754,-14131,57795,160185
2005-05-10 00:00:00,JAPANESE YEN ,20771,30334,-1061,-5629,-9563,51105,160836
2005-05-17 00:00:00,JAPANESE YEN ,11663,59546,-9108,29212,-47883,71209,189032
2005-05-24 00:00:00,JAPANESE YEN ,10629,49460,-1034,-10086,-38831,60089,184022
2005-05-31 00:00:00,JAPANESE YEN ,6467,54902,-4162,5442,-48435,61369,183593
2005-04-05 00:00:00,JAPANESE YEN ,9686,46128,-1347,4906,-36442,55814,127406
2005-04-12 00:00:00,JAPANESE YEN ,11954,56150,2268,10022,-44196,68104,133228
2005-04-19 00:00:00,JAPANESE YEN ,6927,61624,-5027,5474,-54697,68551,143178
2005-04-26 00:00:00,JAPANESE YEN ,11215,43717,4288,-17907,-32502,54932,138788
2005-03-01 00:00:00,JAPANESE YEN ,13422,20545,-656,-19468,-7123,33967,153631
2005-03-08 00:00:00,JAPANESE YEN ,13350,23136,-72,2591,-9786,36486,171109
2005-03-15 00:00:00,JAPANESE YEN ,13944,19290,594,-3846,-5346,33234,107434
2005-03-22 00:00:00,JAPANESE YEN ,15675,27578,1731,8288,-11903,43253,108865
2005-03-29 00:00:00,JAPANESE YEN ,11033,41222,-4642,13644,-30189,52255,114268
2005-02-01 00:00:00,JAPANESE YEN ,31214,30815,-2394,-1869,399,62029,167125
2005-02-08 00:00:00,JAPANESE YEN ,19798,34088,-11416,3273,-14290,53886,155552
2005-02-15 00:00:00,JAPANESE YEN ,13017,36710,-6781,2622,-23693,49727,151987
2005-02-22 00:00:00,JAPANESE YEN ,14078,40013,1061,3303,-25935,54091,154084
2005-01-04 00:00:00,JAPANESE YEN ,33972,11252,-5268,-235,22720,45224,155870
2005-01-11 00:00:00,JAPANESE YEN ,35208,11463,1236,211,23745,46671,161868
2005-01-18 00:00:00,JAPANESE YEN ,39872,31993,4664,20530,7879,71865,171109
2005-01-25 00:00:00,JAPANESE YEN ,33608,32684,-6264,691,924,66292,162182
2021-07-13,JAPANESE YEN ,40440,96690,8815,-4071,-56250,137130,203727
2021-07-06,JAPANESE YEN ,31625,100761,4245,3486,-69136,132386,205341
2021-06-01,JAPANESE YEN ,29462,76577,5299,2258,-47115,106039,162091
2021-06-08,JAPANESE YEN ,27248,64562,-2214,-12015,-37314,91810,161592
2021-06-15,JAPANESE YEN ,22974,69824,-4274,5262,-46850,92798,155359
2021-06-22,JAPANESE YEN ,34118,87980,11144,18156,-53862,122098,190545
2021-06-29,JAPANESE YEN ,27380,97275,-6738,9295,-69895,124655,195698
2021-05-04,JAPANESE YEN ,31208,72700,1535,-5482,-41492,103908,152676
2021-05-11,JAPANESE YEN ,30491,72219,-717,-481,-41728,102710,152404
2021-05-18,JAPANESE YEN ,24965,75913,-5526,3694,-50948,100878,154727
2021-05-25,JAPANESE YEN ,24163,74319,-802,-1594,-50156,98482,153196
2021-04-06,JAPANESE YEN ,26794,84783,2070,578,-57989,111577,164310
2021-04-13,JAPANESE YEN ,27682,85994,888,1211,-58312,113676,165431
2021-04-20,JAPANESE YEN ,26617,86436,-1065,442,-59819,113053,162649
2021-04-27,JAPANESE YEN ,29673,78182,3056,-8254,-48509,107855,154894
2021-03-02,JAPANESE YEN ,61259,41989,-5411,3941,19270,103248,189270
2021-03-09,JAPANESE YEN ,64027,57513,2768,15524,6514,121540,211347
2021-03-16,JAPANESE YEN ,26003,65371,-38024,7858,-39368,91374,145951
2021-03-23,JAPANESE YEN ,27524,81049,1521,15678,-53525,108573,160581
2021-03-30,JAPANESE YEN ,24724,84205,-2800,3156,-59481,108929,166091
2021-02-02,JAPANESE YEN ,69602,24973,6139,6502,44629,94575,190948
2021-02-09,JAPANESE YEN ,60719,26101,-8883,1128,34618,86820,183901
2021-02-16,JAPANESE YEN ,66732,29550,6013,3449,37182,96282,188119
2021-02-23,JAPANESE YEN ,66670,38048,-62,8498,28622,104718,183247
2021-01-05,JAPANESE YEN ,69163,18973,5586,2746,50190,88136,206963
2021-01-12,JAPANESE YEN ,63857,13337,-5306,-5636,50520,77194,190811
2021-01-19,JAPANESE YEN ,64143,14129,286,792,50014,78272,191540
2021-01-26,JAPANESE YEN ,63463,18471,-680,4342,44992,81934,193822
2020-12-01,JAPANESE YEN ,62449,14946,7977,716,47503,77395,185873
2020-12-08,JAPANESE YEN ,63585,15419,1136,473,48166,79004,193326
2020-12-15,JAPANESE YEN ,65376,21413,1791,5994,43963,86789,193317
2020-12-21,JAPANESE YEN ,66970,20877,1594,-536,46093,87847,196845
2020-12-29,JAPANESE YEN ,63577,16227,-3393,-4650,47350,79804,194454
2020-11-03,JAPANESE YEN ,51012,22914,4881,-5324,28098,73926,184751
2020-11-10,JAPANESE YEN ,55644,13750,4632,-9164,41894,69394,183518
2020-11-17,JAPANESE YEN ,40313,10646,-15331,-3104,29667,50959,165073
2020-11-24,JAPANESE YEN ,54472,14230,14159,3584,40242,68702,179503
2020-10-06,JAPANESE YEN ,45779,24677,-1756,1931,21102,70456,163024
2020-10-13,JAPANESE YEN ,47245,27269,1466,2592,19976,74514,165616
2020-10-20,JAPANESE YEN ,46524,32341,-721,5072,14183,78865,166091
2020-10-27,JAPANESE YEN ,46131,28238,-393,-4103,17893,74369,177622
2020-09-01,JAPANESE YEN ,46654,17050,1676,-4312,29604,63704,145922
2020-09-08,JAPANESE YEN ,44850,23108,-1804,6058,21742,67958,151546
2020-09-15,JAPANESE YEN ,50360,27471,5510,4363,22889,77831,148912
2020-09-22,JAPANESE YEN ,59033,29452,8673,1981,29581,88485,169251
2020-09-29,JAPANESE YEN ,47535,22746,-11498,-6706,24789,70281,158298
2020-08-04,JAPANESE YEN ,52073,20644,-10851,-13773,31429,72717,157968
2020-08-11,JAPANESE YEN ,48158,21142,-3915,498,27016,69300,150149
2020-08-18,JAPANESE YEN ,41717,21133,-6441,-9,20584,62850,147076
2020-08-25,JAPANESE YEN ,44978,21362,3261,229,23616,66340,147553
2020-07-07,JAPANESE YEN ,44043,27231,1288,8337,16812,71274,138313
2020-07-14,JAPANESE YEN ,45111,26785,1068,-446,18326,71896,135263
2020-07-21,JAPANESE YEN ,50854,31547,5743,4762,19307,82401,142686
2020-07-28,JAPANESE YEN ,62924,34417,12070,2870,28507,97341,170269
2020-06-02,JAPANESE YEN ,61958,29379,4085,6113,32579,91337,158743
2020-06-09,JAPANESE YEN ,48862,31400,-13096,2021,17462,80262,155159
2020-06-16,JAPANESE YEN ,43126,21016,-5736,-10384,22110,64142,127287
2020-06-23,JAPANESE YEN ,50490,23032,7364,2016,27458,73522,144549
2020-06-30,JAPANESE YEN ,42755,18894,-7735,-4138,23861,61649,137362
2020-05-05,JAPANESE YEN ,56634,29420,-3328,1784,27214,86054,152042
2020-05-12,JAPANESE YEN ,56307,28370,-327,-1050,27937,84677,153370
2020-05-19,JAPANESE YEN ,52038,24568,-4269,-3802,27470,76606,147975
2020-05-26,JAPANESE YEN ,57873,23266,5835,-1302,34607,81139,156827
2020-04-07,JAPANESE YEN ,49249,26839,805,-3323,22410,76088,118595
2020-04-14,JAPANESE YEN ,49863,27220,614,381,22643,77083,122929
2020-04-21,JAPANESE YEN ,53730,27704,3867,484,26026,81434,128272
2020-04-28,JAPANESE YEN ,59962,27636,6232,-68,32326,87598,143835
2020-03-03,JAPANESE YEN ,50598,92922,-3257,-17322,-42324,143520,198404
2020-03-10,JAPANESE YEN ,61732,53575,11134,-39347,8157,115307,159128
2020-03-17,JAPANESE YEN ,57286,24351,-4446,-29224,32935,81637,125769
2020-03-24,JAPANESE YEN ,56528,32665,-758,8314,23863,89193,125594
2020-03-31,JAPANESE YEN ,48444,30162,-8084,-2503,18282,78606,120270
2020-02-04,JAPANESE YEN ,57672,79570,11996,-2131,-21898,137242,190079
2020-02-11,JAPANESE YEN ,54805,80993,-2867,1423,-26188,135798,193822
2020-02-18,JAPANESE YEN ,58605,85826,3800,4833,-27221,144431,203631
2020-02-25,JAPANESE YEN ,53855,110244,-4750,24418,-56389,164099,223904
2020-01-07,JAPANESE YEN ,47846,60094,4178,-8876,-12248,107940,162094
2020-01-14,JAPANESE YEN ,49720,81150,1874,21056,-31430,130870,183863
2020-01-21,JAPANESE YEN ,50596,95297,876,14147,-44701,145893,203579
2020-01-28,JAPANESE YEN ,45676,81701,-4920,-13596,-36025,127377,184919
2019-12-03,JAPANESE YEN ,48312,96135,-966,7266,-47823,144447,214223
2019-12-10,JAPANESE YEN ,41843,85525,-6469,-10610,-43682,127368,198700
2019-12-17,JAPANESE YEN ,43418,85480,1575,-45,-42062,128898,178529
2019-12-31,JAPANESE YEN ,43668,68970,3076,-5164,-25302,112638,174966
2019-11-05,JAPANESE YEN ,43996,70601,4811,11718,-26605,114597,177106
2019-11-12,JAPANESE YEN ,43964,78961,-32,8360,-34997,122925,183480
2019-11-19,JAPANESE YEN ,45423,80454,1459,1493,-35031,125877,182445
2019-11-26,JAPANESE YEN ,49278,88869,3855,8415,-39591,138147,196894
2019-10-01,JAPANESE YEN ,57893,43976,12134,11000,13917,101869,151860
2019-10-08,JAPANESE YEN ,52803,41791,-5090,-2185,11012,94594,150019
2019-10-15,JAPANESE YEN ,46416,53057,-6387,11266,-6641,99473,157707
2019-10-22,JAPANESE YEN ,41556,59721,-4860,6664,-18165,101277,159250
2019-10-29,JAPANESE YEN ,39185,58883,-2371,-838,-19698,98068,163486
2019-09-03,JAPANESE YEN ,57222,29540,-2573,3352,27682,86762,157788
2019-09-10,JAPANESE YEN ,56579,23988,-643,-5552,32591,80567,151397
2019-09-17,JAPANESE YEN ,50842,26980,-5737,2992,23862,77822,130940
2019-09-24,JAPANESE YEN ,45759,32976,-5083,5996,12783,78735,142026
2019-08-06,JAPANESE YEN ,46225,35664,9197,-5582,10561,81889,153338
2019-08-13,JAPANESE YEN ,51764,27022,5539,-8642,24742,78786,160271
2019-08-20,JAPANESE YEN ,49984,18830,-1780,-8192,31154,68814,154662
2019-08-27,JAPANESE YEN ,59795,26188,9811,7358,33607,85983,157862
2019-07-02,JAPANESE YEN ,34198,35425,3108,-5812,-1227,69623,139355
2019-07-09,JAPANESE YEN ,35346,38997,1148,3572,-3651,74343,135737
2019-07-16,JAPANESE YEN ,32905,44285,-2441,5288,-11380,77190,130304
2019-07-23,JAPANESE YEN ,34642,44019,1737,-266,-9377,78661,136245
2019-07-30,JAPANESE YEN ,37028,41246,2386,-2773,-4218,78274,138842
2019-06-04,JAPANESE YEN ,27437,71826,1634,-9554,-44389,99263,167810
2019-06-11,JAPANESE YEN ,20786,65951,-6651,-5875,-45165,86737,169387
2019-06-25,JAPANESE YEN ,31090,41237,2921,-3497,-10147,72327,139439
2019-05-07,JAPANESE YEN ,25869,117586,5291,-2591,-91717,143455,201462
2019-05-14,JAPANESE YEN ,35915,97495,10046,-20091,-61580,133410,180573
2019-05-21,JAPANESE YEN ,27540,82732,-8375,-14763,-55192,110272,170834
2019-05-28,JAPANESE YEN ,25803,81380,-1737,-1352,-55577,107183,169790
2019-04-02,JAPANESE YEN ,20462,83203,2139,2759,-62741,103665,156838
2019-04-09,JAPANESE YEN ,19914,91434,-548,8231,-71520,111348,165736
2019-04-16,JAPANESE YEN ,31807,118913,11893,27479,-87106,150720,200018
2019-04-23,JAPANESE YEN ,28121,122535,-3686,3622,-94414,150656,207316
2019-04-30,JAPANESE YEN ,20578,120177,-7543,-2358,-99599,140755,203323
2019-03-05,JAPANESE YEN ,33421,84727,6056,17708,-51306,118148,207083
2019-03-12,JAPANESE YEN ,22144,80925,-11277,-3802,-58781,103069,196766
2019-03-19,JAPANESE YEN ,20081,79302,-2063,-1623,-59221,99383,158074
2019-03-26,JAPANESE YEN ,18323,80444,-1758,1142,-62121,98767,157145
2019-02-05,JAPANESE YEN ,20752,52162,-6249,-8184,-31410,72914,192789
2019-02-12,JAPANESE YEN ,24541,55283,3789,3121,-30742,79824,185725
2019-02-19,JAPANESE YEN ,24844,62305,303,7022,-37461,87149,184023
2019-02-26,JAPANESE YEN ,27365,67019,2521,4714,-39654,94384,186158
2019-01-08,JAPANESE YEN ,42727,104041,10015,-17294,-61314,146768,230524
2019-01-15,JAPANESE YEN ,38686,85107,-4041,-18934,-46421,123793,229295
2019-01-22,JAPANESE YEN ,28403,68070,-10283,-17037,-39667,96473,212563
2019-01-29,JAPANESE YEN ,27001,60346,-1402,-7724,-33345,87347,204816
2018-12-04,JAPANESE YEN ,32717,142483,-3100,2342,-109766,175200,226835
2018-12-11,JAPANESE YEN ,25495,123101,-7222,-19382,-97606,148596,213055
2018-12-18,JAPANESE YEN ,26957,129728,1462,6627,-102771,156685,214868
2018-12-24,JAPANESE YEN ,33281,132370,6324,2642,-99089,165651,224458
2018-12-31,JAPANESE YEN ,32712,121335,-569,-11035,-88623,154047,216224
2018-11-06,JAPANESE YEN ,33060,122182,4206,1708,-89122,155242,209453
2018-11-13,JAPANESE YEN ,40192,142486,7132,20304,-102294,182678,231730
2018-11-27,JAPANESE YEN ,35817,140141,2355,6614,-104324,175958,231711
2018-10-02,JAPANESE YEN ,56074,170120,8821,38148,-114046,226194,252277
2018-10-09,JAPANESE YEN ,47034,162235,-9040,-7885,-115201,209269,253374
2018-10-16,JAPANESE YEN ,30096,130717,-16938,-31518,-100621,160813,211210
2018-10-23,JAPANESE YEN ,29922,122726,-174,-7991,-92804,152648,205643
2018-10-30,JAPANESE YEN ,28854,120474,-1068,-2252,-91620,149328,203113
2018-07-24,JAPANESE YEN ,49993,123762,-27028,-11909,-73769,173755,200427
2018-07-31,JAPANESE YEN ,48016,116473,-1977,-7289,-68457,164489,197566
2018-06-05,JAPANESE YEN ,52060,55497,-11122,-15721,-3437,107557,146448
2018-05-01,JAPANESE YEN ,57349,58754,-1904,84,-1405,116103,160337
2018-05-08,JAPANESE YEN ,51812,57274,-5537,-1480,-5462,109086,157576
2018-05-15,JAPANESE YEN ,64926,61246,13114,3972,3680,126172,163411
2018-05-29,JAPANESE YEN ,63182,71218,-10654,-5385,-8036,134400,171339
2018-04-03,JAPANESE YEN ,48053,44481,-8491,-15731,3572,92534,148818
2018-04-10,JAPANESE YEN ,49855,47094,1802,2613,2761,96949,151202
2018-04-17,JAPANESE YEN ,49433,46842,-422,-252,2591,96275,147319
2018-04-24,JAPANESE YEN ,59253,58670,9820,11828,583,117923,155237
2018-03-06,JAPANESE YEN ,50057,136902,5518,-4288,-86845,186959,277327
2018-03-13,JAPANESE YEN ,44296,123835,-5761,-13067,-79539,168131,279671
2018-03-20,JAPANESE YEN ,47902,69901,3606,-53934,-21999,117803,160250
2018-03-27,JAPANESE YEN ,56544,60212,8642,-9689,-3668,116756,162038
2018-02-06,JAPANESE YEN ,39108,151984,-8720,-10540,-112876,191092,249478
2018-02-13,JAPANESE YEN ,42299,157808,3191,5824,-115509,200107,260170
2018-02-20,JAPANESE YEN ,45634,153972,3335,-3836,-108338,199606,271271
2018-02-27,JAPANESE YEN ,44539,141190,-1095,-12782,-96651,185729,263066
2018-01-02,JAPANESE YEN ,39592,161358,-4677,1003,-121766,200950,230564
2018-01-09,JAPANESE YEN ,37376,162912,-2216,1554,-125536,200288,233144
2018-01-16,JAPANESE YEN ,38152,157502,776,-5410,-119350,195654,236305
2018-01-23,JAPANESE YEN ,37260,160130,-892,2628,-122870,197390,241136
2018-01-30,JAPANESE YEN ,47828,162524,10568,2394,-114696,210352,260237
2017-12-05,JAPANESE YEN ,34766,149033,-5027,-1400,-114267,183799,238077
2017-12-12,JAPANESE YEN ,31747,145870,-3019,-3163,-114123,177617,250581
2017-12-19,JAPANESE YEN ,36874,151247,5127,5377,-114373,188121,223424
2017-12-26,JAPANESE YEN ,44269,160355,7395,9108,-116086,204624,232428
2017-11-07,JAPANESE YEN ,54336,182184,-249,8730,-127848,236520,287936
2017-11-14,JAPANESE YEN ,49347,185346,-4989,3162,-135999,234693,283628
2017-11-21,JAPANESE YEN ,44382,166984,-4965,-18362,-122602,211366,261019
2017-11-28,JAPANESE YEN ,39793,150433,-4589,-16551,-110640,190226,244536
2017-10-03,JAPANESE YEN ,58770,143413,15807,29103,-84643,202183,246889
2017-10-10,JAPANESE YEN ,51655,153074,-7115,9661,-101419,204729,254124
2017-10-17,JAPANESE YEN ,55010,156296,3355,3222,-101286,211306,257087
2017-10-24,JAPANESE YEN ,60077,176934,5067,20638,-116857,237011,282230
2017-10-31,JAPANESE YEN ,54585,173454,-5492,-3480,-118869,228039,277706
2017-09-05,JAPANESE YEN ,47285,120230,3396,7817,-72945,167515,213200
2017-09-12,JAPANESE YEN ,40642,97939,-6643,-22291,-57297,138581,200444
2017-09-19,JAPANESE YEN ,42435,93757,1793,-4182,-51322,136192,185352
2017-09-26,JAPANESE YEN ,42963,114310,528,20553,-71347,157273,207097
2017-08-01,JAPANESE YEN ,36445,148641,8427,-866,-112196,185086,242876
2017-08-08,JAPANESE YEN ,39810,135623,3365,-13018,-95813,175433,232827
2017-08-15,JAPANESE YEN ,43308,120800,3498,-14823,-77492,164108,215090
2017-08-22,JAPANESE YEN ,45162,119248,1854,-1552,-74086,164410,215457
2017-08-29,JAPANESE YEN ,43889,112413,-1273,-6835,-68524,156302,209890
2017-07-03,JAPANESE YEN ,43648,118684,5394,19080,-75036,162332,207597
2017-07-11,JAPANESE YEN ,40778,152903,-2870,34219,-112125,193681,239786
2017-07-18,JAPANESE YEN ,37419,164338,-3359,11435,-126919,201757,250071
2017-07-25,JAPANESE YEN ,28018,149507,-9401,-14831,-121489,177525,235140
2017-06-06,JAPANESE YEN ,39736,94763,-3668,-916,-55027,134499,225549
2017-06-13,JAPANESE YEN ,34160,84713,-5576,-10050,-50553,118873,210617
2017-06-20,JAPANESE YEN ,39498,89457,5338,4744,-49959,128955,171840
2017-06-27,JAPANESE YEN ,38254,99604,-1244,10147,-61350,137858,183705
2017-05-02,JAPANESE YEN ,37519,68002,-11019,-7405,-30483,105521,196845
2017-05-09,JAPANESE YEN ,42635,78942,5116,10940,-36307,121577,203140
2017-05-16,JAPANESE YEN ,41963,101971,-672,23029,-60008,143934,222510
2017-05-23,JAPANESE YEN ,41920,93576,-43,-8395,-51656,135496,211298
2017-05-30,JAPANESE YEN ,43404,95679,1484,2103,-52275,139083,213727
2017-04-04,JAPANESE YEN ,41313,87113,-1573,-8954,-45800,128426,194368
2017-04-11,JAPANESE YEN ,43316,78080,2003,-9033,-34764,121396,198381
2017-04-18,JAPANESE YEN ,45761,76224,2445,-1856,-30463,121985,203617
2017-04-25,JAPANESE YEN ,48538,75407,2777,-817,-26869,123945,204179
2017-03-07,JAPANESE YEN ,39203,93903,10191,14874,-54700,133106,217982
2017-03-14,JAPANESE YEN ,35563,106860,-3640,12957,-71297,142423,202647
2017-03-21,JAPANESE YEN ,35039,102026,-524,-4834,-66987,137065,191626
2017-03-28,JAPANESE YEN ,42886,96067,7847,-5959,-53181,138953,197542
2017-02-07,JAPANESE YEN ,25874,80934,-6342,-9613,-55060,106808,201632
2017-02-14,JAPANESE YEN ,27701,78985,1827,-1949,-51284,106686,204277
2017-02-21,JAPANESE YEN ,29954,80116,2253,1131,-50162,110070,205223
2017-02-28,JAPANESE YEN ,29012,79029,-942,-1087,-50017,108041,204602
2017-01-03,JAPANESE YEN ,8565,6420,0,0,2145,14985,220120
2017-01-10,JAPANESE YEN ,26041,105880,-11921,-18846,-79839,131921,209488
2017-01-17,JAPANESE YEN ,28560,106390,2519,510,-77830,134950,211752
2017-01-24,JAPANESE YEN ,27127,93967,-1433,-12423,-66840,121094,196765
2017-01-31,JAPANESE YEN ,32216,90547,5089,-3420,-58331,122763,204494
2016-12-06,JAPANESE YEN ,74367,108304,2243,35911,-33937,182671,235915
2016-12-13,JAPANESE YEN ,62432,125861,-11935,17557,-63429,188293,285274
2016-12-20,JAPANESE YEN ,64200,139649,1768,13788,-75449,203849,220435
2016-12-27,JAPANESE YEN ,40565,127574,-23635,-12075,-87009,168139,219343
2016-11-01,JAPANESE YEN ,81010,37850,-1375,60,43160,118860,165124
2016-11-08,JAPANESE YEN ,72619,40663,-8391,2813,31956,113282,164328
2016-11-15,JAPANESE YEN ,67085,46409,-5534,5746,20676,113494,170967
2016-11-22,JAPANESE YEN ,71183,60283,4098,13874,10900,131466,187684
2016-11-29,JAPANESE YEN ,72124,72393,941,12110,-269,144517,202171
2016-10-04,JAPANESE YEN ,101986,33291,4554,4751,68695,135277,157574
2016-10-11,JAPANESE YEN ,79279,33370,-22707,79,45909,112649,150394
2016-10-18,JAPANESE YEN ,74966,37975,-4313,4605,36991,112941,156607
2016-10-25,JAPANESE YEN ,82385,37790,7419,-185,44595,120175,163040
2016-09-06,JAPANESE YEN ,83968,29479,-7602,1570,54489,113447,159342
2016-09-13,JAPANESE YEN ,86140,29294,2172,-185,56846,115434,167340
2016-09-20,JAPANESE YEN ,85117,26332,-1023,-2962,58785,111449,140738
2016-09-27,JAPANESE YEN ,97432,28540,12315,2208,68892,125972,155170
2016-08-02,JAPANESE YEN ,76575,34875,2501,-4241,41700,111450,156696
2016-08-09,JAPANESE YEN ,86719,37888,10144,3013,48831,124607,167011
2016-08-16,JAPANESE YEN ,88273,32267,1554,-5621,56006,120540,165905
2016-08-23,JAPANESE YEN ,90387,30071,2114,-2196,60316,120458,164756
2016-08-30,JAPANESE YEN ,91570,27909,1183,-2162,63661,119479,164329
2016-07-05,JAPANESE YEN ,87037,23469,1544,-2274,63568,110506,150417
2016-07-12,JAPANESE YEN ,85364,37819,-1673,14350,47545,123183,161262
2016-07-19,JAPANESE YEN ,79864,40511,-5500,2692,39353,120375,158366
2016-07-26,JAPANESE YEN ,74074,39116,-5790,-1395,34958,113190,159869
2016-06-07,JAPANESE YEN ,68237,25384,21273,-6743,42853,93621,180894
2016-06-14,JAPANESE YEN ,77703,22013,9466,-3371,55690,99716,139052
2016-06-21,JAPANESE YEN ,79398,27102,1695,5089,52296,106500,144710
2016-06-28,JAPANESE YEN ,85493,25743,6095,-1359,59750,111236,143117
2016-05-03,JAPANESE YEN ,85627,24106,-11843,-6866,61521,109733,161529
2016-05-10,JAPANESE YEN ,88897,29850,3270,5744,59047,118747,165549
2016-05-17,JAPANESE YEN ,86165,27246,-2732,-2604,58919,113411,158909
2016-05-24,JAPANESE YEN ,54792,32733,-31373,5487,22059,87525,159833
2016-05-31,JAPANESE YEN ,46964,32127,-7828,-606,14837,79091,156499
2016-04-05,JAPANESE YEN ,98130,38057,13260,7574,60073,136187,166831
2016-04-12,JAPANESE YEN ,100120,33930,1990,-4127,66190,134050,173515
2016-04-19,JAPANESE YEN ,105710,33840,5590,-90,71870,139550,179888
2016-04-26,JAPANESE YEN ,97470,30972,-8240,-2868,66498,128442,168767
2016-03-01,JAPANESE YEN ,94070,34445,1694,-5197,59625,128515,261679
2016-03-08,JAPANESE YEN ,93867,29534,-203,-4911,64333,123401,289879
2016-03-15,JAPANESE YEN ,79426,33937,-14441,4403,45489,113363,140084
2016-03-22,JAPANESE YEN ,82812,29466,3386,-4471,53346,112278,146421
2016-03-29,JAPANESE YEN ,84870,30483,2058,1017,54387,115353,148292
2016-02-02,JAPANESE YEN ,82108,44863,-10520,2261,37245,126971,237289
2016-02-09,JAPANESE YEN ,75811,32579,-6297,-12284,43232,108390,237081
2016-02-16,JAPANESE YEN ,84518,36617,8707,4038,47901,121135,248985
2016-02-23,JAPANESE YEN ,92376,39642,7858,3025,52734,132018,257064
2016-01-05,JAPANESE YEN ,67471,63368,22463,1134,4103,130839,220707
2016-01-12,JAPANESE YEN ,78385,53119,10914,-10249,25266,131504,241366
2016-01-19,JAPANESE YEN ,84485,46832,6100,-6287,37653,131317,247614
2016-01-26,JAPANESE YEN ,92628,42602,8143,-4230,50026,135230,250711
2015-12-01,JAPANESE YEN ,31228,106129,951,-1484,-74901,137357,253505
2015-12-08,JAPANESE YEN ,26400,94450,-4828,-11679,-68050,120850,246055
2015-12-15,JAPANESE YEN ,37301,63881,10901,-30569,-26580,101182,194196
2015-12-22,JAPANESE YEN ,37677,68044,376,4163,-30367,105721,197375
2015-12-29,JAPANESE YEN ,45008,62234,7331,-5810,-17226,107242,196825
2015-11-03,JAPANESE YEN ,41489,85276,5052,14928,-43787,126765,204271
2015-11-10,JAPANESE YEN ,35081,101969,-6408,16693,-66888,137050,234202
2015-11-17,JAPANESE YEN ,34475,113086,-606,11117,-78611,147561,250346
2015-11-24,JAPANESE YEN ,30277,107613,-4198,-5473,-77336,137890,247513
2015-10-06,JAPANESE YEN ,39050,56649,-703,-5156,-17599,95699,170780
2015-10-13,JAPANESE YEN ,38004,51836,-1046,-4813,-13832,89840,169873
2015-10-20,JAPANESE YEN ,48747,52386,10743,550,-3639,101133,184281
2015-10-27,JAPANESE YEN ,36437,70348,-12310,17962,-33911,106785,189472
2015-09-01,JAPANESE YEN ,68023,83578,8101,-15403,-15555,151601,273205
2015-09-08,JAPANESE YEN ,63121,69783,-4902,-13795,-6662,132904,279712
2015-09-15,JAPANESE YEN ,36449,63263,-26672,-6520,-26814,99712,166081
2015-09-22,JAPANESE YEN ,48282,71960,11833,8697,-23678,120242,177439
2015-09-29,JAPANESE YEN ,39753,61805,-8529,-10155,-22052,101558,174697
2015-08-04,JAPANESE YEN ,49906,129622,3636,19814,-79716,179528,252655
2015-08-11,JAPANESE YEN ,45768,150994,-4138,21372,-105226,196762,264608
2015-08-18,JAPANESE YEN ,45935,136065,167,-14929,-90130,182000,251418
2015-08-25,JAPANESE YEN ,59922,98981,13987,-37084,-39059,158903,260458
2015-07-07,JAPANESE YEN ,46070,109699,591,-14602,-63629,155769,250828
2015-07-14,JAPANESE YEN ,49167,96538,3097,-13161,-47371,145705,247704
2015-07-21,JAPANESE YEN ,50899,113213,1732,16675,-62314,164112,251136
2015-07-28,JAPANESE YEN ,46270,109808,-4629,-3405,-63538,156078,246269
2015-06-02,JAPANESE YEN ,46681,132374,-3529,19940,-85693,179055,260104
2015-06-09,JAPANESE YEN ,42440,158726,-4241,26352,-116286,201166,306449
2015-06-16,JAPANESE YEN ,64760,145424,22320,-13302,-80664,210184,262329
2015-06-23,JAPANESE YEN ,39019,126736,-25741,-18688,-87717,165755,247839
2015-06-30,JAPANESE YEN ,45479,124301,6460,-2435,-78822,169780,254014
2015-05-05,JAPANESE YEN ,41852,73035,-6869,18821,-31183,114887,198886
2015-05-12,JAPANESE YEN ,37848,61441,-4004,-11594,-23593,99289,193296
2015-05-19,JAPANESE YEN ,63398,85403,25550,23962,-22005,148801,231658
2015-05-26,JAPANESE YEN ,50210,112434,-13188,27031,-62224,162644,251744
2015-04-07,JAPANESE YEN ,53320,77769,8911,9436,-24449,131089,189444
2015-04-14,JAPANESE YEN ,54783,77853,1463,84,-23070,132636,195230
2015-04-21,JAPANESE YEN ,51520,65968,-3263,-11885,-14448,117488,189332
2015-04-28,JAPANESE YEN ,48721,54214,-2799,-11754,-5493,102935,188079
2015-03-03,JAPANESE YEN ,33944,86465,2333,7342,-52521,120409,210611
2015-03-10,JAPANESE YEN ,32898,92285,-1046,5820,-59387,125183,235089
2015-03-17,JAPANESE YEN ,44496,92550,11598,265,-48054,137046,195913
2015-03-24,JAPANESE YEN ,39156,85061,-5340,-7489,-45905,124217,181026
2015-03-31,JAPANESE YEN ,44409,68333,5253,-16728,-23924,112742,177478
2015-02-03,JAPANESE YEN ,25586,85157,-940,-6027,-59571,110743,203963
2015-02-10,JAPANESE YEN ,25884,81008,298,-4149,-55124,106892,204193
2015-02-17,JAPANESE YEN ,31269,80360,5385,-648,-49091,111629,203555
2015-02-24,JAPANESE YEN ,31611,79123,342,-1237,-47512,110734,202438
2015-01-06,JAPANESE YEN ,33160,123243,4324,-1912,-90083,156403,228954
2015-01-13,JAPANESE YEN ,25872,120497,-7288,-2746,-94625,146369,231223
2015-01-20,JAPANESE YEN ,26525,104411,653,-16086,-77886,130936,215413
2015-01-27,JAPANESE YEN ,26526,91184,1,-13227,-64658,117710,202571
2014-12-09,JAPANESE YEN ,38067,142203,-3463,-10487,-104136,180270,279859
2014-12-16,JAPANESE YEN ,45652,132579,7585,-9624,-86927,178231,227685
2014-12-23,JAPANESE YEN ,29021,122763,-16631,-9816,-93742,151784,226107
2014-12-30,JAPANESE YEN ,28836,125155,-185,2392,-96319,153991,226629
2014-11-04,JAPANESE YEN ,37917,109568,14034,18286,-71651,147485,207974
2014-11-11,JAPANESE YEN ,47271,129834,9354,20266,-82563,177105,227576
2014-11-18,JAPANESE YEN ,46612,139066,-659,9232,-92454,185678,238898
2014-10-07,JAPANESE YEN ,24837,137388,-5073,-13400,-112551,162225,223255
2014-10-14,JAPANESE YEN ,22839,123986,-1998,-13402,-101147,146825,212420
2014-10-21,JAPANESE YEN ,26634,98372,3795,-25614,-71738,125006,185412
2014-10-28,JAPANESE YEN ,23883,91282,-2751,-7090,-67399,115165,184120
2014-09-02,JAPANESE YEN ,15485,132793,-4027,10390,-117308,148278,230937
2014-09-09,JAPANESE YEN ,17280,117953,1795,-14840,-100673,135233,255624
2014-09-16,JAPANESE YEN ,37617,120799,20337,2846,-83182,158416,208235
2014-09-23,JAPANESE YEN ,28391,133813,-9226,13014,-105422,162204,222214
2014-09-30,JAPANESE YEN ,29910,150788,1519,16975,-120878,180698,239477
2014-08-05,JAPANESE YEN ,9896,105295,2068,24398,-95399,115191,192906
2014-08-12,JAPANESE YEN ,12518,93615,2622,-11680,-81097,106133,192140
2014-08-19,JAPANESE YEN ,17976,105247,5458,11632,-87271,123223,203180
2014-08-26,JAPANESE YEN ,19512,122403,1536,17156,-102891,141915,218009
2014-07-01,JAPANESE YEN ,18739,77425,8414,-4123,-58686,96164,156480
2014-07-08,JAPANESE YEN ,11174,77549,-7565,124,-66375,88723,157710
2014-07-15,JAPANESE YEN ,8385,71333,-2789,-6216,-62948,79718,155127
2014-07-22,JAPANESE YEN ,11979,65895,3594,-5438,-53916,77874,162029
2014-07-29,JAPANESE YEN ,7828,80897,-4151,15002,-73069,88725,172210
2014-06-03,JAPANESE YEN ,12578,86796,-4421,10761,-74218,99374,171804
2014-06-10,JAPANESE YEN ,11893,94055,-685,7259,-82162,105948,201094
2014-06-17,JAPANESE YEN ,17832,85870,5939,-8185,-68038,103702,153007
2014-06-24,JAPANESE YEN ,10325,81548,-7507,-4322,-71223,91873,148257
2014-05-06,JAPANESE YEN ,20381,81109,6535,-3089,-60728,101490,167093
2014-05-13,JAPANESE YEN ,17471,82178,-2910,1069,-64707,99649,164707
2014-05-20,JAPANESE YEN ,18681,72468,1210,-9710,-53787,91149,164819
2014-05-27,JAPANESE YEN ,16999,76035,-1682,3567,-59036,93034,162820
2014-04-01,JAPANESE YEN ,22162,110800,4562,24313,-88638,132962,188464
2014-04-08,JAPANESE YEN ,13340,100802,-8822,-9998,-87462,114142,181814
2014-04-15,JAPANESE YEN ,14351,83067,1011,-17735,-68716,97418,164843
2014-04-22,JAPANESE YEN ,16564,83807,2213,740,-67243,100371,165674
2014-04-29,JAPANESE YEN ,13846,84198,-2718,391,-70352,98044,168820
2014-03-04,JAPANESE YEN ,20407,100116,5680,299,-79709,120523,205886
2014-03-11,JAPANESE YEN ,15726,115082,-4681,14966,-99356,130808,242170
2014-03-18,JAPANESE YEN ,24144,85243,8418,-29839,-61099,109387,156922
2014-03-25,JAPANESE YEN ,17600,86487,-6544,1244,-68887,104087,158280
2014-02-04,JAPANESE YEN ,15896,92725,-81,-9444,-76829,108621,199361
2014-02-11,JAPANESE YEN ,13686,92472,-2210,-253,-78786,106158,196435
2014-02-18,JAPANESE YEN ,16736,96520,3050,4048,-79784,113256,200057
2014-02-25,JAPANESE YEN ,14727,99817,-2009,3297,-85090,114544,203743
2014-01-07,JAPANESE YEN ,11340,140208,-2934,-9294,-128868,151548,230156
2014-01-14,JAPANESE YEN ,10754,128820,-586,-11388,-118066,139574,218324
2014-01-21,JAPANESE YEN ,13128,128089,2374,-731,-114961,141217,217548
2014-01-28,JAPANESE YEN ,15977,102169,2849,-25920,-86192,118146,203014
2013-12-03,JAPANESE YEN ,21290,154673,-2709,7472,-133383,175963,245167
2013-12-10,JAPANESE YEN ,18085,147796,-3205,-6877,-129711,165881,262229
2013-12-17,JAPANESE YEN ,22225,152448,4140,4652,-130223,174673,232743
2013-12-24,JAPANESE YEN ,14261,158083,-7964,5635,-143822,172344,239160
2013-11-05,JAPANESE YEN ,18734,92526,1251,12648,-73792,111260,169004
2013-11-12,JAPANESE YEN ,20977,116084,2243,23558,-95107,137061,195690
2013-11-19,JAPANESE YEN ,19424,131640,-1553,15556,-112216,151064,214211
2013-11-26,JAPANESE YEN ,23999,147201,4575,15561,-123202,171200,236713
2013-10-01,JAPANESE YEN ,18634,100958,461,-10033,-82324,119592,170525
2013-10-08,JAPANESE YEN ,28165,85262,9531,-15696,-57097,113427,165957
2013-10-15,JAPANESE YEN ,25392,84658,-2773,-604,-59266,110050,159871
2013-10-22,JAPANESE YEN ,13928,85730,-11464,1072,-71802,99658,152938
2013-10-29,JAPANESE YEN ,17483,79878,3555,-5852,-62395,97361,151987
2013-09-03,JAPANESE YEN ,27665,107426,4269,5677,-79761,135091,178360
2013-09-10,JAPANESE YEN ,18854,113920,-8811,6494,-95066,132774,197099
2013-09-17,JAPANESE YEN ,26088,114882,7234,962,-88794,140970,177045
2013-09-24,JAPANESE YEN ,18173,110991,-7915,-3891,-92818,129164,174892
2013-08-06,JAPANESE YEN ,19421,99634,1205,-717,-80213,119055,172059
2013-08-13,JAPANESE YEN ,17375,91837,-2046,-7797,-74462,109212,159496
2013-08-20,JAPANESE YEN ,19720,91441,2345,-396,-71721,111161,162168
2013-08-27,JAPANESE YEN ,23396,101749,3676,10308,-78353,125145,175588
2013-07-02,JAPANESE YEN ,27336,98072,2960,12234,-70736,125408,178926
2013-07-09,JAPANESE YEN ,25117,105422,-2219,7350,-80305,130539,185249
2013-07-16,JAPANESE YEN ,20220,105982,-4897,560,-85762,126202,182429
2013-07-23,JAPANESE YEN ,22513,110009,2293,4027,-87496,132522,187250
2013-07-30,JAPANESE YEN ,18216,100351,-4297,-9658,-82135,118567,174872
2013-06-04,JAPANESE YEN ,19176,101920,770,-16255,-82744,121096,219135
2013-06-11,JAPANESE YEN ,21722,94628,2546,-7292,-72906,116350,243644
2019-12-24,JAPANESE YEN ,40592,74134,-2826,-11346,-33542,114726,173142
2013-05-07,JAPANESE YEN ,27886,106446,3014,10447,-78560,134332,209370
2013-05-14,JAPANESE YEN ,28882,117289,996,10843,-88407,146171,229746
2013-05-21,JAPANESE YEN ,19454,114640,-9428,-2649,-95186,134094,227826
2013-05-28,JAPANESE YEN ,18406,118175,-1048,3535,-99769,136581,231012
2013-04-02,JAPANESE YEN ,46966,125137,35,-10943,-78171,172103,213997
2013-04-09,JAPANESE YEN ,39699,117396,-7267,-7741,-77697,157095,220626
2013-04-16,JAPANESE YEN ,26448,119859,-13251,2463,-93411,146307,214577
2013-04-23,JAPANESE YEN ,25942,105672,-506,-14187,-79730,131614,204150
2013-04-30,JAPANESE YEN ,24872,95999,-1070,-9673,-71127,120871,198106
2013-03-05,JAPANESE YEN ,50958,124309,-1040,6967,-73351,175267,241938
2013-03-12,JAPANESE YEN ,51240,145003,282,20694,-93763,196243,288474
2013-03-26,JAPANESE YEN ,46931,136080,-8477,679,-89149,183011,220896
2013-02-05,JAPANESE YEN ,50667,119080,2191,-642,-68413,169747,217709
2013-02-12,JAPANESE YEN ,55782,117088,5115,-1992,-61306,172870,215036
2013-02-19,JAPANESE YEN ,54662,120553,-1120,3465,-65891,175215,218241
2013-02-26,JAPANESE YEN ,51998,117342,-2664,-3211,-65344,169340,216323
2013-01-08,JAPANESE YEN ,32129,106225,1697,-4724,-74096,138354,193295
2013-01-15,JAPANESE YEN ,39447,105174,7318,-1051,-65727,144621,196509
2013-01-22,JAPANESE YEN ,41983,106051,2536,877,-64068,148034,202225
2013-01-29,JAPANESE YEN ,48476,119722,6493,13671,-71246,168198,219635
2012-12-04,JAPANESE YEN ,20929,111255,-6098,4762,-90326,132184,220982
2012-12-11,JAPANESE YEN ,16369,110770,-4560,-485,-94401,127139,267582
2012-12-18,JAPANESE YEN ,27935,117098,11566,6328,-89163,145033,196662
2012-12-24,JAPANESE YEN ,26757,112365,-1178,-4733,-85608,139122,195705
2012-12-31,JAPANESE YEN ,30432,110949,3675,-1416,-80517,141381,194632
2012-11-06,JAPANESE YEN ,24966,65070,5080,8164,-40104,90036,161552
2012-11-13,JAPANESE YEN ,21980,52427,-2986,-12643,-30447,74407,155931
2012-11-20,JAPANESE YEN ,28272,79661,6292,27234,-51389,107933,180979
2012-11-27,JAPANESE YEN ,27027,106493,-1245,26832,-79466,133520,208130
2012-10-02,JAPANESE YEN ,52696,23361,5378,-2846,29335,76057,141693
2012-10-09,JAPANESE YEN ,40778,27864,-11918,4503,12914,68642,127442
2012-10-16,JAPANESE YEN ,42767,32681,1989,4817,10086,75448,131343
2012-10-23,JAPANESE YEN ,25550,43746,-17217,11065,-18196,69296,137135
2012-10-30,JAPANESE YEN ,19886,56906,-5664,13160,-37020,76792,147135
2012-09-04,JAPANESE YEN ,55133,31126,1562,-889,24007,86259,152452
2012-09-11,JAPANESE YEN ,60862,28089,5729,-3037,32773,88951,176618
2012-09-18,JAPANESE YEN ,41500,26024,-19362,-2065,15476,67524,128862
2012-09-25,JAPANESE YEN ,47318,26207,5818,183,21111,73525,137692
2012-08-07,JAPANESE YEN ,55883,28344,510,5225,27539,84227,148998
2012-08-14,JAPANESE YEN ,55983,25279,100,-3065,30704,81262,151036
2012-08-21,JAPANESE YEN ,43584,32413,-12399,7134,11171,75997,141458
2012-08-28,JAPANESE YEN ,53571,32015,9987,-398,21556,85586,149444
2012-07-03,JAPANESE YEN ,36950,32775,-6960,-6593,4175,69725,117403
2012-07-10,JAPANESE YEN ,32920,23968,-4030,-8807,8952,56888,115522
2012-07-17,JAPANESE YEN ,36734,25613,3814,1645,11121,62347,121806
2012-07-24,JAPANESE YEN ,52024,26963,15290,1350,25061,78987,139033
2012-07-31,JAPANESE YEN ,55373,23119,3349,-3844,32254,78492,144095
2012-06-05,JAPANESE YEN ,37376,25303,15756,-7647,12073,62679,169663
2012-06-12,JAPANESE YEN ,38182,25875,806,572,12307,64057,174278
2012-06-19,JAPANESE YEN ,44740,29603,6558,3728,15137,74343,123868
2012-06-26,JAPANESE YEN ,43910,39368,-830,9765,4542,83278,123247
2012-05-01,JAPANESE YEN ,14110,64283,1441,-4289,-50173,78393,140349
2012-05-08,JAPANESE YEN ,16369,57462,2259,-6821,-41093,73831,141842
2012-05-15,JAPANESE YEN ,17455,51770,1086,-5692,-34315,69225,139275
2012-05-22,JAPANESE YEN ,20483,38498,3028,-13272,-18015,58981,142168
2012-05-29,JAPANESE YEN ,21620,32950,1137,-5548,-11330,54570,140684
2012-04-03,JAPANESE YEN ,14563,79671,3658,1144,-65108,94234,150382
2012-04-10,JAPANESE YEN ,16097,82181,1534,2510,-66084,98278,150875
2012-04-17,JAPANESE YEN ,16917,74720,820,-7461,-57803,91637,144168
2012-04-24,JAPANESE YEN ,12669,68572,-4248,-6148,-55903,81241,137636
2012-03-06,JAPANESE YEN ,33281,52639,-18277,-122,-19358,85920,147952
2012-03-13,JAPANESE YEN ,22249,64629,-11032,11990,-42380,86878,196396
2012-03-20,JAPANESE YEN ,34923,60744,12674,-3885,-25821,95667,139769
2012-03-27,JAPANESE YEN ,10905,78527,-24018,17783,-67622,89432,145497
2012-02-07,JAPANESE YEN ,84847,29676,3793,5291,55171,114523,178512
2012-02-14,JAPANESE YEN ,64096,34637,-20751,4961,29459,98733,153683
2012-02-21,JAPANESE YEN ,62062,44805,-2034,10168,17257,106867,150551
2012-02-28,JAPANESE YEN ,51558,52761,-10504,7956,-1203,104319,148310
2012-01-03,JAPANESE YEN ,72986,16505,20295,-13601,56481,89491,158719
2012-01-10,JAPANESE YEN ,76671,17014,3685,509,59657,93685,163533
2012-01-17,JAPANESE YEN ,78355,19493,1684,2479,58862,97848,168070
2012-01-24,JAPANESE YEN ,66194,21827,-12161,2334,44367,88021,152061
2012-01-31,JAPANESE YEN ,81054,24385,14860,2558,56669,105439,172967
2011-12-06,JAPANESE YEN ,56817,18546,655,2931,38271,75363,178625
2011-12-13,JAPANESE YEN ,52249,16649,-4568,-1897,35600,68898,204818
2011-12-20,JAPANESE YEN ,52148,27672,-101,11023,24476,79820,132006
2011-12-27,JAPANESE YEN ,52691,30106,543,2434,22585,82797,132557
2011-11-01,JAPANESE YEN ,43671,17767,-32328,-3953,25904,61438,138045
2011-11-08,JAPANESE YEN ,44320,16243,649,-1524,28077,60563,138981
2011-11-15,JAPANESE YEN ,49916,16236,5596,-7,33680,66152,142233
2011-11-22,JAPANESE YEN ,57018,13838,7102,-2398,43180,70856,149571
2011-11-29,JAPANESE YEN ,56162,15615,-856,1777,40547,71777,166279
2011-10-04,JAPANESE YEN ,60867,17405,-299,-1439,43462,78272,134724
2011-10-11,JAPANESE YEN ,54190,19071,-6677,1666,35119,73261,153849
2011-10-18,JAPANESE YEN ,49047,22140,-5143,3069,26907,71187,152255
2011-10-25,JAPANESE YEN ,75999,21720,26952,-420,54279,97719,165616
2011-09-06,JAPANESE YEN ,48125,15338,-6011,2387,32787,63463,123412
2011-09-13,JAPANESE YEN ,53778,18823,5653,3485,34955,72601,151535
2011-09-20,JAPANESE YEN ,63888,18271,10110,-552,45617,82159,127828
2011-09-27,JAPANESE YEN ,61166,18844,-2722,573,42322,80010,125732
2011-08-02,JAPANESE YEN ,78855,20022,6741,-790,58833,98877,148888
2011-08-09,JAPANESE YEN ,53386,11237,-25469,-8785,42149,64623,119904
2011-08-16,JAPANESE YEN ,59060,11712,5674,475,47348,70772,126262
2011-08-23,JAPANESE YEN ,60831,13692,1771,1980,47139,74523,131217
2011-08-30,JAPANESE YEN ,54136,12951,-6695,-741,41185,67087,126128
2011-07-05,JAPANESE YEN ,34595,20268,276,-428,14327,54863,94901
2011-07-12,JAPANESE YEN ,52277,23989,17682,3721,28288,76266,115846
2011-07-19,JAPANESE YEN ,63535,21380,11258,-2609,42155,84915,129653
2011-07-26,JAPANESE YEN ,72114,20812,8579,-568,51302,92926,138932
2011-06-07,JAPANESE YEN ,35883,18252,11697,-7582,17631,54135,106199
2011-06-14,JAPANESE YEN ,38618,13850,2735,-4402,24768,52468,94483
2011-06-21,JAPANESE YEN ,47074,14480,8456,630,32594,61554,99071
2011-06-28,JAPANESE YEN ,34319,20696,-12755,6216,13623,55015,94286
2011-05-03,JAPANESE YEN ,19779,38598,5716,-12462,-18819,58377,104590
2011-05-10,JAPANESE YEN ,36100,23046,16321,-15552,13054,59146,102289
2011-05-17,JAPANESE YEN ,38016,22643,1916,-403,15373,60659,103453
2011-05-24,JAPANESE YEN ,32188,24182,-5828,1539,8006,56370,99264
2011-05-31,JAPANESE YEN ,24186,25834,-8002,1652,-1648,50020,95929
2011-04-05,JAPANESE YEN ,16516,59747,-21221,29062,-43231,76263,120632
2011-04-12,JAPANESE YEN ,14183,67060,-2333,7313,-52877,81243,130084
2011-04-19,JAPANESE YEN ,12935,65918,-1248,-1142,-52983,78853,127838
2011-04-26,JAPANESE YEN ,14063,51060,1128,-14858,-36997,65123,114134
2011-03-01,JAPANESE YEN ,62396,21122,38939,-30081,41274,83518,136561
2011-03-08,JAPANESE YEN ,43205,26549,-19191,5427,16656,69754,131247
2011-03-15,JAPANESE YEN ,52603,22373,9398,-4176,30230,74976,114701
2011-03-22,JAPANESE YEN ,52484,17959,-119,-4414,34525,70443,112051
2011-03-29,JAPANESE YEN ,37737,30685,-14747,12726,7052,68422,100377
2011-02-01,JAPANESE YEN ,52648,21167,-1847,-1110,31481,73815,116384
2011-02-08,JAPANESE YEN ,56607,19876,3959,-1291,36731,76483,117705
2011-02-15,JAPANESE YEN ,24389,42937,-32218,23061,-18548,67326,116803
2011-02-22,JAPANESE YEN ,23457,51203,-932,8266,-27746,74660,124016
2011-01-04,JAPANESE YEN ,65924,26859,15983,6559,39065,92783,128483
2011-01-11,JAPANESE YEN ,43884,19148,-22040,-7711,24736,63032,107132
2011-01-18,JAPANESE YEN ,46258,25729,2374,6581,20529,71987,110405
2011-01-25,JAPANESE YEN ,54495,22277,8237,-3452,32218,76772,116661
2010-12-07,JAPANESE YEN ,47661,24373,-8130,-1412,23288,72034,132233
2010-12-14,JAPANESE YEN ,34996,22261,-12665,-2112,12735,57257,96110
2010-12-21,JAPANESE YEN ,34243,21714,-753,-547,12529,55957,90072
2010-12-28,JAPANESE YEN ,49941,20300,15698,-1414,29641,70241,109343
2010-11-02,JAPANESE YEN ,63061,16606,1756,-1570,46455,79667,140062
2010-11-09,JAPANESE YEN ,54256,17602,-8805,996,36654,71858,140515
2010-11-16,JAPANESE YEN ,47595,24737,-6661,7135,22858,72332,131701
2010-11-23,JAPANESE YEN ,51161,23969,3566,-768,27192,75130,129620
2010-11-30,JAPANESE YEN ,55791,25785,4630,1816,30006,81576,133069
2010-10-05,JAPANESE YEN ,66866,17660,21730,1190,49206,84526,142488
2010-10-12,JAPANESE YEN ,66463,18178,-403,518,48285,84641,146581
2010-10-19,JAPANESE YEN ,62554,16698,-3909,-1480,45856,79252,139496
2010-10-26,JAPANESE YEN ,61305,18176,-1249,1478,43129,79481,139850
2010-09-07,JAPANESE YEN ,65440,13257,4221,1942,52183,78697,150513
2010-09-14,JAPANESE YEN ,61215,13573,-4225,316,47642,74788,134360
2010-09-21,JAPANESE YEN ,39948,16848,-21267,3275,23100,56796,113349
2010-09-28,JAPANESE YEN ,45136,16470,5188,-378,28666,61606,118274
2010-08-03,JAPANESE YEN ,61723,13725,13235,-4842,47998,75448,133870
2010-08-10,JAPANESE YEN ,65314,12836,3591,-889,52478,78150,136999
2010-08-17,JAPANESE YEN ,62745,12776,-2569,-60,49969,75521,137645
2010-08-24,JAPANESE YEN ,63086,12017,341,-759,51069,75103,140128
2010-08-31,JAPANESE YEN ,61219,11315,-1867,-702,49904,72534,139079
2010-07-06,JAPANESE YEN ,62476,24550,10755,256,37926,87026,135128
2010-07-13,JAPANESE YEN ,63205,15846,729,-8704,47359,79051,133665
2010-07-20,JAPANESE YEN ,54733,13822,-8472,-2024,40911,68555,127658
2010-07-27,JAPANESE YEN ,48488,18567,-6245,4745,29921,67055,124595
2010-06-01,JAPANESE YEN ,33215,39699,1221,-2533,-6484,72914,133365
2010-06-08,JAPANESE YEN ,28519,41066,-4696,1367,-12547,69585,133010
2010-06-15,JAPANESE YEN ,23304,26984,-5215,-14082,-3680,50288,82217
2010-06-22,JAPANESE YEN ,29257,25627,5953,-1357,3630,54884,91415
2010-06-29,JAPANESE YEN ,51721,24294,22464,-1333,27427,76015,120484
2010-05-04,JAPANESE YEN ,12430,78042,-2588,13247,-65612,90472,147243
2010-05-11,JAPANESE YEN ,23265,57934,10835,-20108,-34669,81199,146389
2010-05-18,JAPANESE YEN ,21393,55682,-1872,-2252,-34289,77075,142699
2010-05-25,JAPANESE YEN ,31994,42232,10601,-13450,-10238,74226,140769
2010-04-06,JAPANESE YEN ,18596,60901,1422,12861,-42305,79497,123837
2010-04-13,JAPANESE YEN ,12573,68319,-6023,7418,-55746,80892,131723
2010-04-20,JAPANESE YEN ,14211,64549,1638,-3770,-50338,78760,134324
2010-04-27,JAPANESE YEN ,15018,64795,807,246,-49777,79813,137780
2010-03-02,JAPANESE YEN ,57332,24780,26900,-3935,32552,82112,133600
2010-03-09,JAPANESE YEN ,51919,25631,-5413,851,26288,77550,137443
2010-03-16,JAPANESE YEN ,41278,26081,-10641,450,15197,67359,95999
2010-03-23,JAPANESE YEN ,41030,30869,-248,4788,10161,71899,96913
2010-03-30,JAPANESE YEN ,17174,48040,-23856,17171,-30866,65214,109417
2010-02-02,JAPANESE YEN ,30177,23042,1356,-10126,7135,53219,116129
2010-02-09,JAPANESE YEN ,41352,18956,11175,-4086,22396,60308,120060
2010-02-16,JAPANESE YEN ,35691,21779,-5661,2823,13912,57470,119816
2010-02-23,JAPANESE YEN ,30432,28715,-5259,6936,1717,59147,122919
2010-01-05,JAPANESE YEN ,20634,37445,691,2599,-16811,58079,104231
2010-01-12,JAPANESE YEN ,21951,38695,1317,1250,-16744,60646,120568
2010-01-19,JAPANESE YEN ,23718,40814,1767,2119,-17096,64532,122367
2010-01-26,JAPANESE YEN ,28821,33168,5103,-7646,-4347,61989,119819
2009-12-01,JAPANESE YEN ,73793,16886,8569,3372,56907,90679,144123
2009-12-08,JAPANESE YEN ,48754,13572,-25039,-3314,35182,62326,123501
2009-12-15,JAPANESE YEN ,33810,25438,-14944,11866,8372,59248,88438
2009-12-22,JAPANESE YEN ,29477,30488,-4333,5050,-1011,59965,93224
2009-12-29,JAPANESE YEN ,19943,34846,-9534,4358,-14903,54789,95217
2009-11-03,JAPANESE YEN ,39028,19196,2952,650,19832,58224,110032
2009-11-09,JAPANESE YEN ,42044,20166,3016,970,21878,62210,117344
2009-11-17,JAPANESE YEN ,48750,13198,6706,-6968,35552,61948,125908
2009-11-24,JAPANESE YEN ,65224,13514,16474,316,51710,78738,131833
2009-10-06,JAPANESE YEN ,62127,17484,-1322,-1109,44643,79611,120340
2009-10-13,JAPANESE YEN ,49817,16478,-12310,-1006,33339,66295,119052
2009-10-20,JAPANESE YEN ,49401,18216,-416,1738,31185,67617,120630
2009-10-27,JAPANESE YEN ,36076,18546,-13325,330,17530,54622,115161
2009-09-01,JAPANESE YEN ,52041,19676,17986,-2732,32365,71717,107605
2009-09-08,JAPANESE YEN ,56725,15926,4684,-3750,40799,72651,115249
2009-09-15,JAPANESE YEN ,54044,16937,-2681,1011,37107,70981,108330
2009-09-22,JAPANESE YEN ,63269,17654,9225,717,45615,80923,119425
2009-09-29,JAPANESE YEN ,63449,18593,180,939,44856,82042,119276
2009-08-04,JAPANESE YEN ,28269,17654,-9065,4622,10615,45923,80101
2009-08-11,JAPANESE YEN ,24019,23195,-4250,5541,824,47214,70654
2009-08-18,JAPANESE YEN ,25121,22768,1102,-427,2353,47889,72642
2009-08-25,JAPANESE YEN ,34055,22408,8934,-360,11647,56463,86500
2009-07-07,JAPANESE YEN ,36668,19551,13407,-4757,17117,56219,89956
2009-07-14,JAPANESE YEN ,52640,19073,15972,-478,33567,71713,110140
2009-07-21,JAPANESE YEN ,52973,16785,333,-2288,36188,69758,110610
2009-07-28,JAPANESE YEN ,37334,13032,-15639,-3753,24302,50366,90649
2009-06-02,JAPANESE YEN ,34077,24456,-783,-2395,9621,58533,96969
2009-06-09,JAPANESE YEN ,25222,27521,-8855,3065,-2299,52743,93527
2009-06-16,JAPANESE YEN ,18287,26850,-6935,-671,-8563,45137,62998
2009-06-23,JAPANESE YEN ,22186,26193,3899,-657,-4007,48379,73797
2009-06-30,JAPANESE YEN ,23261,24308,1075,-1885,-1047,47569,73476
2009-05-05,JAPANESE YEN ,21588,28106,-574,1365,-6518,49694,75595
2009-05-12,JAPANESE YEN ,28513,26125,6925,-1981,2388,54638,85709
2009-05-19,JAPANESE YEN ,29526,23526,1013,-2599,6000,53052,90204
2009-05-26,JAPANESE YEN ,34860,26851,5334,3325,8009,61711,96706
2009-04-07,JAPANESE YEN ,25566,32564,-1178,-3643,-6998,58130,84138
2009-04-14,JAPANESE YEN ,21169,27264,-4397,-5300,-6095,48433,82017
2009-04-21,JAPANESE YEN ,18343,32038,-2826,4774,-13695,50381,74215
2009-04-28,JAPANESE YEN ,22162,26741,3819,-5297,-4579,48903,75734
2009-03-03,JAPANESE YEN ,46618,26548,-644,7921,20070,73166,110223
2009-03-10,JAPANESE YEN ,43326,24420,-3292,-2128,18906,67746,114020
2009-03-17,JAPANESE YEN ,27170,31866,-16156,7446,-4696,59036,70507
2009-03-24,JAPANESE YEN ,25057,32719,-2113,853,-7662,57776,69923
2009-03-31,JAPANESE YEN ,26744,36207,1687,3488,-9463,62951,76607
2009-02-03,JAPANESE YEN ,65131,14613,1762,251,50518,79744,117069
2009-02-10,JAPANESE YEN ,56870,13273,-8261,-1340,43597,70143,106751
2009-02-17,JAPANESE YEN ,54653,18465,-2217,5192,36188,73118,108685
2009-02-24,JAPANESE YEN ,47262,18627,-7391,162,28635,65889,108705
2009-01-06,JAPANESE YEN ,62615,16221,4822,2304,46394,78836,110160
2009-01-13,JAPANESE YEN ,60480,15585,-2135,-636,44895,76065,107714
2009-01-20,JAPANESE YEN ,62529,15439,2049,-146,47090,77968,113171
2009-01-27,JAPANESE YEN ,63369,14362,840,-1077,49007,77731,115063
2008-12-02,JAPANESE YEN ,67743,24840,5677,-60,42903,92583,138994
2008-12-09,JAPANESE YEN ,62978,19719,-4765,-5121,43259,82697,166059
2008-12-16,JAPANESE YEN ,59985,18604,-2993,-1115,41381,78589,110472
2008-12-22,JAPANESE YEN ,56334,16236,-3651,-2368,40098,72570,105339
2008-12-30,JAPANESE YEN ,57793,13917,1459,-2319,43876,71710,105926
2008-11-04,JAPANESE YEN ,46772,20278,-4443,889,26494,67050,129500
2008-11-11,JAPANESE YEN ,46353,21842,-419,1564,24511,68195,130102
2008-11-18,JAPANESE YEN ,46827,22693,474,851,24134,69520,129694
2008-11-25,JAPANESE YEN ,62066,24900,15239,2207,37166,86966,131206
2008-10-07,JAPANESE YEN ,61557,21744,-7816,-4607,39813,83301,158003
2008-10-14,JAPANESE YEN ,51709,21805,-9848,61,29904,73514,132983
2008-10-21,JAPANESE YEN ,51441,21320,-268,-485,30121,72761,138768
2008-10-28,JAPANESE YEN ,51215,19389,-226,-1931,31826,70604,143020
2008-09-02,JAPANESE YEN ,38405,43425,-1698,-16648,-5020,81830,205813
2008-09-09,JAPANESE YEN ,39298,24477,893,-18948,14821,63775,206916
2008-09-16,JAPANESE YEN ,50625,24025,11327,-452,26600,74650,132133
2008-09-23,JAPANESE YEN ,51186,19247,561,-4778,31939,70433,141677
2008-09-30,JAPANESE YEN ,69373,26351,18187,7104,43022,95724,159908
2008-08-05,JAPANESE YEN ,45898,57979,6736,12537,-12081,103877,200818
2008-08-12,JAPANESE YEN ,46164,59413,266,1434,-13249,105577,208622
2008-08-19,JAPANESE YEN ,40933,64071,-5231,4658,-23138,105004,212982
2008-08-26,JAPANESE YEN ,40103,60073,-830,-3998,-19970,100176,209138
2008-07-01,JAPANESE YEN ,45189,29184,10873,-17879,16005,74373,175598
2008-07-08,JAPANESE YEN ,40519,35194,-4670,6010,5325,75713,175428
2008-07-15,JAPANESE YEN ,77600,27495,37081,-7699,50105,105095,213992
2008-07-22,JAPANESE YEN ,48433,37909,-29167,10414,10524,86342,187785
2008-07-29,JAPANESE YEN ,39162,45442,-9271,7533,-6280,84604,178959
2008-06-03,JAPANESE YEN ,55009,31644,-7898,2041,23365,86653,164454
2008-06-10,JAPANESE YEN ,43391,35675,-11618,4031,7716,79066,202372
2008-06-17,JAPANESE YEN ,39989,34132,-3402,-1543,5857,74121,161544
2008-06-24,JAPANESE YEN ,34316,47063,-5673,12931,-12747,81379,164015
2008-05-06,JAPANESE YEN ,69355,20620,-4130,2585,48735,89975,169098
2008-05-13,JAPANESE YEN ,62209,28393,-7146,7773,33816,90602,174423
2008-05-20,JAPANESE YEN ,65203,25155,2994,-3238,40048,90358,165388
2008-05-27,JAPANESE YEN ,62907,29603,-2296,4448,33304,92510,171688
2008-04-01,JAPANESE YEN ,78135,25837,-10556,3066,52298,103972,189206
2008-04-08,JAPANESE YEN ,70424,27357,-7711,1520,43067,97781,182491
2008-04-15,JAPANESE YEN ,68950,20978,-1474,-6379,47972,89928,177514
2008-04-22,JAPANESE YEN ,60353,25266,-8597,4288,35087,85619,172737
2008-04-29,JAPANESE YEN ,73485,18035,13132,-7231,55450,91520,166940
2008-03-04,JAPANESE YEN ,94654,38369,24466,2470,56285,133023,254859
2008-03-11,JAPANESE YEN ,86383,36230,-8271,-2139,50153,122613,234069
2008-03-18,JAPANESE YEN ,82300,26541,-4083,-9689,55759,108841,193580
2008-03-25,JAPANESE YEN ,88691,22771,6391,-3770,65920,111462,196616
2008-02-05,JAPANESE YEN ,83740,29050,4930,3168,54690,112790,225290
2008-02-12,JAPANESE YEN ,73955,30484,-9785,1434,43471,104439,231216
2008-02-19,JAPANESE YEN ,80805,30361,6850,-123,50444,111166,237223
2008-02-26,JAPANESE YEN ,70188,35899,-10617,5538,34289,106087,235856
2008-01-08,JAPANESE YEN ,62356,24883,17249,-19304,37473,87239,193786
2008-01-15,JAPANESE YEN ,64712,27513,2356,2630,37199,92225,202548
2008-01-22,JAPANESE YEN ,67896,26054,3184,-1459,41842,93950,193308
2008-01-29,JAPANESE YEN ,78810,25882,10914,-172,52928,104692,206162
2007-12-04,JAPANESE YEN ,73463,39378,5359,2606,34085,112841,195761
2007-12-11,JAPANESE YEN ,68557,37654,-4906,-1724,30903,106211,218614
2007-12-18,JAPANESE YEN ,54075,40718,-14482,3064,13357,94793,176620
2007-12-24,JAPANESE YEN ,46961,42948,-7114,2230,4013,89909,180033
2007-12-31,JAPANESE YEN ,45107,44187,-1854,1239,920,89294,181412
2007-11-06,JAPANESE YEN ,59945,68842,2484,1432,-8897,128787,216041
2007-11-13,JAPANESE YEN ,63338,42542,3393,-26300,20796,105880,190955
2007-11-20,JAPANESE YEN ,68020,37619,4682,-4923,30401,105639,193209
2007-11-27,JAPANESE YEN ,68104,36772,84,-847,31332,104876,192574
2007-10-02,JAPANESE YEN ,35521,63590,-10530,15090,-28069,99111,197060
2007-10-09,JAPANESE YEN ,36321,82078,800,18488,-45757,118399,224347
2007-10-16,JAPANESE YEN ,45607,84220,9286,2142,-38613,129827,228334
2007-10-23,JAPANESE YEN ,46369,67723,762,-16497,-21354,114092,225032
2007-10-30,JAPANESE YEN ,57461,67410,11092,-313,-9949,124871,222002
2007-09-04,JAPANESE YEN ,58339,65392,-7789,9110,-7053,123731,269834
2007-09-11,JAPANESE YEN ,62733,57148,4394,-8244,5585,119881,299538
2007-09-18,JAPANESE YEN ,41534,62601,-21199,5453,-21067,104135,168189
2007-09-25,JAPANESE YEN ,46051,48500,4517,-14101,-2449,94551,171770
2007-08-07,JAPANESE YEN ,47110,81603,510,-16159,-34493,128713,263905
2007-08-14,JAPANESE YEN ,57759,79648,10649,-1955,-21889,137407,278398
2007-08-21,JAPANESE YEN ,61218,59702,3459,-19946,1516,120920,273008
2007-08-28,JAPANESE YEN ,66128,56282,4910,-3420,9846,122410,276995
2007-07-03,JAPANESE YEN ,43373,198511,-6038,-38977,-155138,241884,326811
2007-07-10,JAPANESE YEN ,51549,177439,8176,-21072,-125890,228988,320333
2007-07-17,JAPANESE YEN ,50431,177204,-1118,-235,-126773,227635,303595
2007-07-24,JAPANESE YEN ,51088,143503,657,-33701,-92415,194591,284669
2007-07-31,JAPANESE YEN ,46600,97762,-4488,-45741,-51162,144362,264271
2007-06-05,JAPANESE YEN ,53781,177787,2480,-19757,-124006,231568,311288
2007-06-12,JAPANESE YEN ,48791,176353,-4990,-1434,-127562,225144,380532
2007-06-19,JAPANESE YEN ,45218,206579,-3573,30226,-161361,251797,310083
2007-06-26,JAPANESE YEN ,49411,237488,4193,30909,-188077,286899,352299
2007-05-01,JAPANESE YEN ,47618,166400,9718,46728,-118782,214018,279868
2007-05-08,JAPANESE YEN ,51213,163472,3595,-2928,-112259,214685,284780
2007-05-15,JAPANESE YEN ,46650,174546,-4563,11074,-127896,221196,297263
2007-05-22,JAPANESE YEN ,52301,204047,5651,29501,-151746,256348,326431
2007-05-29,JAPANESE YEN ,51301,197544,-1000,-6503,-146243,248845,319048
2007-04-03,JAPANESE YEN ,36845,100703,-920,15458,-63858,137548,221748
2007-04-10,JAPANESE YEN ,42718,107559,5873,6856,-64841,150277,230370
2007-04-17,JAPANESE YEN ,43281,113800,563,6241,-70519,157081,234796
2007-04-24,JAPANESE YEN ,37900,119672,-5381,5872,-81772,157572,235531
2007-03-06,JAPANESE YEN ,30479,93365,-8904,-60644,-62886,123844,278491
2007-03-13,JAPANESE YEN ,38194,91047,7715,-2318,-52853,129241,281602
2007-03-20,JAPANESE YEN ,34269,84222,-3925,-6825,-49953,118491,176550
2007-03-27,JAPANESE YEN ,37765,85245,3496,1023,-47480,123010,204073
2007-02-06,JAPANESE YEN ,41025,169551,-1554,-46033,-128526,210576,314920
2007-02-13,JAPANESE YEN ,43467,210972,2442,41421,-167505,254439,361809
2007-02-20,JAPANESE YEN ,42286,158481,-1181,-52491,-116195,200767,332216
2007-02-27,JAPANESE YEN ,39383,154009,-2903,-4472,-114626,193392,328295
2007-01-03,JAPANESE YEN ,54819,173411,-810,12868,-118592,228230,280541
2007-01-09,JAPANESE YEN ,54341,177684,-478,4273,-123343,232025,287999
2007-01-16,JAPANESE YEN ,56031,194177,1690,16493,-138146,250208,308740
2007-01-23,JAPANESE YEN ,52200,217060,-3831,22883,-164860,269260,344998
2007-01-30,JAPANESE YEN ,42579,215584,-9621,-1476,-173005,258163,344070
2006-12-05,JAPANESE YEN ,62344,85881,6311,-12110,-23537,148225,268136
2006-12-12,JAPANESE YEN ,50622,106182,-11722,20301,-55560,156804,276919
2006-12-19,JAPANESE YEN ,48950,141469,-1672,35287,-92519,190419,239042
2006-12-26,JAPANESE YEN ,55629,160543,6679,19074,-104914,216172,262764
2006-11-07,JAPANESE YEN ,48102,111614,1326,5238,-63512,159716,229063
2006-11-14,JAPANESE YEN ,48106,103118,4,-8496,-55012,151224,233573
2006-11-21,JAPANESE YEN ,50648,131069,2542,27951,-80421,181717,258327
2006-11-28,JAPANESE YEN ,56033,97991,5385,-33078,-41958,154024,252107
2006-10-03,JAPANESE YEN ,47430,151581,4912,21705,-104151,199011,243819
2006-10-10,JAPANESE YEN ,50595,174193,3165,22612,-123598,224788,267803
2006-10-17,JAPANESE YEN ,53173,165751,2578,-8442,-112578,218924,261575
2006-10-24,JAPANESE YEN ,50401,187691,-2772,21940,-137290,238092,282998
2006-10-31,JAPANESE YEN ,46776,106376,-3625,-81315,-59600,153152,226607
2006-09-05,JAPANESE YEN ,32941,102439,-979,-19810,-69498,135380,228792
2006-09-12,JAPANESE YEN ,34942,134394,2001,31955,-99452,169336,275585
2006-09-19,JAPANESE YEN ,34955,125759,13,-8635,-90804,160714,225098
2006-09-26,JAPANESE YEN ,42518,129876,7563,4117,-87358,172394,221240
2006-08-01,JAPANESE YEN ,25391,68375,-908,-34810,-42984,93766,195626
2006-08-08,JAPANESE YEN ,25031,76822,-360,8447,-51791,101853,198570
2006-08-15,JAPANESE YEN ,29646,91920,4615,15098,-62274,121566,216492
2006-08-22,JAPANESE YEN ,30853,105930,1207,14010,-75077,136783,227195
2006-08-29,JAPANESE YEN ,33920,122249,3067,16319,-88329,156169,244441
2006-07-03,JAPANESE YEN ,25330,49239,140,-11523,-23909,74569,168688
2006-07-11,JAPANESE YEN ,27639,48343,2309,-896,-20704,75982,173470
2006-07-18,JAPANESE YEN ,27724,96773,85,48430,-69049,124497,203567
2006-07-25,JAPANESE YEN ,26299,103185,-1425,6412,-76886,129484,208508
2006-06-06,JAPANESE YEN ,47148,26145,-8871,-4133,21003,73293,201843
2006-06-13,JAPANESE YEN ,39360,48957,-7788,22812,-9597,88317,243513
2006-06-20,JAPANESE YEN ,23877,46884,-15483,-2073,-23007,70761,161290
2006-06-27,JAPANESE YEN ,25190,60762,1313,13878,-35572,85952,174066
2006-05-02,JAPANESE YEN ,44389,41700,3392,-5787,2689,86089,206400
2006-05-09,JAPANESE YEN ,46769,27925,2380,-13775,18844,74694,210545
2006-05-16,JAPANESE YEN ,47053,27932,284,7,19121,74985,212386
2006-05-23,JAPANESE YEN ,49669,31340,2616,3408,18329,81009,211949
2006-05-30,JAPANESE YEN ,56019,30278,6350,-1062,25741,86297,208512
2006-04-04,JAPANESE YEN ,30603,63319,3374,5678,-32716,93922,189732
2006-04-11,JAPANESE YEN ,36213,90684,5610,27365,-54471,126897,205630
2006-04-18,JAPANESE YEN ,38749,79890,2536,-10794,-41141,118639,202039
2006-04-25,JAPANESE YEN ,40997,47487,2248,-32403,-6490,88484,201415
2006-03-07,JAPANESE YEN ,36738,78569,-4849,14161,-41831,115307,248612
2006-03-14,JAPANESE YEN ,24814,70103,-11924,-8466,-45289,94917,189513
2006-03-21,JAPANESE YEN ,23115,52471,-1699,-17632,-29356,75586,175962
2006-03-28,JAPANESE YEN ,27229,57641,4114,5170,-30412,84870,180101
2006-02-07,JAPANESE YEN ,31219,87566,-1068,13534,-56347,118785,197898
2006-02-14,JAPANESE YEN ,27560,82617,-3659,-4949,-55057,110177,195644
2006-02-21,JAPANESE YEN ,26959,98143,-601,15526,-71184,125102,203465
2006-02-28,JAPANESE YEN ,41587,64408,14628,-33735,-22821,105995,201773
2006-01-03,JAPANESE YEN ,22192,46929,5194,7802,-24737,69121,155722
2006-01-10,JAPANESE YEN ,30472,50001,8280,3072,-19529,80473,169886
2006-01-17,JAPANESE YEN ,30062,48321,-410,-1680,-18259,78383,167681
2006-01-24,JAPANESE YEN ,29698,48976,-364,655,-19278,78674,166600
2006-01-31,JAPANESE YEN ,32287,74032,2589,25056,-41745,106319,188724
2005-12-06,JAPANESE YEN ,26712,98355,4086,11729,-71643,125067,220313
2005-12-13,JAPANESE YEN ,22221,94284,-4491,-4071,-72063,116505,243599
2005-12-20,JAPANESE YEN ,12322,38427,-9899,-55857,-26105,50749,139503
2005-12-27,JAPANESE YEN ,16998,39127,4676,700,-22129,56125,148945
2005-11-01,JAPANESE YEN ,19862,86164,-236,-616,-66302,106026,195803
2005-11-08,JAPANESE YEN ,19428,84056,-434,-2108,-64628,103484,197715
2005-11-15,JAPANESE YEN ,21147,88378,1719,4322,-67231,109525,203137
2005-11-22,JAPANESE YEN ,21037,86921,-110,-1457,-65884,107958,204816
2005-11-29,JAPANESE YEN ,22626,86626,1589,-295,-64000,109252,206878
2005-10-04,JAPANESE YEN ,16352,79651,2883,7116,-63299,96003,167979
2005-10-11,JAPANESE YEN ,18745,84780,2393,5129,-66035,103525,176161
2005-10-18,JAPANESE YEN ,20214,86855,1469,2075,-66641,107069,199678
2005-10-25,JAPANESE YEN ,20098,86780,-116,-75,-66682,106878,195218
2005-09-06,JAPANESE YEN ,8017,42389,76,-13217,-34372,50406,175986
2005-09-13,JAPANESE YEN ,10280,45214,2263,2825,-34934,55494,189247
2005-09-20,JAPANESE YEN ,11954,59583,1674,14369,-47629,71537,127850
2005-09-27,JAPANESE YEN ,13469,72535,1515,12952,-59066,86004,138571
2005-08-02,JAPANESE YEN ,9337,52488,1305,-3312,-43151,61825,165281
2005-08-09,JAPANESE YEN ,12768,61428,3431,8940,-48660,74196,177994
2005-08-16,JAPANESE YEN ,12423,38808,-345,-22620,-26385,51231,166923
2005-08-23,JAPANESE YEN ,9358,40724,-3065,1916,-31366,50082,166538
2005-07-05,JAPANESE YEN ,11579,63765,735,1076,-52186,75344,156517
2005-07-12,JAPANESE YEN ,10830,73906,-749,10141,-63076,84736,162959
2005-07-19,JAPANESE YEN ,9165,68221,-1665,-5685,-59056,77386,168697
2005-07-26,JAPANESE YEN ,8032,55800,-1133,-12421,-47768,63832,161014
2005-06-07,JAPANESE YEN ,5295,42406,-1172,-12496,-37111,47701,185988
2005-06-14,JAPANESE YEN ,8991,61022,3696,18616,-52031,70013,144048
2005-06-21,JAPANESE YEN ,11128,49102,2137,-11920,-37974,60230,139726
2005-06-28,JAPANESE YEN ,10844,62689,-284,13587,-51845,73533,147872
2005-05-03,JAPANESE YEN ,21832,35963,10617,-7754,-14131,57795,160185
2005-05-10,JAPANESE YEN ,20771,30334,-1061,-5629,-9563,51105,160836
2005-05-17,JAPANESE YEN ,11663,59546,-9108,29212,-47883,71209,189032
2005-05-24,JAPANESE YEN ,10629,49460,-1034,-10086,-38831,60089,184022
2005-05-31,JAPANESE YEN ,6467,54902,-4162,5442,-48435,61369,183593
2005-04-05,JAPANESE YEN ,9686,46128,-1347,4906,-36442,55814,127406
2005-04-12,JAPANESE YEN ,11954,56150,2268,10022,-44196,68104,133228
2005-04-19,JAPANESE YEN ,6927,61624,-5027,5474,-54697,68551,143178
2005-04-26,JAPANESE YEN ,11215,43717,4288,-17907,-32502,54932,138788
2005-03-01,JAPANESE YEN ,13422,20545,-656,-19468,-7123,33967,153631
2005-03-08,JAPANESE YEN ,13350,23136,-72,2591,-9786,36486,171109
2005-03-15,JAPANESE YEN ,13944,19290,594,-3846,-5346,33234,107434
2005-03-22,JAPANESE YEN ,15675,27578,1731,8288,-11903,43253,108865
2005-03-29,JAPANESE YEN ,11033,41222,-4642,13644,-30189,52255,114268
2005-02-01,JAPANESE YEN ,31214,30815,-2394,-1869,399,62029,167125
2005-02-08,JAPANESE YEN ,19798,34088,-11416,3273,-14290,53886,155552
2005-02-15,JAPANESE YEN ,13017,36710,-6781,2622,-23693,49727,151987
2005-02-22,JAPANESE YEN ,14078,40013,1061,3303,-25935,54091,154084
2005-01-04,JAPANESE YEN ,33972,11252,-5268,-235,22720,45224,155870
2005-01-11,JAPANESE YEN ,35208,11463,1236,211,23745,46671,161868
2005-01-18,JAPANESE YEN ,39872,31993,4664,20530,7879,71865,171109
2005-01-25,JAPANESE YEN ,33608,32684,-6264,691,924,66292,162182
